0 0.0859375 0.62578125 0.0375 0.05234375
0 0.21328125 0.95546875 0.034375 0.04765625
0 0.20546875 0.88203125 0.028125 0.04609375
0 0.3109375 0.91328125 0.034375 0.04375
0 0.26875 0.93984375 0.028125 0.03125
0 0.65546875 0.85390625 0.03125 0.03359375
0 0.63515625 0.84609375 0.034375 0.04140625
0 0.73203125 0.85703125 0.0296875 0.04375
0 0.86484375 0.55 0.0328125 0.05
0 0.859375 0.74609375 0.03125 0.03359375
0 0.94609375 0.65390625 0.0421875 0.04765625
0 0.8375 0.54296875 0.034375 0.03515625
0 0.95234375 0.453125 0.0265625 0.03515625
0 0.91484375 0.309375 0.034375 0.03984375
0 0.871875 0.22421875 0.0296875 0.0375
0 0.83515625 0.29296875 0.0390625 0.03359375
0 0.76171875 0.34921875 0.03125 0.03984375
0 0.87890625 0.27890625 0.0375 0.04609375
0 0.9609375 0.11328125 0.028125 0.04375
0 0.87265625 0.07421875 0.0328125 0.04609375
0 0.8453125 0.03203125 0.0296875 0.05
0 0.6828125 0.13125 0.04375 0.04765625
0 0.65546875 0.16875 0.034375 0.04375
0 0.63046875 0.30078125 0.0328125 0.04765625
0 0.590625 0.46171875 0.028125 0.03125
0 0.55859375 0.4875 0.0375 0.03984375
0 0.49765625 0.65078125 0.034375 0.04765625
0 0.40859375 0.57421875 0.0328125 0.03359375
0 0.28828125 0.68203125 0.0375 0.04609375
0 0.39453125 0.5375 0.028125 0.0375
0 0.39296875 0.46015625 0.03125 0.0375
0 0.38828125 0.421875 0.0359375 0.04140625
0 0.33359375 0.428125 0.0359375 0.02734375
0 0.33515625 0.44296875 0.0359375 0.03125
0 0.2578125 0.50390625 0.0375 0.04765625
0 0.18203125 0.43125 0.0375 0.04140625
0 0.16171875 0.3875 0.03125 0.04140625
0 0.1265625 0.31875 0.0328125 0.04375
0 0.13984375 0.109375 0.034375 0.05234375
0 0.0328125 0.31484375 0.040625 0.04140625
0 0.025 0.31171875 0.028125 0.03984375
0 0.36796875 0.79921875 0.0390625 0.04765625
0 0.33125 0.32890625 0.05 0.05234375
0 0.3984375 0.346875 0.028125 0.03515625
0 0.4859375 0.309375 0.034375 0.03125
0 0.60546875 0.22109375 0.0390625 0.03984375
0 0.5265625 0.125 0.034375 0.04375
0 0.4359375 0.02421875 0.0296875 0.03515625
0 0.409375 0.14921875 0.025 0.03515625
0 0.43046875 0.165625 0.0421875 0.03515625
0 0.3984375 0.20546875 0.0390625 0.04765625
0 0.428125 0.25078125 0.03125 0.04609375
0 0.409375 0.309375 0.03125 0.02890625
0 0.884375 0.203125 0.025 0.0375
0 0.6421875 0.65078125 0.0375 0.03984375
0 0.5359375 0.5625 0.034375 0.05390625
0 0.44453125 0.628125 0.040625 0.04140625
0 0.58203125 0.68984375 0.0296875 0.03359375
0 0.56953125 0.653125 0.0296875 0.03515625
0 0.13671875 0.109375 0.05625 0.05
0 0.36640625 0.26484375 0.0328125 0.0375
0 0.86171875 0.43984375 0.0328125 0.03984375
0 0.92265625 0.06015625 0.028125 0.03515625
1 0.54296875 0.68828125 0.1265625 0.15234375
1 0.13828125 0.10703125 0.0671875 0.06875
1 0.36796875 0.27734375 0.0859375 0.0875
1 0.628125 0.84375 0.059375 0.06640625