0 0.0703125 0.62421875 0.04375 0.05625
0 0.2015625 0.95 0.0359375 0.04765625
0 0.1859375 0.88984375 0.028125 0.04609375
0 0.29921875 0.9125 0.034375 0.04375
0 0.6421875 0.853125 0.03125 0.03984375
0 0.634375 0.846875 0.034375 0.04140625
0 0.7125 0.84609375 0.0328125 0.03984375
0 0.86015625 0.74765625 0.03125 0.03359375
0 0.91640625 0.64453125 0.0421875 0.04765625
0 0.80390625 0.48828125 0.0375 0.04609375
0 0.84765625 0.30625 0.034375 0.03984375
0 0.86796875 0.22265625 0.0296875 0.0375
0 0.83125 0.26015625 0.0296875 0.03515625
0 0.753125 0.353125 0.028125 0.03984375
0 0.8546875 0.97421875 0.0375 0.04609375
0 0.959375 0.10546875 0.028125 0.04375
0 0.8640625 0.06796875 0.0328125 0.04609375
0 0.84296875 0.03359375 0.0296875 0.05
0 0.675 0.12421875 0.040625 0.04765625
0 0.65 0.171875 0.034375 0.04375
0 0.61015625 0.29296875 0.0328125 0.04765625
0 0.58828125 0.45859375 0.028125 0.03125
0 0.55625 0.48671875 0.0375 0.03984375
0 0.4953125 0.65703125 0.034375 0.04765625
0 0.40390625 0.57734375 0.0328125 0.03359375
0 0.384375 0.55234375 0.028125 0.0375
0 0.3859375 0.45625 0.03125 0.03984375
0 0.36328125 0.40625 0.0359375 0.04140625
0 0.3328125 0.428125 0.0359375 0.02734375
0 0.33359375 0.44296875 0.0359375 0.03125
0 0.2328125 0.50625 0.0375 0.04765625
0 0.16953125 0.43359375 0.0375 0.04140625
0 0.15546875 0.3875 0.03125 0.04140625
0 0.1234375 0.31796875 0.0328125 0.04375
0 0.0328125 0.31484375 0.040625 0.04140625
0 0.02421875 0.31015625 0.028125 0.03984375
0 0.3625 0.80703125 0.0390625 0.04765625
0 0.321875 0.32890625 0.05 0.05234375
0 0.4 0.34453125 0.028125 0.03515625
0 0.48359375 0.31171875 0.034375 0.03359375
0 0.5953125 0.215625 0.040625 0.05234375
0 0.4296875 0.04453125 0.034375 0.04375
0 0.43046875 0.025 0.0296875 0.03515625
0 0.40703125 0.15859375 0.0296875 0.03984375
0 0.428125 0.16796875 0.0421875 0.03515625
0 0.38359375 0.20859375 0.0390625 0.04765625
0 0.4296875 0.24609375 0.03125 0.04609375
0 0.40078125 0.3 0.028125 0.03359375
0 0.8765625 0.1875 0.03125 0.04375
0 0.63671875 0.65390625 0.034375 0.03984375
0 0.5359375 0.5625 0.034375 0.05390625
0 0.58203125 0.68984375 0.0296875 0.03359375
0 0.56953125 0.653125 0.0296875 0.03515625
0 0.1203125 0.10234375 0.05625 0.05
0 0.36640625 0.26484375 0.0328125 0.0375
0 0.415625 0.40234375 0.0296875 0.04609375
0 0.76640625 0.29140625 0.034375 0.04140625
0 0.95546875 0.99453125 0.0203125 0.01015625
0 0.07890625 0.79375 0.0296875 0.03984375
0 0.815625 0.46171875 0.034375 0.04375
0 0.2890625 0.184375 0.0296875 0.04140625
0 0.14609375 0.734375 0.03125 0.04140625
0 0.4859375 0.903125 0.03125 0.03984375
0 0.93125 0.77109375 0.028125 0.04140625
1 0.54296875 0.68828125 0.1265625 0.15234375
1 0.13828125 0.10703125 0.0671875 0.06875
1 0.36796875 0.27734375 0.0859375 0.0875
1 0.628125 0.84375 0.059375 0.06640625