0 0.04921875 0.60546875 0.04375 0.05625
0 0.19140625 0.94296875 0.0359375 0.04765625
0 0.18046875 0.88359375 0.028125 0.04609375
0 0.26640625 0.90234375 0.0375 0.04375
0 0.63125 0.85546875 0.03125 0.03984375
0 0.59453125 0.84375 0.034375 0.04765625
0 0.64296875 0.87109375 0.0328125 0.03984375
0 0.8609375 0.75625 0.03125 0.03359375
0 0.89765625 0.63671875 0.0421875 0.04765625
0 0.7921875 0.38828125 0.0375 0.04609375
0 0.66640625 0.321875 0.0359375 0.03984375
0 0.85859375 0.215625 0.0296875 0.0375
0 0.79296875 0.22578125 0.0296875 0.03515625
0 0.721875 0.36015625 0.028125 0.03984375
0 0.95234375 0.103125 0.028125 0.04375
0 0.85078125 0.06171875 0.0328125 0.04609375
0 0.8203125 0.028125 0.0296875 0.05
0 0.6515625 0.11328125 0.0390625 0.04765625
0 0.63515625 0.16484375 0.034375 0.04375
0 0.61640625 0.28671875 0.0328125 0.04765625
0 0.578125 0.45 0.028125 0.03125
0 0.54921875 0.48359375 0.0375 0.03984375
0 0.48046875 0.67109375 0.034375 0.04765625
0 0.3828125 0.56953125 0.0328125 0.03984375
0 0.36796875 0.54296875 0.028125 0.0375
0 0.36953125 0.44765625 0.03125 0.03984375
0 0.346875 0.38828125 0.0359375 0.04140625
0 0.33203125 0.428125 0.0359375 0.02734375
0 0.33125 0.44296875 0.0359375 0.03125
0 0.22578125 0.5 0.0375 0.04765625
0 0.1578125 0.440625 0.0375 0.03984375
0 0.1015625 0.36875 0.0375 0.05234375
0 0.1203125 0.31640625 0.0328125 0.04375
0 0.0328125 0.31484375 0.040625 0.04140625
0 0.0234375 0.309375 0.028125 0.03984375
0 0.36796875 0.79609375 0.0390625 0.04765625
0 0.30859375 0.32421875 0.05 0.05234375
0 0.4015625 0.346875 0.028125 0.03515625
0 0.46875 0.31171875 0.034375 0.04140625
0 0.58515625 0.2125 0.040625 0.05234375
0 0.42109375 0.03515625 0.0296875 0.03515625
0 0.409375 0.1625 0.03125 0.04140625
0 0.39296875 0.190625 0.0421875 0.03515625
0 0.3578125 0.203125 0.0390625 0.04765625
0 0.42578125 0.25078125 0.03125 0.04609375
0 0.390625 0.30390625 0.0265625 0.03515625
0 0.86015625 0.17734375 0.03125 0.04375
0 0.6296875 0.653125 0.034375 0.03984375
0 0.5359375 0.5625 0.034375 0.05390625
0 0.58203125 0.68984375 0.0296875 0.03359375
0 0.56953125 0.653125 0.0296875 0.03515625
0 0.11484375 0.1 0.05625 0.05
0 0.36640625 0.26484375 0.0328125 0.0375
0 0.328125 0.8375 0.0296875 0.0375
0 0.29375 0.25859375 0.0296875 0.04140625
0 0.0171875 0.88828125 0.0265625 0.04609375
0 0.10859375 0.746875 0.040625 0.0375
0 0.42421875 0.921875 0.03125 0.03984375
0 0.328125 0.93671875 0.03125 0.04375
0 0.20078125 0.98515625 0.0328125 0.02890625
0 0.96171875 0.43515625 0.0265625 0.04375
0 0.61875 0.36953125 0.0296875 0.04375
1 0.54296875 0.68828125 0.1265625 0.15234375
1 0.13828125 0.10703125 0.0671875 0.06875
1 0.36796875 0.27734375 0.0859375 0.0875
1 0.628125 0.84375 0.059375 0.06640625