0 0.06171875 0.61015625 0.04375 0.05625
0 0.196875 0.94765625 0.0359375 0.04765625
0 0.184375 0.88828125 0.028125 0.04609375
0 0.29296875 0.91171875 0.034375 0.04375
0 0.63984375 0.853125 0.03125 0.03984375
0 0.63046875 0.84609375 0.034375 0.04140625
0 0.67421875 0.909375 0.0328125 0.03984375
0 0.86015625 0.75 0.03125 0.03359375
0 0.90546875 0.63828125 0.0421875 0.04765625
0 0.7734375 0.53828125 0.0375 0.04609375
0 0.82421875 0.30234375 0.034375 0.03984375
0 0.86796875 0.21875 0.0296875 0.0375
0 0.81953125 0.24921875 0.0296875 0.03515625
0 0.74609375 0.353125 0.028125 0.03984375
0 0.95703125 0.103125 0.028125 0.04375
0 0.859375 0.06484375 0.0328125 0.04609375
0 0.8390625 0.03046875 0.0296875 0.05
0 0.6640625 0.115625 0.0390625 0.04765625
0 0.64609375 0.17109375 0.034375 0.04375
0 0.6078125 0.29140625 0.0328125 0.04765625
0 0.58671875 0.45703125 0.028125 0.03125
0 0.55625 0.48671875 0.0375 0.03984375
0 0.49453125 0.65625 0.034375 0.04765625
0 0.39921875 0.578125 0.0328125 0.0375
0 0.38125 0.55546875 0.028125 0.0375
0 0.38359375 0.45625 0.03125 0.03984375
0 0.3609375 0.40390625 0.0359375 0.04140625
0 0.33203125 0.428125 0.0359375 0.02734375
0 0.33359375 0.44296875 0.0359375 0.03125
0 0.23046875 0.509375 0.0375 0.04765625
0 0.16640625 0.4375 0.0375 0.04140625
0 0.15 0.384375 0.03125 0.04140625
0 0.121875 0.315625 0.0328125 0.04375
0 0.0328125 0.31484375 0.040625 0.04140625
0 0.02421875 0.31015625 0.028125 0.03984375
0 0.35859375 0.80859375 0.0390625 0.04765625
0 0.31796875 0.328125 0.05 0.05234375
0 0.4 0.34453125 0.028125 0.03515625
0 0.48125 0.31171875 0.034375 0.03125
0 0.59375 0.215625 0.040625 0.05234375
0 0.415625 0.034375 0.034375 0.04375
0 0.4265625 0.02734375 0.0296875 0.03515625
0 0.40625 0.16484375 0.03125 0.04140625
0 0.41953125 0.196875 0.0421875 0.03515625
0 0.37890625 0.209375 0.0390625 0.04765625
0 0.42734375 0.24296875 0.03125 0.04609375
0 0.396875 0.296875 0.0265625 0.03515625
0 0.865625 0.18203125 0.03125 0.04375
0 0.6359375 0.653125 0.034375 0.03984375
0 0.5359375 0.5625 0.034375 0.05390625
0 0.58203125 0.68984375 0.0296875 0.03359375
0 0.56953125 0.653125 0.0296875 0.03515625
0 0.11953125 0.10234375 0.05625 0.05
0 0.36640625 0.26484375 0.0328125 0.0375
0 0.9046875 0.34921875 0.034375 0.04375
0 0.08359375 0.86328125 0.03125 0.04140625
0 0.13046875 0.25703125 0.0296875 0.03984375
0 0.34921875 0.425 0.03125 0.03984375
0 0.99296875 0.45859375 0.0140625 0.03125
0 0.89453125 0.59453125 0.028125 0.03125
0 0.21015625 0.99140625 0.03125 0.01640625
0 0.81875 0.12578125 0.034375 0.0375
1 0.54296875 0.68828125 0.1265625 0.15234375
1 0.13828125 0.10703125 0.0671875 0.06875
1 0.36796875 0.27734375 0.0859375 0.0875
1 0.628125 0.84375 0.059375 0.06640625