0 0.0671875 0.6125 0.04375 0.05625
0 0.1984375 0.94921875 0.0359375 0.04765625
0 0.184375 0.88984375 0.028125 0.04609375
0 0.29609375 0.9125 0.034375 0.04375
0 0.640625 0.853125 0.03125 0.03984375
0 0.63203125 0.84609375 0.034375 0.04140625
0 0.71484375 0.88828125 0.0328125 0.03984375
0 0.86015625 0.74921875 0.03125 0.03359375
0 0.9109375 0.64140625 0.0421875 0.04765625
0 0.83671875 0.46015625 0.0375 0.04609375
0 0.82890625 0.30078125 0.034375 0.03984375
0 0.86796875 0.22109375 0.0296875 0.0375
0 0.82265625 0.25390625 0.0296875 0.03515625
0 0.74765625 0.353125 0.028125 0.03984375
0 0.9578125 0.10390625 0.028125 0.04375
0 0.86171875 0.065625 0.0328125 0.04609375
0 0.840625 0.03203125 0.0296875 0.05
0 0.66875 0.11875 0.0390625 0.04765625
0 0.64765625 0.171875 0.034375 0.04375
0 0.6078125 0.29140625 0.0328125 0.04765625
0 0.5875 0.45703125 0.028125 0.03125
0 0.55625 0.48671875 0.0375 0.03984375
0 0.49453125 0.65625 0.034375 0.04765625
0 0.4015625 0.58046875 0.0328125 0.03515625
0 0.38203125 0.553125 0.028125 0.0375
0 0.3828125 0.45546875 0.03125 0.03984375
0 0.3609375 0.40546875 0.0359375 0.04140625
0 0.33203125 0.428125 0.0359375 0.02734375
0 0.33359375 0.44296875 0.0359375 0.03125
0 0.2296875 0.50703125 0.0375 0.04765625
0 0.16875 0.43515625 0.0375 0.04140625
0 0.153125 0.3875 0.03125 0.04140625
0 0.12265625 0.31796875 0.0328125 0.04375
0 0.0328125 0.31484375 0.040625 0.04140625
0 0.02421875 0.31015625 0.028125 0.03984375
0 0.359375 0.80859375 0.0390625 0.04765625
0 0.3203125 0.328125 0.05 0.05234375
0 0.4 0.34453125 0.028125 0.03515625
0 0.48203125 0.31171875 0.034375 0.03125
0 0.59453125 0.215625 0.040625 0.05234375
0 0.41953125 0.04296875 0.034375 0.04375
0 0.428125 0.02578125 0.0296875 0.03515625
0 0.40703125 0.16171875 0.0296875 0.03984375
0 0.42578125 0.175 0.0421875 0.03515625
0 0.38046875 0.209375 0.0390625 0.04765625
0 0.428125 0.24375 0.03125 0.04609375
0 0.39765625 0.296875 0.0265625 0.03515625
0 0.87109375 0.184375 0.03125 0.04375
0 0.63671875 0.653125 0.034375 0.03984375
0 0.5359375 0.5625 0.034375 0.05390625
0 0.58203125 0.68984375 0.0296875 0.03359375
0 0.56953125 0.653125 0.0296875 0.03515625
0 0.11953125 0.10234375 0.05625 0.05
0 0.36640625 0.26484375 0.0328125 0.0375
0 0.38828125 0.10625 0.0328125 0.03984375
0 0.9875 0.284375 0.025 0.03515625
0 0.79375 0.41484375 0.034375 0.04375
0 0.215625 0.73671875 0.03125 0.04140625
0 0.4140625 0.65703125 0.03125 0.03984375
0 0.36015625 0.10234375 0.03125 0.0375
1 0.54296875 0.68828125 0.1265625 0.15234375
1 0.13828125 0.10703125 0.0671875 0.06875
1 0.36796875 0.27734375 0.0859375 0.0875
1 0.628125 0.84375 0.059375 0.06640625