0 0.05 0.60703125 0.04375 0.05625
0 0.19296875 0.94375 0.0359375 0.04765625
0 0.18125 0.884375 0.028125 0.04609375
0 0.27421875 0.90625 0.0359375 0.04375
0 0.63515625 0.853125 0.03125 0.03984375
0 0.60546875 0.84296875 0.034375 0.04140625
0 0.671875 0.81953125 0.0328125 0.03984375
0 0.8609375 0.75390625 0.03125 0.03359375
0 0.89765625 0.63828125 0.0421875 0.04765625
0 0.7703125 0.45234375 0.0375 0.04609375
0 0.6828125 0.33125 0.034375 0.03984375
0 0.86015625 0.21875 0.0296875 0.0375
0 0.79296875 0.23046875 0.0296875 0.03515625
0 0.7265625 0.35546875 0.028125 0.03984375
0 0.953125 0.103125 0.028125 0.04375
0 0.8515625 0.0625 0.0328125 0.04609375
0 0.8265625 0.03125 0.0296875 0.05
0 0.653125 0.1125 0.0390625 0.04765625
0 0.6390625 0.16796875 0.034375 0.04375
0 0.615625 0.28828125 0.0328125 0.04765625
0 0.58203125 0.45390625 0.028125 0.03125
0 0.55078125 0.48515625 0.0375 0.03984375
0 0.4828125 0.67109375 0.034375 0.04765625
0 0.3890625 0.57421875 0.0328125 0.03984375
0 0.37265625 0.55 0.028125 0.0375
0 0.38515625 0.45625 0.03125 0.03984375
0 0.35546875 0.39140625 0.0359375 0.04140625
0 0.33359375 0.428125 0.0359375 0.02734375
0 0.33203125 0.44296875 0.0359375 0.03125
0 0.228125 0.50546875 0.0375 0.04765625
0 0.16171875 0.4375 0.0375 0.03984375
0 0.109375 0.37265625 0.03125 0.04140625
0 0.11953125 0.315625 0.0328125 0.04375
0 0.0328125 0.31484375 0.040625 0.04140625
0 0.02421875 0.31015625 0.028125 0.03984375
0 0.36796875 0.79921875 0.0390625 0.04765625
0 0.309375 0.32421875 0.05 0.05234375
0 0.40078125 0.34609375 0.028125 0.03515625
0 0.471875 0.31015625 0.034375 0.0375
0 0.58671875 0.21328125 0.040625 0.05234375
0 0.38359375 0.01640625 0.0296875 0.0328125
0 0.421875 0.03359375 0.0296875 0.03515625
0 0.409375 0.1625 0.03125 0.04140625
0 0.40078125 0.19921875 0.0421875 0.03515625
0 0.3609375 0.20703125 0.0390625 0.04765625
0 0.42265625 0.24609375 0.03125 0.04609375
0 0.3921875 0.30078125 0.0265625 0.03515625
0 0.8625 0.18046875 0.03125 0.04375
0 0.63046875 0.65390625 0.034375 0.03984375
0 0.5359375 0.5625 0.034375 0.05390625
0 0.58203125 0.68984375 0.0296875 0.03359375
0 0.56953125 0.653125 0.0296875 0.03515625
0 0.115625 0.10078125 0.05625 0.05
0 0.36640625 0.26484375 0.0328125 0.0375
0 0.46640625 0.79765625 0.028125 0.03984375
0 0.4921875 0.41640625 0.0296875 0.0375
0 0.83359375 0.82734375 0.0328125 0.04375
0 0.67890625 0.08828125 0.0328125 0.04140625
0 0.3984375 0.95390625 0.040625 0.0375
0 0.2046875 0.9890625 0.03125 0.021875
0 0.9734375 0.4375 0.0265625 0.04375
0 0.690625 0.01328125 0.028125 0.0265625
0 0.2109375 0.659375 0.0359375 0.04375
0 0.03125 0.1375 0.0296875 0.03984375
0 0.2671875 0.14453125 0.034375 0.04140625
1 0.54296875 0.68828125 0.1265625 0.15234375
1 0.13828125 0.10703125 0.0671875 0.06875
1 0.36796875 0.27734375 0.0859375 0.0875
1 0.628125 0.84375 0.059375 0.06640625