0 0.05390625 0.61484375 0.04375 0.05625
0 0.1953125 0.946875 0.0359375 0.04765625
0 0.18359375 0.88671875 0.028125 0.04609375
0 0.28515625 0.909375 0.034375 0.04375
0 0.63828125 0.853125 0.03125 0.03984375
0 0.62578125 0.84609375 0.034375 0.04140625
0 0.69609375 0.85234375 0.0328125 0.03984375
0 0.8609375 0.75078125 0.03125 0.03359375
0 0.9015625 0.6375 0.0421875 0.04765625
0 0.75 0.45859375 0.0375 0.04609375
0 0.78515625 0.30859375 0.034375 0.03984375
0 0.865625 0.215625 0.0296875 0.0375
0 0.81796875 0.24609375 0.0296875 0.03515625
0 0.7390625 0.35703125 0.028125 0.03984375
0 0.9546875 0.10546875 0.028125 0.04375
0 0.85390625 0.06484375 0.0328125 0.04609375
0 0.83515625 0.03046875 0.0296875 0.05
0 0.66015625 0.11328125 0.0390625 0.04765625
0 0.640625 0.16953125 0.034375 0.04375
0 0.6109375 0.290625 0.0328125 0.04765625
0 0.58515625 0.45703125 0.028125 0.03125
0 0.55390625 0.48671875 0.0375 0.03984375
0 0.49453125 0.65390625 0.034375 0.04765625
0 0.39609375 0.57421875 0.0328125 0.03984375
0 0.378125 0.55234375 0.028125 0.0375
0 0.38515625 0.45859375 0.03125 0.03984375
0 0.36171875 0.40546875 0.0359375 0.04140625
0 0.33046875 0.428125 0.0359375 0.02734375
0 0.3328125 0.44296875 0.0359375 0.03125
0 0.23046875 0.51015625 0.0375 0.04765625
0 0.1625 0.440625 0.0375 0.04140625
0 0.1234375 0.37890625 0.03125 0.04140625
0 0.1203125 0.31328125 0.0328125 0.04375
0 0.0328125 0.31484375 0.040625 0.04140625
0 0.02421875 0.31015625 0.028125 0.03984375
0 0.36015625 0.803125 0.0390625 0.04765625
0 0.31328125 0.32734375 0.05 0.05234375
0 0.40078125 0.34609375 0.028125 0.03515625
0 0.48359375 0.31015625 0.034375 0.03359375
0 0.59140625 0.21484375 0.040625 0.05234375
0 0.38671875 0.04375 0.034375 0.04375
0 0.4234375 0.02890625 0.0296875 0.03515625
0 0.4078125 0.16015625 0.03125 0.04140625
0 0.4125 0.2 0.0421875 0.03515625
0 0.37109375 0.209375 0.0390625 0.04765625
0 0.425 0.24375 0.03125 0.04609375
0 0.3953125 0.29765625 0.0265625 0.03515625
0 0.86171875 0.17265625 0.03125 0.04375
0 0.63359375 0.653125 0.034375 0.03984375
0 0.5359375 0.5625 0.034375 0.05390625
0 0.58203125 0.68984375 0.0296875 0.03359375
0 0.56953125 0.653125 0.0296875 0.03515625
0 0.11796875 0.10078125 0.05625 0.05
0 0.36640625 0.26484375 0.0328125 0.0375
0 0.525 0.97421875 0.0296875 0.03984375
0 0.09140625 0.74921875 0.03125 0.0375
0 0.2765625 0.16953125 0.028125 0.03984375
0 0.7890625 0.5625 0.028125 0.04140625
0 0.4828125 0.86015625 0.025 0.04375
0 0.20859375 0.990625 0.03125 0.01875
0 0.03828125 0.9921875 0.0203125 0.015625
1 0.54296875 0.68828125 0.1265625 0.15234375
1 0.13828125 0.10703125 0.0671875 0.06875
1 0.36796875 0.27734375 0.0859375 0.0875
1 0.628125 0.84375 0.059375 0.06640625