0 0.05 0.60703125 0.04375 0.05625
0 0.19296875 0.94375 0.0359375 0.04765625
0 0.18125 0.88515625 0.028125 0.04609375
0 0.27578125 0.90625 0.0359375 0.04375
0 0.6359375 0.853125 0.03125 0.03984375
0 0.60859375 0.84296875 0.034375 0.04140625
0 0.6625 0.82734375 0.0328125 0.03984375
0 0.8609375 0.75390625 0.03125 0.03359375
0 0.89765625 0.63828125 0.0421875 0.04765625
0 0.75546875 0.43125 0.0375 0.04609375
0 0.690625 0.334375 0.034375 0.03984375
0 0.8609375 0.21875 0.0296875 0.0375
0 0.79296875 0.23125 0.0296875 0.03515625
0 0.72734375 0.35625 0.028125 0.03984375
0 0.95390625 0.10390625 0.028125 0.04375
0 0.85234375 0.0625 0.0328125 0.04609375
0 0.82890625 0.03125 0.0296875 0.05
0 0.653125 0.1125 0.0390625 0.04765625
0 0.6390625 0.16796875 0.034375 0.04375
0 0.615625 0.28984375 0.0328125 0.04765625
0 0.58203125 0.45390625 0.028125 0.03125
0 0.55078125 0.48515625 0.0375 0.03984375
0 0.48359375 0.66953125 0.034375 0.04765625
0 0.390625 0.57265625 0.0328125 0.03984375
0 0.37421875 0.55 0.028125 0.0375
0 0.3875 0.45859375 0.03125 0.03984375
0 0.35625 0.39375 0.0359375 0.04140625
0 0.33359375 0.428125 0.0359375 0.02734375
0 0.33203125 0.44296875 0.0359375 0.03125
0 0.22890625 0.50625 0.0375 0.04765625
0 0.16171875 0.43671875 0.0375 0.03984375
0 0.1109375 0.37421875 0.03125 0.04140625
0 0.11953125 0.31484375 0.0328125 0.04375
0 0.0328125 0.31484375 0.040625 0.04140625
0 0.02421875 0.31015625 0.028125 0.03984375
0 0.3671875 0.79921875 0.0390625 0.04765625
0 0.31015625 0.32421875 0.05 0.05234375
0 0.40078125 0.34609375 0.028125 0.03515625
0 0.4734375 0.31015625 0.034375 0.03515625
0 0.5875 0.21328125 0.040625 0.05234375
0 0.39296875 0.021875 0.034375 0.04375
0 0.421875 0.03203125 0.0296875 0.03515625
0 0.409375 0.1625 0.03125 0.04140625
0 0.403125 0.2 0.0421875 0.03515625
0 0.36171875 0.20703125 0.0390625 0.04765625
0 0.42265625 0.24609375 0.03125 0.04609375
0 0.3921875 0.3 0.0265625 0.03515625
0 0.8625 0.17890625 0.03125 0.04375
0 0.63125 0.65390625 0.034375 0.03984375
0 0.5359375 0.5625 0.034375 0.05390625
0 0.58203125 0.68984375 0.0296875 0.03359375
0 0.56953125 0.653125 0.0296875 0.03515625
0 0.11640625 0.10078125 0.05625 0.05
0 0.36640625 0.26484375 0.0328125 0.0375
0 0.4421875 0.690625 0.028125 0.03984375
0 0.5015625 0.35234375 0.0234375 0.0375
0 0.79375 0.73828125 0.03125 0.04375
0 0.75859375 0.03046875 0.0328125 0.04140625
0 0.2046875 0.9890625 0.03125 0.021875
0 0.9765625 0.44140625 0.0265625 0.04375
0 0.28046875 0.76015625 0.0359375 0.0375
0 0.06015625 0.015625 0.0296875 0.03125
0 0.3671875 0.15 0.034375 0.04140625
1 0.54296875 0.68828125 0.1265625 0.15234375
1 0.13828125 0.10703125 0.0671875 0.06875
1 0.36796875 0.27734375 0.0859375 0.0875
1 0.628125 0.84375 0.059375 0.06640625