0 0.071875 0.625 0.04375 0.05625
0 0.20234375 0.95 0.0359375 0.04765625
0 0.1875 0.88828125 0.028125 0.04609375
0 0.3 0.9125 0.034375 0.04375
0 0.6421875 0.853125 0.03125 0.03984375
0 0.63515625 0.846875 0.034375 0.04140625
0 0.7078125 0.8375 0.0328125 0.03984375
0 0.86015625 0.74765625 0.03125 0.03359375
0 0.91796875 0.64453125 0.0421875 0.04765625
0 0.80390625 0.48984375 0.0375 0.04609375
0 0.84921875 0.30625 0.034375 0.03984375
0 0.8671875 0.22421875 0.0296875 0.0375
0 0.83203125 0.26171875 0.0296875 0.03515625
0 0.7546875 0.353125 0.028125 0.03984375
0 0.8046875 0.90625 0.0375 0.04609375
0 0.95859375 0.10546875 0.028125 0.04375
0 0.86484375 0.06796875 0.0328125 0.04609375
0 0.84296875 0.03359375 0.0296875 0.05
0 0.67578125 0.12421875 0.040625 0.04765625
0 0.65078125 0.171875 0.034375 0.04375
0 0.6109375 0.29296875 0.0328125 0.04765625
0 0.58828125 0.45859375 0.028125 0.03125
0 0.55625 0.48671875 0.0375 0.03984375
0 0.4953125 0.65703125 0.034375 0.04765625
0 0.4046875 0.575 0.0328125 0.03359375
0 0.384375 0.55078125 0.028125 0.0375
0 0.3859375 0.45390625 0.03125 0.03984375
0 0.36484375 0.40703125 0.0359375 0.04140625
0 0.3328125 0.428125 0.0359375 0.02734375
0 0.334375 0.44296875 0.0359375 0.03125
0 0.23359375 0.50625 0.0375 0.04765625
0 0.16953125 0.43359375 0.0375 0.04140625
0 0.15546875 0.3875 0.03125 0.04140625
0 0.12421875 0.31796875 0.0328125 0.04375
0 0.0328125 0.31484375 0.040625 0.04140625
0 0.025 0.31171875 0.028125 0.03984375
0 0.36328125 0.80703125 0.0390625 0.04765625
0 0.32265625 0.32890625 0.05 0.05234375
0 0.4 0.34453125 0.028125 0.03515625
0 0.48359375 0.31171875 0.034375 0.03359375
0 0.5953125 0.215625 0.040625 0.05234375
0 0.434375 0.046875 0.034375 0.04375
0 0.43125 0.025 0.0296875 0.03515625
0 0.40703125 0.15859375 0.0296875 0.03984375
0 0.428125 0.16796875 0.0421875 0.03515625
0 0.384375 0.20703125 0.0390625 0.04765625
0 0.4296875 0.24609375 0.03125 0.04609375
0 0.40078125 0.3 0.028125 0.03359375
0 0.878125 0.1875 0.03125 0.04375
0 0.63671875 0.65390625 0.034375 0.03984375
0 0.5359375 0.5625 0.034375 0.05390625
0 0.58203125 0.68984375 0.0296875 0.03359375
0 0.56953125 0.653125 0.0296875 0.03515625
0 0.121875 0.103125 0.05625 0.05
0 0.36640625 0.26484375 0.0328125 0.0375
0 0.39921875 0.48203125 0.0296875 0.04609375
0 0.7109375 0.334375 0.034375 0.04140625
0 0.9453125 0.93984375 0.0203125 0.03984375
0 0.1375 0.828125 0.0296875 0.03984375
0 0.85546875 0.478125 0.034375 0.04375
0 0.2546875 0.1625 0.0296875 0.04140625
0 0.1140625 0.72578125 0.03125 0.04140625
0 0.52421875 0.9375 0.03125 0.03984375
0 0.9203125 0.86875 0.028125 0.04140625
1 0.54296875 0.68828125 0.1265625 0.15234375
1 0.13828125 0.10703125 0.0671875 0.06875
1 0.36796875 0.27734375 0.0859375 0.0875
1 0.628125 0.84375 0.059375 0.06640625