0 0.05 0.60703125 0.04375 0.05625
0 0.19296875 0.94375 0.0359375 0.04765625
0 0.18125 0.884375 0.028125 0.04609375
0 0.275 0.90625 0.0359375 0.04375
0 0.63515625 0.853125 0.03125 0.03984375
0 0.6078125 0.84296875 0.034375 0.04140625
0 0.66640625 0.82421875 0.0328125 0.03984375
0 0.8609375 0.75390625 0.03125 0.03359375
0 0.89765625 0.63828125 0.0421875 0.04765625
0 0.76328125 0.46953125 0.0375 0.04609375
0 0.68828125 0.33125 0.034375 0.03984375
0 0.86015625 0.21875 0.0296875 0.0375
0 0.79296875 0.23046875 0.0296875 0.03515625
0 0.72734375 0.35625 0.028125 0.03984375
0 0.953125 0.103125 0.028125 0.04375
0 0.8515625 0.0625 0.0328125 0.04609375
0 0.82734375 0.03125 0.0296875 0.05
0 0.653125 0.1125 0.0390625 0.04765625
0 0.6390625 0.16796875 0.034375 0.04375
0 0.615625 0.28984375 0.0328125 0.04765625
0 0.58203125 0.45390625 0.028125 0.03125
0 0.55078125 0.48515625 0.0375 0.03984375
0 0.4828125 0.67109375 0.034375 0.04765625
0 0.38984375 0.57265625 0.0328125 0.03984375
0 0.3734375 0.55 0.028125 0.0375
0 0.3859375 0.45703125 0.03125 0.03984375
0 0.35625 0.39296875 0.0359375 0.04140625
0 0.33359375 0.428125 0.0359375 0.02734375
0 0.33203125 0.44296875 0.0359375 0.03125
0 0.22890625 0.50546875 0.0375 0.04765625
0 0.16171875 0.4375 0.0375 0.03984375
0 0.11015625 0.37265625 0.03125 0.04140625
0 0.11953125 0.315625 0.0328125 0.04375
0 0.0328125 0.31484375 0.040625 0.04140625
0 0.02421875 0.31015625 0.028125 0.03984375
0 0.36796875 0.79921875 0.0390625 0.04765625
0 0.31015625 0.32421875 0.05 0.05234375
0 0.40078125 0.34609375 0.028125 0.03515625
0 0.47265625 0.31015625 0.034375 0.03515625
0 0.58671875 0.21328125 0.040625 0.05234375
0 0.39375 0.02109375 0.034375 0.04140625
0 0.421875 0.03203125 0.0296875 0.03515625
0 0.409375 0.1625 0.03125 0.04140625
0 0.40234375 0.2 0.0421875 0.03515625
0 0.36171875 0.20703125 0.0390625 0.04765625
0 0.42265625 0.24609375 0.03125 0.04609375
0 0.3921875 0.3 0.0265625 0.03515625
0 0.8625 0.17890625 0.03125 0.04375
0 0.63125 0.65390625 0.034375 0.03984375
0 0.5359375 0.5625 0.034375 0.05390625
0 0.58203125 0.68984375 0.0296875 0.03359375
0 0.56953125 0.653125 0.0296875 0.03515625
0 0.11640625 0.10078125 0.05625 0.05
0 0.36640625 0.26484375 0.0328125 0.0375
0 0.44609375 0.74375 0.028125 0.03984375
0 0.49765625 0.384375 0.0234375 0.0375
0 0.8171875 0.78359375 0.03125 0.04375
0 0.72890625 0.06796875 0.0328125 0.04140625
0 0.43046875 0.98125 0.040625 0.03125
0 0.2046875 0.9890625 0.03125 0.021875
0 0.975 0.43984375 0.0265625 0.04375
0 0.25546875 0.70234375 0.03125 0.04765625
0 0.04765625 0.05234375 0.0296875 0.03984375
0 0.3171875 0.13671875 0.034375 0.04140625
1 0.54296875 0.68828125 0.1265625 0.15234375
1 0.13828125 0.10703125 0.0671875 0.06875
1 0.36796875 0.27734375 0.0859375 0.0875
1 0.628125 0.84375 0.059375 0.06640625