0 0.0703125 0.621875 0.04375 0.05625
0 0.19921875 0.94921875 0.0359375 0.04765625
0 0.184375 0.88984375 0.028125 0.04609375
0 0.296875 0.9125 0.034375 0.04375
0 0.64140625 0.853125 0.03125 0.03984375
0 0.6328125 0.84609375 0.034375 0.04140625
0 0.72109375 0.87578125 0.0328125 0.03984375
0 0.86015625 0.74921875 0.03125 0.03359375
0 0.9125 0.64296875 0.0421875 0.04765625
0 0.81171875 0.49140625 0.0375 0.04609375
0 0.83125 0.29921875 0.034375 0.03984375
0 0.86796875 0.22109375 0.0296875 0.0375
0 0.82578125 0.25625 0.0296875 0.03515625
0 0.74921875 0.353125 0.028125 0.03984375
0 0.95859375 0.10390625 0.028125 0.04375
0 0.8625 0.06640625 0.0328125 0.04609375
0 0.84140625 0.03203125 0.0296875 0.05
0 0.6703125 0.11953125 0.040625 0.04765625
0 0.6484375 0.171875 0.034375 0.04375
0 0.60859375 0.29296875 0.0328125 0.04765625
0 0.5875 0.45703125 0.028125 0.03125
0 0.55625 0.48671875 0.0375 0.03984375
0 0.4953125 0.65703125 0.034375 0.04765625
0 0.40234375 0.58125 0.0328125 0.03359375
0 0.3828125 0.553125 0.028125 0.0375
0 0.384375 0.45625 0.03125 0.03984375
0 0.36171875 0.40546875 0.0359375 0.04140625
0 0.33203125 0.428125 0.0359375 0.02734375
0 0.33359375 0.44296875 0.0359375 0.03125
0 0.2296875 0.50703125 0.0375 0.04765625
0 0.16875 0.434375 0.0375 0.04140625
0 0.15390625 0.3875 0.03125 0.04140625
0 0.12265625 0.31796875 0.0328125 0.04375
0 0.0328125 0.31484375 0.040625 0.04140625
0 0.02421875 0.31015625 0.028125 0.03984375
0 0.36015625 0.80859375 0.0390625 0.04765625
0 0.32109375 0.328125 0.05 0.05234375
0 0.4 0.34453125 0.028125 0.03515625
0 0.4828125 0.31171875 0.034375 0.03359375
0 0.59453125 0.215625 0.040625 0.05234375
0 0.42265625 0.04375 0.034375 0.04375
0 0.42890625 0.02578125 0.0296875 0.03515625
0 0.40703125 0.16015625 0.0296875 0.03984375
0 0.42734375 0.16796875 0.0421875 0.03515625
0 0.38046875 0.209375 0.0390625 0.04765625
0 0.42890625 0.24453125 0.03125 0.04609375
0 0.3984375 0.29765625 0.0265625 0.03515625
0 0.87265625 0.18515625 0.03125 0.04375
0 0.6375 0.653125 0.034375 0.03984375
0 0.5359375 0.5625 0.034375 0.05390625
0 0.58203125 0.68984375 0.0296875 0.03359375
0 0.56953125 0.653125 0.0296875 0.03515625
0 0.11953125 0.10234375 0.05625 0.05
0 0.36640625 0.26484375 0.0328125 0.0375
0 0.43125 0.18125 0.0296875 0.04609375
0 0.93046875 0.25859375 0.034375 0.04140625
0 0.78359375 0.41015625 0.034375 0.04375
0 0.246875 0.70625 0.03125 0.04140625
0 0.4265625 0.72890625 0.03125 0.03984375
0 0.97109375 0.48125 0.028125 0.04140625
0 0.990625 0.61328125 0.01875 0.03984375
1 0.54296875 0.68828125 0.1265625 0.15234375
1 0.13828125 0.10703125 0.0671875 0.06875
1 0.36796875 0.27734375 0.0859375 0.0875
1 0.628125 0.84375 0.059375 0.06640625