0 0.084375 0.62265625 0.0328125 0.04140625
0 0.209375 0.95078125 0.034375 0.04765625
0 0.19609375 0.88515625 0.028125 0.04609375
0 0.30625 0.91328125 0.034375 0.04375
0 0.0859375 0.721875 0.028125 0.03125
0 0.646875 0.85546875 0.03125 0.03984375
0 0.63828125 0.84765625 0.034375 0.04140625
0 0.703125 0.88359375 0.028125 0.04140625
0 0.859375 0.746875 0.03125 0.03359375
0 0.9421875 0.65546875 0.0421875 0.04765625
0 0.81484375 0.496875 0.0375 0.04609375
0 0.88359375 0.3 0.034375 0.03984375
0 0.86640625 0.22890625 0.0296875 0.0375
0 0.840625 0.271875 0.0296875 0.03515625
0 0.75625 0.34921875 0.028125 0.03984375
0 0.8296875 0.5625 0.0421875 0.04609375
0 0.95625 0.10703125 0.028125 0.04375
0 0.87109375 0.07265625 0.0328125 0.04609375
0 0.84453125 0.03359375 0.0296875 0.05
0 0.67734375 0.128125 0.04375 0.04765625
0 0.6546875 0.171875 0.034375 0.04375
0 0.62265625 0.29453125 0.0328125 0.04765625
0 0.5890625 0.459375 0.028125 0.03125
0 0.55625 0.48671875 0.0375 0.03984375
0 0.496875 0.65390625 0.034375 0.04765625
0 0.4078125 0.575 0.0328125 0.03359375
0 0.3890625 0.540625 0.028125 0.0375
0 0.3875 0.45859375 0.03125 0.03984375
0 0.3859375 0.42265625 0.0359375 0.04140625
0 0.33359375 0.428125 0.0359375 0.02734375
0 0.334375 0.44296875 0.0359375 0.03125
0 0.2453125 0.50390625 0.0375 0.04765625
0 0.175 0.43125 0.0375 0.04140625
0 0.159375 0.3875 0.03125 0.04140625
0 0.12578125 0.31796875 0.0328125 0.04375
0 0.0328125 0.31484375 0.040625 0.04140625
0 0.025 0.31171875 0.028125 0.03984375
0 0.3671875 0.803125 0.0390625 0.04765625
0 0.32578125 0.33046875 0.05 0.05234375
0 0.39921875 0.34609375 0.028125 0.03515625
0 0.4859375 0.31171875 0.034375 0.03515625
0 0.59921875 0.21640625 0.040625 0.05
0 0.4890625 0.109375 0.034375 0.04375
0 0.434375 0.02421875 0.0296875 0.03515625
0 0.40859375 0.15234375 0.0265625 0.0375
0 0.42890625 0.16640625 0.0421875 0.03515625
0 0.3921875 0.20546875 0.0390625 0.04765625
0 0.42890625 0.24921875 0.03125 0.04609375
0 0.40625 0.30546875 0.0296875 0.03125
0 0.8875 0.19375 0.025 0.0375
0 0.64140625 0.65 0.0359375 0.03984375
0 0.5359375 0.5625 0.034375 0.05390625
0 0.175 0.39375 0.0375 0.04609375
0 0.58203125 0.68984375 0.0296875 0.03359375
0 0.56953125 0.653125 0.0296875 0.03515625
0 0.13046875 0.10625 0.05625 0.05
0 0.36640625 0.26484375 0.0328125 0.0375
0 0.52421875 0.25390625 0.0328125 0.03984375
0 0.89296875 0.52265625 0.028125 0.0375
0 0.26015625 0.47265625 0.03125 0.03515625
0 0.95546875 0.31796875 0.0203125 0.03984375
0 0.83828125 0.85234375 0.034375 0.04765625
0 0.57578125 0.86015625 0.03125 0.03984375
1 0.54296875 0.68828125 0.1265625 0.15234375
1 0.13828125 0.10703125 0.0671875 0.06875
1 0.36796875 0.27734375 0.0859375 0.0875
1 0.628125 0.84375 0.059375 0.06640625