0 0.0484375 0.60390625 0.04375 0.05625
0 0.19140625 0.94296875 0.0359375 0.04765625
0 0.1796875 0.88203125 0.028125 0.04609375
0 0.2609375 0.896875 0.0375 0.04375
0 0.63046875 0.85546875 0.03125 0.03984375
0 0.58671875 0.84140625 0.034375 0.05
0 0.6390625 0.82265625 0.0328125 0.03984375
0 0.86015625 0.75390625 0.03125 0.03359375
0 0.890625 0.63359375 0.0421875 0.04765625
0 0.8015625 0.37734375 0.0375 0.04609375
0 0.63046875 0.32578125 0.0359375 0.03984375
0 0.8578125 0.21484375 0.0296875 0.0375
0 0.78828125 0.23046875 0.0296875 0.0375
0 0.71875 0.3625 0.028125 0.03984375
0 0.9515625 0.103125 0.028125 0.04375
0 0.84921875 0.059375 0.0328125 0.04609375
0 0.8171875 0.02734375 0.0296875 0.05
0 0.6421875 0.11328125 0.0390625 0.04765625
0 0.63203125 0.16328125 0.034375 0.04375
0 0.6171875 0.2875 0.0328125 0.04765625
0 0.575 0.44765625 0.028125 0.03125
0 0.54765625 0.48125 0.0375 0.03984375
0 0.48125 0.66796875 0.034375 0.04765625
0 0.37890625 0.565625 0.0328125 0.03984375
0 0.365625 0.5375 0.028125 0.0375
0 0.359375 0.44140625 0.03125 0.03984375
0 0.3375 0.38203125 0.0359375 0.04140625
0 0.33203125 0.428125 0.0359375 0.02734375
0 0.33046875 0.44296875 0.0359375 0.03125
0 0.22421875 0.496875 0.0375 0.04765625
0 0.1546875 0.43828125 0.0375 0.03984375
0 0.09609375 0.36484375 0.0390625 0.05390625
0 0.12109375 0.315625 0.0328125 0.04375
0 0.0328125 0.31484375 0.040625 0.04140625
0 0.0234375 0.309375 0.028125 0.03984375
0 0.36484375 0.79453125 0.0390625 0.04765625
0 0.309375 0.32265625 0.05 0.05234375
0 0.4015625 0.346875 0.028125 0.03515625
0 0.46875 0.31171875 0.034375 0.04375
0 0.584375 0.21171875 0.040625 0.05234375
0 0.42109375 0.03671875 0.0296875 0.03515625
0 0.40859375 0.1625 0.03125 0.04140625
0 0.38828125 0.19140625 0.0421875 0.03515625
0 0.35625 0.2 0.0390625 0.04765625
0 0.42578125 0.25234375 0.03125 0.04609375
0 0.3890625 0.30546875 0.0265625 0.03515625
0 0.86015625 0.17578125 0.03125 0.04375
0 0.6296875 0.65078125 0.034375 0.03984375
0 0.5359375 0.5625 0.034375 0.05390625
0 0.58203125 0.68984375 0.0296875 0.03359375
0 0.56953125 0.653125 0.0296875 0.03515625
0 0.1140625 0.1 0.05625 0.05
0 0.36640625 0.26484375 0.0328125 0.0375
0 0.15859375 0.89375 0.0296875 0.03359375
0 0.10625 0.415625 0.0296875 0.04609375
0 0.36328125 0.86015625 0.0296875 0.03984375
0 0.19765625 0.98515625 0.0328125 0.02890625
0 0.83515625 0.921875 0.0328125 0.04765625
0 0.8703125 0.66328125 0.0375 0.05
0 0.86875 0.41640625 0.034375 0.04140625
0 0.84609375 0.35234375 0.0265625 0.04375
0 0.9265625 0.45390625 0.0375 0.04140625
0 0.95 0.43125 0.0265625 0.04375
0 0.55234375 0.9625 0.0375 0.03984375
0 0.575 0.61953125 0.0296875 0.04375
1 0.54296875 0.68828125 0.1265625 0.15234375
1 0.13828125 0.10703125 0.0671875 0.06875
1 0.36796875 0.27734375 0.0859375 0.0875
1 0.628125 0.84375 0.059375 0.06640625