0 0.07578125 0.62578125 0.04375 0.05625
0 0.2046875 0.95 0.034375 0.04765625
0 0.18984375 0.88828125 0.028125 0.04609375
0 0.30234375 0.9125 0.034375 0.04375
0 0.64375 0.85390625 0.03125 0.03984375
0 0.6375 0.846875 0.034375 0.04140625
0 0.690625 0.84921875 0.0328125 0.03359375
0 0.86015625 0.74765625 0.03125 0.03359375
0 0.92421875 0.64765625 0.0421875 0.04765625
0 0.80546875 0.49140625 0.0375 0.04609375
0 0.859375 0.30546875 0.034375 0.03984375
0 0.865625 0.22578125 0.0296875 0.0375
0 0.83515625 0.265625 0.0296875 0.03515625
0 0.7546875 0.35234375 0.028125 0.03984375
0 0.63828125 0.74296875 0.0359375 0.04609375
0 0.95703125 0.10546875 0.028125 0.04375
0 0.86796875 0.06953125 0.0328125 0.04609375
0 0.84375 0.03359375 0.0296875 0.05
0 0.6765625 0.125 0.0421875 0.04765625
0 0.65234375 0.171875 0.034375 0.04375
0 0.615625 0.29375 0.0328125 0.04765625
0 0.58828125 0.45859375 0.028125 0.03125
0 0.55625 0.48671875 0.0375 0.03984375
0 0.49609375 0.65625 0.034375 0.04765625
0 0.40625 0.57265625 0.0328125 0.03359375
0 0.3859375 0.54765625 0.028125 0.0375
0 0.38359375 0.45390625 0.03125 0.03984375
0 0.3734375 0.41875 0.0359375 0.04140625
0 0.3328125 0.428125 0.0359375 0.02734375
0 0.334375 0.44296875 0.0359375 0.03125
0 0.23671875 0.50546875 0.0375 0.04765625
0 0.1703125 0.43125 0.0375 0.04140625
0 0.15703125 0.3875 0.03125 0.04140625
0 0.12421875 0.31796875 0.0328125 0.04375
0 0.0328125 0.31484375 0.040625 0.04140625
0 0.025 0.31171875 0.028125 0.03984375
0 0.36484375 0.80625 0.0390625 0.04765625
0 0.3234375 0.32890625 0.05 0.05234375
0 0.39921875 0.34609375 0.028125 0.03515625
0 0.48515625 0.31171875 0.034375 0.03515625
0 0.59609375 0.215625 0.040625 0.05234375
0 0.4484375 0.07578125 0.034375 0.04375
0 0.43203125 0.02421875 0.0296875 0.03515625
0 0.4078125 0.15625 0.028125 0.03984375
0 0.428125 0.16640625 0.0421875 0.03515625
0 0.38671875 0.20625 0.0390625 0.04765625
0 0.4296875 0.246875 0.03125 0.04609375
0 0.403125 0.30234375 0.028125 0.03359375
0 0.88203125 0.18984375 0.0296875 0.04140625
0 0.6359375 0.65546875 0.034375 0.03984375
0 0.5359375 0.5625 0.034375 0.05390625
0 0.58203125 0.68984375 0.0296875 0.03359375
0 0.56953125 0.653125 0.0296875 0.03515625
0 0.125 0.10390625 0.05625 0.05
0 0.36640625 0.26484375 0.0328125 0.0375
0 0.36953125 0.51796875 0.0328125 0.03984375
0 0.98515625 0.90625 0.0234375 0.03359375
0 0.56015625 0.44921875 0.034375 0.03984375
0 0.946875 0.71484375 0.0203125 0.03984375
0 0.59140625 0.99375 0.0328125 0.0125
0 0.2953125 0.89609375 0.0296875 0.03984375
0 0.94453125 0.9625 0.021875 0.02890625
0 0.97109375 0.48515625 0.034375 0.04375
0 0.06640625 0.04296875 0.0296875 0.03515625
1 0.54296875 0.68828125 0.1265625 0.15234375
1 0.13828125 0.10703125 0.0671875 0.06875
1 0.36796875 0.27734375 0.0859375 0.0875
1 0.628125 0.84375 0.059375 0.06640625