0 0.05234375 0.6125 0.04375 0.05625
0 0.19453125 0.94609375 0.0359375 0.04765625
0 0.1828125 0.88671875 0.028125 0.04609375
0 0.28203125 0.90703125 0.034375 0.04375
0 0.6375 0.853125 0.03125 0.03984375
0 0.6234375 0.84296875 0.034375 0.04140625
0 0.6875 0.88359375 0.0328125 0.03984375
0 0.8609375 0.75234375 0.03125 0.03359375
0 0.9015625 0.6375 0.0421875 0.04765625
0 0.74765625 0.40234375 0.0375 0.04609375
0 0.76171875 0.30234375 0.034375 0.03984375
0 0.86484375 0.21484375 0.0296875 0.0375
0 0.81640625 0.24453125 0.0296875 0.03515625
0 0.7390625 0.35625 0.028125 0.03984375
0 0.9546875 0.10546875 0.028125 0.04375
0 0.853125 0.06328125 0.0328125 0.04609375
0 0.834375 0.03046875 0.0296875 0.05
0 0.6578125 0.1125 0.0390625 0.04765625
0 0.63984375 0.16875 0.034375 0.04375
0 0.6125 0.290625 0.0328125 0.04765625
0 0.584375 0.45703125 0.028125 0.03125
0 0.553125 0.48671875 0.0375 0.03984375
0 0.49453125 0.65390625 0.034375 0.04765625
0 0.3953125 0.57265625 0.0328125 0.03984375
0 0.37734375 0.55078125 0.028125 0.0375
0 0.3859375 0.459375 0.03125 0.03984375
0 0.36015625 0.40390625 0.0359375 0.04140625
0 0.33046875 0.428125 0.0359375 0.02734375
0 0.3328125 0.44296875 0.0359375 0.03125
0 0.23046875 0.509375 0.0375 0.04765625
0 0.1625 0.43984375 0.0375 0.04140625
0 0.1203125 0.378125 0.03125 0.04140625
0 0.1203125 0.31328125 0.0328125 0.04375
0 0.0328125 0.31484375 0.040625 0.04140625
0 0.02421875 0.31015625 0.028125 0.03984375
0 0.36171875 0.80234375 0.0390625 0.04765625
0 0.3125 0.32578125 0.05 0.05234375
0 0.40078125 0.34609375 0.028125 0.03515625
0 0.4828125 0.31015625 0.034375 0.03359375
0 0.58984375 0.21484375 0.040625 0.05234375
0 0.37734375 0.03203125 0.034375 0.04375
0 0.4234375 0.02890625 0.0296875 0.03515625
0 0.40859375 0.16171875 0.03125 0.04140625
0 0.4109375 0.19921875 0.0421875 0.03515625
0 0.36640625 0.209375 0.0390625 0.04765625
0 0.4234375 0.24609375 0.03125 0.04609375
0 0.39453125 0.29765625 0.0265625 0.03515625
0 0.8609375 0.17265625 0.03125 0.04375
0 0.6328125 0.653125 0.034375 0.03984375
0 0.5359375 0.5625 0.034375 0.05390625
0 0.58203125 0.68984375 0.0296875 0.03359375
0 0.56953125 0.653125 0.0296875 0.03515625
0 0.1171875 0.10078125 0.05625 0.05
0 0.36640625 0.26484375 0.0328125 0.0375
0 0.27578125 0.37734375 0.028125 0.03984375
0 0.6796875 0.42578125 0.028125 0.04140625
0 0.440625 0.69765625 0.03125 0.04375
0 0.2078125 0.9890625 0.03125 0.021875
0 0.9890625 0.45390625 0.021875 0.0375
1 0.54296875 0.68828125 0.1265625 0.15234375
1 0.13828125 0.10703125 0.0671875 0.06875
1 0.36796875 0.27734375 0.0859375 0.0875
1 0.628125 0.84375 0.059375 0.06640625