0 0.05234375 0.6125 0.04375 0.05625
0 0.19453125 0.94609375 0.0359375 0.04765625
0 0.1828125 0.88671875 0.028125 0.04609375
0 0.2828125 0.90859375 0.034375 0.04375
0 0.6375 0.853125 0.03125 0.03984375
0 0.62421875 0.84375 0.034375 0.04140625
0 0.690625 0.87265625 0.0328125 0.03984375
0 0.8609375 0.75234375 0.03125 0.03359375
0 0.9015625 0.6375 0.0421875 0.04765625
0 0.76171875 0.4 0.0375 0.04609375
0 0.76953125 0.31875 0.034375 0.03984375
0 0.86484375 0.21484375 0.0296875 0.0375
0 0.8171875 0.24453125 0.0296875 0.03515625
0 0.7390625 0.35625 0.028125 0.03984375
0 0.9546875 0.10546875 0.028125 0.04375
0 0.853125 0.06328125 0.0328125 0.04609375
0 0.83515625 0.03046875 0.0296875 0.05
0 0.65859375 0.1125 0.0390625 0.04765625
0 0.640625 0.16953125 0.034375 0.04375
0 0.61171875 0.290625 0.0328125 0.04765625
0 0.58515625 0.45703125 0.028125 0.03125
0 0.553125 0.48671875 0.0375 0.03984375
0 0.4953125 0.653125 0.034375 0.04765625
0 0.3953125 0.57265625 0.0328125 0.03984375
0 0.378125 0.55234375 0.028125 0.0375
0 0.3859375 0.459375 0.03125 0.03984375
0 0.3609375 0.40390625 0.0359375 0.04140625
0 0.33046875 0.428125 0.0359375 0.02734375
0 0.3328125 0.44296875 0.0359375 0.03125
0 0.23046875 0.509375 0.0375 0.04765625
0 0.1625 0.43984375 0.0375 0.04140625
0 0.12109375 0.378125 0.03125 0.04140625
0 0.1203125 0.31328125 0.0328125 0.04375
0 0.0328125 0.31484375 0.040625 0.04140625
0 0.02421875 0.31015625 0.028125 0.03984375
0 0.3609375 0.80234375 0.0390625 0.04765625
0 0.31328125 0.32734375 0.05 0.05234375
0 0.40078125 0.34609375 0.028125 0.03515625
0 0.4828125 0.31015625 0.034375 0.03359375
0 0.590625 0.21484375 0.040625 0.05234375
0 0.38359375 0.034375 0.034375 0.04375
0 0.4234375 0.02890625 0.0296875 0.03515625
0 0.4078125 0.16015625 0.03125 0.04140625
0 0.41171875 0.2 0.0421875 0.03515625
0 0.36796875 0.209375 0.0390625 0.04765625
0 0.42421875 0.24453125 0.03125 0.04609375
0 0.39453125 0.29765625 0.0265625 0.03515625
0 0.8609375 0.171875 0.03125 0.04375
0 0.6328125 0.653125 0.034375 0.03984375
0 0.5359375 0.5625 0.034375 0.05390625
0 0.58203125 0.68984375 0.0296875 0.03359375
0 0.56953125 0.653125 0.0296875 0.03515625
0 0.1171875 0.10078125 0.05625 0.05
0 0.36640625 0.26484375 0.0328125 0.0375
0 0.01171875 0.71484375 0.0234375 0.03359375
0 0.27265625 0.32109375 0.028125 0.03984375
0 0.7171875 0.49140625 0.028125 0.04140625
0 0.49453125 0.76640625 0.03125 0.04375
0 0.2078125 0.9890625 0.03125 0.021875
0 0.99140625 0.45546875 0.0171875 0.03515625
1 0.54296875 0.68828125 0.1265625 0.15234375
1 0.13828125 0.10703125 0.0671875 0.06875
1 0.36796875 0.27734375 0.0859375 0.0875
1 0.628125 0.84375 0.059375 0.06640625