0 0.08515625 0.62578125 0.0375 0.05234375
0 0.21328125 0.95546875 0.034375 0.04765625
0 0.2046875 0.88203125 0.028125 0.04609375
0 0.31015625 0.91328125 0.034375 0.04375
0 0.24453125 0.91328125 0.028125 0.03125
0 0.6546875 0.85390625 0.03125 0.03359375
0 0.6359375 0.846875 0.034375 0.04140625
0 0.7328125 0.8625 0.03125 0.04140625
0 0.8765625 0.49765625 0.0328125 0.05
0 0.859375 0.74609375 0.03125 0.03359375
0 0.94609375 0.65546875 0.0421875 0.04765625
0 0.8078125 0.52265625 0.0359375 0.04140625
0 0.96328125 0.465625 0.0265625 0.03515625
0 0.9125 0.31171875 0.034375 0.03984375
0 0.87109375 0.225 0.0296875 0.0375
0 0.83359375 0.29140625 0.0375 0.03359375
0 0.76171875 0.34921875 0.03125 0.03984375
0 0.84453125 0.29453125 0.0375 0.04609375
0 0.96015625 0.1125 0.028125 0.04375
0 0.87265625 0.07421875 0.0328125 0.04609375
0 0.8453125 0.03203125 0.0296875 0.05
0 0.68203125 0.13125 0.04375 0.04765625
0 0.65546875 0.16875 0.034375 0.04375
0 0.6296875 0.3 0.0328125 0.04765625
0 0.58984375 0.46015625 0.028125 0.03125
0 0.55859375 0.4875 0.0375 0.03984375
0 0.49765625 0.65078125 0.034375 0.04765625
0 0.41015625 0.575 0.0328125 0.03359375
0 0.2609375 0.70546875 0.04375 0.05
0 0.39296875 0.5375 0.028125 0.0375
0 0.3921875 0.46015625 0.03125 0.0375
0 0.38828125 0.421875 0.0359375 0.04140625
0 0.33359375 0.428125 0.0359375 0.02734375
0 0.33515625 0.44296875 0.0359375 0.03125
0 0.25625 0.50390625 0.0375 0.04765625
0 0.18125 0.43125 0.0375 0.04140625
0 0.1609375 0.3875 0.03125 0.04140625
0 0.1265625 0.31875 0.0328125 0.04375
0 0.1515625 0.08515625 0.034375 0.05234375
0 0.0328125 0.31484375 0.040625 0.04140625
0 0.025 0.31171875 0.028125 0.03984375
0 0.36796875 0.79921875 0.0390625 0.04765625
0 0.33125 0.32890625 0.05 0.05234375
0 0.3984375 0.346875 0.028125 0.03515625
0 0.4859375 0.31015625 0.034375 0.03359375
0 0.60546875 0.21953125 0.0390625 0.03984375
0 0.52109375 0.13046875 0.034375 0.04375
0 0.4359375 0.02421875 0.0296875 0.03515625
0 0.409375 0.14921875 0.025 0.03515625
0 0.4296875 0.165625 0.0421875 0.03515625
0 0.39765625 0.20546875 0.0390625 0.04765625
0 0.428125 0.25078125 0.03125 0.04609375
0 0.409375 0.30859375 0.03125 0.02890625
0 0.884375 0.203125 0.025 0.0375
0 0.6421875 0.65078125 0.0375 0.03984375
0 0.5359375 0.5625 0.034375 0.05390625
0 0.41796875 0.609375 0.040625 0.04140625
0 0.58203125 0.68984375 0.0296875 0.03359375
0 0.56953125 0.653125 0.0296875 0.03515625
0 0.1359375 0.109375 0.05625 0.05
0 0.36640625 0.26484375 0.0328125 0.0375
0 0.81796875 0.42734375 0.0328125 0.03984375
0 0.921875 0.10234375 0.028125 0.0375
1 0.54296875 0.68828125 0.1265625 0.15234375
1 0.13828125 0.10703125 0.0671875 0.06875
1 0.36796875 0.27734375 0.0859375 0.0875
1 0.628125 0.84375 0.059375 0.06640625