0 0.053125 0.61328125 0.04375 0.05625
0 0.19453125 0.94609375 0.0359375 0.04765625
0 0.1828125 0.88671875 0.028125 0.04609375
0 0.28359375 0.90859375 0.034375 0.04375
0 0.6375 0.853125 0.03125 0.03984375
0 0.625 0.84453125 0.034375 0.04140625
0 0.6921875 0.86796875 0.0328125 0.03984375
0 0.8609375 0.75234375 0.03125 0.03359375
0 0.9015625 0.6375 0.0421875 0.04765625
0 0.76015625 0.42578125 0.0375 0.04609375
0 0.7734375 0.315625 0.034375 0.03984375
0 0.86484375 0.21484375 0.0296875 0.0375
0 0.8171875 0.24609375 0.0296875 0.03515625
0 0.7390625 0.35625 0.028125 0.03984375
0 0.9546875 0.10546875 0.028125 0.04375
0 0.85390625 0.06484375 0.0328125 0.04609375
0 0.83515625 0.03046875 0.0296875 0.05
0 0.659375 0.1125 0.0390625 0.04765625
0 0.640625 0.16953125 0.034375 0.04375
0 0.61171875 0.290625 0.0328125 0.04765625
0 0.58515625 0.45703125 0.028125 0.03125
0 0.553125 0.48671875 0.0375 0.03984375
0 0.4953125 0.653125 0.034375 0.04765625
0 0.3953125 0.57265625 0.0328125 0.03984375
0 0.378125 0.55234375 0.028125 0.0375
0 0.3859375 0.459375 0.03125 0.03984375
0 0.3609375 0.40546875 0.0359375 0.04140625
0 0.33046875 0.428125 0.0359375 0.02734375
0 0.3328125 0.44296875 0.0359375 0.03125
0 0.23046875 0.509375 0.0375 0.04765625
0 0.1625 0.43984375 0.0375 0.04140625
0 0.121875 0.378125 0.03125 0.04140625
0 0.1203125 0.31328125 0.0328125 0.04375
0 0.0328125 0.31484375 0.040625 0.04140625
0 0.02421875 0.31015625 0.028125 0.03984375
0 0.3609375 0.803125 0.0390625 0.04765625
0 0.31328125 0.32734375 0.05 0.05234375
0 0.40078125 0.34609375 0.028125 0.03515625
0 0.48359375 0.31015625 0.034375 0.03359375
0 0.590625 0.21484375 0.040625 0.05234375
0 0.384375 0.03671875 0.034375 0.04375
0 0.4234375 0.02890625 0.0296875 0.03515625
0 0.4078125 0.16015625 0.03125 0.04140625
0 0.41171875 0.2 0.0421875 0.03515625
0 0.36875 0.209375 0.0390625 0.04765625
0 0.42421875 0.24453125 0.03125 0.04609375
0 0.39453125 0.29765625 0.0265625 0.03515625
0 0.8609375 0.171875 0.03125 0.04375
0 0.6328125 0.653125 0.034375 0.03984375
0 0.5359375 0.5625 0.034375 0.05390625
0 0.58203125 0.68984375 0.0296875 0.03359375
0 0.56953125 0.653125 0.0296875 0.03515625
0 0.11796875 0.10078125 0.05625 0.05
0 0.36640625 0.26484375 0.0328125 0.0375
0 0.01953125 0.69453125 0.03125 0.0375
0 0.28515625 0.29140625 0.028125 0.03984375
0 0.73828125 0.528125 0.028125 0.04140625
0 0.51171875 0.76875 0.03125 0.04375
0 0.2078125 0.9890625 0.03125 0.021875
0 0.9921875 0.45625 0.015625 0.03359375
1 0.54296875 0.68828125 0.1265625 0.15234375
1 0.13828125 0.10703125 0.0671875 0.06875
1 0.36796875 0.27734375 0.0859375 0.0875
1 0.628125 0.84375 0.059375 0.06640625