0 0.078125 0.62578125 0.04375 0.05625
0 0.20625 0.95078125 0.034375 0.04765625
0 0.19140625 0.8875 0.028125 0.04609375
0 0.30390625 0.9125 0.034375 0.04375
0 0.6453125 0.85390625 0.03125 0.03984375
0 0.63828125 0.84765625 0.034375 0.04140625
0 0.684375 0.86796875 0.0328125 0.03359375
0 0.859375 0.746875 0.03125 0.03359375
0 0.93046875 0.65078125 0.0421875 0.04765625
0 0.80625 0.49296875 0.0375 0.04609375
0 0.86875 0.309375 0.034375 0.03984375
0 0.8640625 0.228125 0.0296875 0.0375
0 0.8375 0.26875 0.0296875 0.03515625
0 0.7546875 0.35078125 0.028125 0.03984375
0 0.61875 0.65 0.0421875 0.04609375
0 0.95546875 0.10546875 0.028125 0.04375
0 0.86875 0.07109375 0.0328125 0.04609375
0 0.84375 0.03359375 0.0296875 0.05
0 0.67734375 0.12578125 0.04375 0.04765625
0 0.653125 0.171875 0.034375 0.04375
0 0.61796875 0.29375 0.0328125 0.04765625
0 0.5890625 0.459375 0.028125 0.03125
0 0.55625 0.48671875 0.0375 0.03984375
0 0.49609375 0.65546875 0.034375 0.04765625
0 0.40703125 0.57421875 0.0328125 0.03359375
0 0.3859375 0.54453125 0.028125 0.0375
0 0.384375 0.45625 0.03125 0.03984375
0 0.378125 0.425 0.0359375 0.04140625
0 0.3328125 0.428125 0.0359375 0.02734375
0 0.334375 0.44296875 0.0359375 0.03125
0 0.2390625 0.50546875 0.0375 0.04765625
0 0.17109375 0.43125 0.0375 0.04140625
0 0.1578125 0.3875 0.03125 0.04140625
0 0.125 0.31796875 0.0328125 0.04375
0 0.0328125 0.31484375 0.040625 0.04140625
0 0.025 0.31171875 0.028125 0.03984375
0 0.36640625 0.80546875 0.0390625 0.04765625
0 0.32421875 0.32890625 0.05 0.05234375
0 0.39921875 0.34609375 0.028125 0.03515625
0 0.48515625 0.31171875 0.034375 0.03515625
0 0.596875 0.215625 0.040625 0.05234375
0 0.44375 0.09765625 0.034375 0.04375
0 0.4328125 0.02421875 0.0296875 0.03515625
0 0.4078125 0.15546875 0.028125 0.0375
0 0.42890625 0.16640625 0.0421875 0.03515625
0 0.3890625 0.20546875 0.0390625 0.04765625
0 0.42890625 0.24765625 0.03125 0.04609375
0 0.40390625 0.303125 0.028125 0.03359375
0 0.88359375 0.19140625 0.028125 0.03984375
0 0.640625 0.65703125 0.034375 0.03984375
0 0.5359375 0.5625 0.034375 0.05390625
0 0.03671875 0.228125 0.03125 0.03984375
0 0.58203125 0.68984375 0.0296875 0.03359375
0 0.56953125 0.653125 0.0296875 0.03515625
0 0.1265625 0.10546875 0.05625 0.05
0 0.36640625 0.26484375 0.0328125 0.0375
0 0.4 0.37734375 0.0328125 0.03984375
0 0.97109375 0.76015625 0.028125 0.0375
0 0.4609375 0.48984375 0.03125 0.03515625
0 0.94375 0.58125 0.0203125 0.03984375
0 0.65703125 0.921875 0.0375 0.0375
0 0.3984375 0.91328125 0.0296875 0.03984375
1 0.54296875 0.68828125 0.1265625 0.15234375
1 0.13828125 0.10703125 0.0671875 0.06875
1 0.36796875 0.27734375 0.0859375 0.0875
1 0.628125 0.84375 0.059375 0.06640625