0 0.0484375 0.60234375 0.04375 0.05625
0 0.19140625 0.94296875 0.0359375 0.04765625
0 0.1796875 0.88125 0.028125 0.04609375
0 0.25859375 0.89453125 0.0375 0.04375
0 0.6296875 0.85546875 0.03125 0.03984375
0 0.5828125 0.840625 0.034375 0.05
0 0.65234375 0.81875 0.0328125 0.03984375
0 0.859375 0.753125 0.03125 0.03359375
0 0.8890625 0.62578125 0.0421875 0.04765625
0 0.82109375 0.415625 0.0375 0.04609375
0 0.6109375 0.32265625 0.0359375 0.03984375
0 0.85703125 0.21484375 0.0296875 0.0375
0 0.78125 0.22265625 0.0296875 0.03515625
0 0.71796875 0.36171875 0.028125 0.03984375
0 0.9515625 0.103125 0.028125 0.04375
0 0.84921875 0.05859375 0.0328125 0.04609375
0 0.815625 0.02734375 0.0296875 0.05
0 0.63984375 0.11171875 0.0390625 0.04765625
0 0.63046875 0.1625 0.034375 0.04375
0 0.61484375 0.28828125 0.0328125 0.04765625
0 0.5734375 0.44765625 0.028125 0.03125
0 0.54765625 0.48125 0.0375 0.03984375
0 0.48125 0.66796875 0.034375 0.04765625
0 0.37734375 0.56328125 0.0328125 0.03984375
0 0.36484375 0.53671875 0.028125 0.0375
0 0.35703125 0.440625 0.03125 0.03984375
0 0.334375 0.38125 0.0359375 0.04140625
0 0.33203125 0.428125 0.0359375 0.02734375
0 0.33046875 0.44296875 0.0359375 0.03125
0 0.2234375 0.49453125 0.0375 0.04765625
0 0.153125 0.4375 0.0375 0.03984375
0 0.09609375 0.36484375 0.0390625 0.05390625
0 0.1203125 0.315625 0.0328125 0.04375
0 0.0328125 0.31484375 0.040625 0.04140625
0 0.0234375 0.309375 0.028125 0.03984375
0 0.3625 0.79375 0.0390625 0.04765625
0 0.3109375 0.321875 0.05 0.05234375
0 0.4015625 0.346875 0.028125 0.03515625
0 0.46875 0.3125 0.034375 0.04375
0 0.58359375 0.21171875 0.040625 0.05234375
0 0.42109375 0.03671875 0.0296875 0.03515625
0 0.40859375 0.1625 0.03125 0.04140625
0 0.38515625 0.19296875 0.0421875 0.03515625
0 0.35546875 0.19921875 0.0390625 0.04765625
0 0.42421875 0.25 0.03125 0.04609375
0 0.38828125 0.30546875 0.0265625 0.03515625
0 0.86015625 0.175 0.03125 0.04375
0 0.62890625 0.65 0.034375 0.03984375
0 0.5359375 0.5625 0.034375 0.05390625
0 0.58203125 0.68984375 0.0296875 0.03359375
0 0.56953125 0.653125 0.0296875 0.03515625
0 0.1140625 0.1 0.05625 0.05
0 0.36640625 0.26484375 0.0328125 0.0375
0 0.02109375 0.8375 0.0296875 0.03359375
0 0.1515625 0.23046875 0.0296875 0.04609375
0 0.3515625 0.82890625 0.0296875 0.03984375
0 0.19609375 0.98515625 0.0328125 0.02890625
0 0.83203125 0.93203125 0.0328125 0.04765625
0 0.82578125 0.70546875 0.0375 0.05
0 0.753125 0.46171875 0.040625 0.04140625
0 0.79140625 0.23046875 0.025 0.03984375
0 0.8296875 0.50390625 0.0375 0.04140625
0 0.9453125 0.42890625 0.0265625 0.04375
0 0.48984375 0.903125 0.0390625 0.05234375
0 0.55078125 0.67734375 0.0296875 0.04375
1 0.54296875 0.68828125 0.1265625 0.15234375
1 0.13828125 0.10703125 0.0671875 0.06875
1 0.36796875 0.27734375 0.0859375 0.0875
1 0.628125 0.84375 0.059375 0.06640625