0 0.08203125 0.62421875 0.0375 0.04765625
0 0.20859375 0.95078125 0.034375 0.04765625
0 0.19453125 0.88671875 0.028125 0.04609375
0 0.30546875 0.91328125 0.034375 0.04375
0 0.0234375 0.71328125 0.028125 0.03125
0 0.64609375 0.85546875 0.03125 0.03984375
0 0.63828125 0.84765625 0.034375 0.04140625
0 0.69140625 0.88203125 0.028125 0.04140625
0 0.859375 0.746875 0.03125 0.03359375
0 0.93828125 0.65390625 0.0421875 0.04765625
0 0.8125 0.49609375 0.0375 0.04609375
0 0.8765625 0.30078125 0.034375 0.03984375
0 0.8640625 0.22890625 0.0296875 0.0375
0 0.8390625 0.27109375 0.0296875 0.03515625
0 0.75546875 0.35 0.028125 0.03984375
0 0.75546875 0.60390625 0.0421875 0.04609375
0 0.95546875 0.10625 0.028125 0.04375
0 0.8703125 0.071875 0.0328125 0.04609375
0 0.84453125 0.03359375 0.0296875 0.05
0 0.678125 0.12734375 0.04375 0.04765625
0 0.65390625 0.171875 0.034375 0.04375
0 0.6203125 0.29453125 0.0328125 0.04765625
0 0.5890625 0.459375 0.028125 0.03125
0 0.55625 0.48671875 0.0375 0.03984375
0 0.49609375 0.65390625 0.034375 0.04765625
0 0.4078125 0.57421875 0.0328125 0.03359375
0 0.38828125 0.54140625 0.028125 0.0375
0 0.38671875 0.45703125 0.03125 0.03984375
0 0.384375 0.42265625 0.0359375 0.04140625
0 0.33359375 0.428125 0.0359375 0.02734375
0 0.334375 0.44296875 0.0359375 0.03125
0 0.24375 0.50390625 0.0375 0.04765625
0 0.1734375 0.43125 0.0375 0.04140625
0 0.15859375 0.3875 0.03125 0.04140625
0 0.125 0.31796875 0.0328125 0.04375
0 0.0328125 0.31484375 0.040625 0.04140625
0 0.025 0.31171875 0.028125 0.03984375
0 0.36640625 0.80390625 0.0390625 0.04765625
0 0.32578125 0.33046875 0.05 0.05234375
0 0.39921875 0.34609375 0.028125 0.03515625
0 0.4859375 0.31171875 0.034375 0.03515625
0 0.59765625 0.215625 0.040625 0.05234375
0 0.471875 0.103125 0.034375 0.04375
0 0.43359375 0.02421875 0.0296875 0.03515625
0 0.40859375 0.153125 0.0265625 0.0375
0 0.42890625 0.16640625 0.0421875 0.03515625
0 0.390625 0.20546875 0.0390625 0.04765625
0 0.42890625 0.24921875 0.03125 0.04609375
0 0.40546875 0.30390625 0.0296875 0.03125
0 0.8859375 0.19296875 0.0265625 0.03984375
0 0.64375 0.64921875 0.034375 0.03984375
0 0.5359375 0.5625 0.034375 0.05390625
0 0.13984375 0.31640625 0.0375 0.04609375
0 0.58203125 0.68984375 0.0296875 0.03359375
0 0.56953125 0.653125 0.0296875 0.03515625
0 0.12890625 0.10625 0.05625 0.05
0 0.36640625 0.26484375 0.0328125 0.0375
0 0.453125 0.24296875 0.0328125 0.03984375
0 0.93203125 0.60078125 0.028125 0.0375
0 0.3296875 0.50078125 0.03125 0.03515625
0 0.9453125 0.40703125 0.0203125 0.03984375
0 0.77109375 0.87890625 0.034375 0.04765625
0 0.521875 0.8625 0.03125 0.03984375
1 0.54296875 0.68828125 0.1265625 0.15234375
1 0.13828125 0.10703125 0.0671875 0.06875
1 0.36796875 0.27734375 0.0859375 0.0875
1 0.628125 0.84375 0.059375 0.06640625