0 0.0828125 0.62421875 0.0375 0.05390625
0 0.21171875 0.953125 0.034375 0.04765625
0 0.2015625 0.88359375 0.028125 0.04609375
0 0.309375 0.91328125 0.034375 0.04375
0 0.1953125 0.80859375 0.028125 0.03125
0 0.6515625 0.85390625 0.03125 0.03359375
0 0.63671875 0.846875 0.034375 0.04140625
0 0.73203125 0.875 0.034375 0.03515625
0 0.90546875 0.35078125 0.0328125 0.05
0 0.859375 0.74609375 0.03125 0.03359375
0 0.94609375 0.65625 0.0421875 0.04765625
0 0.81328125 0.50234375 0.0375 0.04609375
0 0.98671875 0.484375 0.0265625 0.03515625
0 0.890625 0.30546875 0.034375 0.03984375
0 0.8703125 0.22734375 0.0296875 0.0375
0 0.83359375 0.28203125 0.0296875 0.03515625
0 0.759375 0.34921875 0.0296875 0.03984375
0 0.8234375 0.37578125 0.040625 0.04609375
0 0.95859375 0.11015625 0.028125 0.04375
0 0.87265625 0.075 0.0328125 0.04609375
0 0.8453125 0.03203125 0.0296875 0.05
0 0.6796875 0.13125 0.04375 0.04765625
0 0.65546875 0.16953125 0.034375 0.04375
0 0.62734375 0.29765625 0.0328125 0.04765625
0 0.58984375 0.46015625 0.028125 0.03125
0 0.5578125 0.4875 0.0375 0.03984375
0 0.496875 0.65234375 0.034375 0.04765625
0 0.4109375 0.575 0.0328125 0.03359375
0 0.17265625 0.771875 0.04375 0.05
0 0.38984375 0.5375 0.028125 0.0375
0 0.390625 0.459375 0.03125 0.0375
0 0.3875 0.421875 0.0359375 0.04140625
0 0.33359375 0.428125 0.0359375 0.02734375
0 0.33515625 0.44296875 0.0359375 0.03125
0 0.253125 0.50390625 0.0375 0.04765625
0 0.17890625 0.43125 0.0375 0.04140625
0 0.1609375 0.3875 0.03125 0.04140625
0 0.1265625 0.31875 0.0328125 0.04375
0 0.13828125 0.01015625 0.0296875 0.0203125
0 0.0328125 0.31484375 0.040625 0.04140625
0 0.025 0.31171875 0.028125 0.03984375
0 0.36796875 0.8 0.0390625 0.04765625
0 0.32890625 0.32890625 0.05 0.05234375
0 0.3984375 0.346875 0.028125 0.03515625
0 0.4859375 0.31015625 0.034375 0.03359375
0 0.603125 0.21875 0.0390625 0.04375
0 0.5125 0.1125 0.034375 0.04375
0 0.4359375 0.02421875 0.0296875 0.03515625
0 0.40859375 0.15 0.0265625 0.0375
0 0.4296875 0.165625 0.0421875 0.03515625
0 0.39609375 0.20546875 0.0390625 0.04765625
0 0.42890625 0.25 0.03125 0.04609375
0 0.40859375 0.30703125 0.0296875 0.03125
0 0.884375 0.20234375 0.025 0.0375
0 0.64140625 0.65078125 0.0359375 0.03984375
0 0.5359375 0.5625 0.034375 0.05390625
0 0.3375 0.55390625 0.040625 0.04140625
0 0.58203125 0.68984375 0.0296875 0.03359375
0 0.56953125 0.653125 0.0296875 0.03515625
0 0.134375 0.10859375 0.05625 0.05
0 0.36640625 0.26484375 0.0328125 0.0375
0 0.7328125 0.36484375 0.0328125 0.03984375
0 0.89765625 0.23515625 0.028125 0.0375
0 0.05703125 0.53984375 0.03125 0.03515625
0 0.76875 0.98515625 0.034375 0.02890625
1 0.54296875 0.68828125 0.1265625 0.15234375
1 0.13828125 0.10703125 0.0671875 0.06875
1 0.36796875 0.27734375 0.0859375 0.0875
1 0.628125 0.84375 0.059375 0.06640625