0 0.05 0.60859375 0.04375 0.05625
0 0.19296875 0.94453125 0.0359375 0.04765625
0 0.18125 0.88515625 0.028125 0.04609375
0 0.2765625 0.90625 0.0359375 0.04375
0 0.6359375 0.853125 0.03125 0.03984375
0 0.6109375 0.84296875 0.034375 0.04140625
0 0.65234375 0.83828125 0.0328125 0.03984375
0 0.8609375 0.753125 0.03125 0.03359375
0 0.8984375 0.6375 0.0421875 0.04765625
0 0.78125 0.41171875 0.0375 0.04609375
0 0.7 0.31875 0.034375 0.03984375
0 0.86171875 0.21875 0.0296875 0.0375
0 0.79296875 0.23125 0.0296875 0.03515625
0 0.7296875 0.35703125 0.028125 0.03984375
0 0.95390625 0.10390625 0.028125 0.04375
0 0.85234375 0.0625 0.0328125 0.04609375
0 0.83046875 0.03125 0.0296875 0.05
0 0.65390625 0.11171875 0.0390625 0.04765625
0 0.6390625 0.16796875 0.034375 0.04375
0 0.61640625 0.28984375 0.0328125 0.04765625
0 0.5828125 0.45546875 0.028125 0.03125
0 0.5515625 0.48671875 0.0375 0.03984375
0 0.48359375 0.66953125 0.034375 0.04765625
0 0.39140625 0.57265625 0.0328125 0.03984375
0 0.37578125 0.55 0.028125 0.0375
0 0.3890625 0.459375 0.03125 0.03984375
0 0.35703125 0.39609375 0.0359375 0.04140625
0 0.3328125 0.428125 0.0359375 0.02734375
0 0.33203125 0.44296875 0.0359375 0.03125
0 0.2296875 0.50625 0.0375 0.04765625
0 0.1625 0.43671875 0.0375 0.03984375
0 0.1125 0.37421875 0.03125 0.04140625
0 0.11953125 0.31484375 0.0328125 0.04375
0 0.0328125 0.31484375 0.040625 0.04140625
0 0.02421875 0.31015625 0.028125 0.03984375
0 0.36640625 0.8 0.0390625 0.04765625
0 0.31015625 0.325 0.05 0.05234375
0 0.40078125 0.34609375 0.028125 0.03515625
0 0.47578125 0.31015625 0.034375 0.03515625
0 0.5875 0.21328125 0.040625 0.05234375
0 0.38671875 0.021875 0.034375 0.04375
0 0.421875 0.03203125 0.0296875 0.03515625
0 0.409375 0.1625 0.03125 0.04140625
0 0.4046875 0.20078125 0.0421875 0.03515625
0 0.3625 0.20703125 0.0390625 0.04765625
0 0.42265625 0.24609375 0.03125 0.04609375
0 0.39296875 0.3 0.0265625 0.03515625
0 0.86171875 0.178125 0.03125 0.04375
0 0.63125 0.65390625 0.034375 0.03984375
0 0.5359375 0.5625 0.034375 0.05390625
0 0.58203125 0.68984375 0.0296875 0.03359375
0 0.56953125 0.653125 0.0296875 0.03515625
0 0.11640625 0.10078125 0.05625 0.05
0 0.36640625 0.26484375 0.0328125 0.0375
0 0.4140625 0.6 0.028125 0.03984375
0 0.48046875 0.26484375 0.03125 0.0375
0 0.7359375 0.675 0.03125 0.04375
0 0.20625 0.9890625 0.03125 0.021875
0 0.97890625 0.44453125 0.0265625 0.04375
0 0.340625 0.80703125 0.034375 0.04609375
0 0.42578125 0.140625 0.034375 0.04140625
1 0.54296875 0.68828125 0.1265625 0.15234375
1 0.13828125 0.10703125 0.0671875 0.06875
1 0.36796875 0.27734375 0.0859375 0.0875
1 0.628125 0.84375 0.059375 0.06640625