0 0.0484375 0.60234375 0.04375 0.05625
0 0.19140625 0.94296875 0.0359375 0.04765625
0 0.1796875 0.88125 0.028125 0.04609375
0 0.2578125 0.89375 0.0375 0.04375
0 0.6296875 0.85546875 0.03125 0.03984375
0 0.58046875 0.840625 0.034375 0.05
0 0.6578125 0.82109375 0.0328125 0.03984375
0 0.859375 0.753125 0.03125 0.03359375
0 0.88828125 0.62265625 0.0421875 0.04765625
0 0.815625 0.44375 0.0375 0.04609375
0 0.60546875 0.33671875 0.0359375 0.03984375
0 0.85703125 0.21484375 0.0296875 0.0375
0 0.78125 0.21796875 0.0296875 0.03515625
0 0.71796875 0.36015625 0.028125 0.03984375
0 0.9515625 0.103125 0.028125 0.04375
0 0.8484375 0.05703125 0.0328125 0.04609375
0 0.81484375 0.02734375 0.0296875 0.05
0 0.63828125 0.11015625 0.0390625 0.04765625
0 0.6296875 0.1625 0.034375 0.04375
0 0.6140625 0.28828125 0.0328125 0.04765625
0 0.57265625 0.446875 0.028125 0.03125
0 0.546875 0.48046875 0.0375 0.03984375
0 0.48125 0.66796875 0.034375 0.04765625
0 0.3765625 0.5625 0.0328125 0.03984375
0 0.36484375 0.53671875 0.028125 0.0375
0 0.35703125 0.440625 0.03125 0.03984375
0 0.3328125 0.38125 0.0359375 0.04140625
0 0.33203125 0.428125 0.0359375 0.02734375
0 0.33046875 0.44296875 0.0359375 0.03125
0 0.2234375 0.49453125 0.0375 0.04765625
0 0.15234375 0.4375 0.0375 0.03984375
0 0.0953125 0.36484375 0.0375 0.05390625
0 0.1203125 0.315625 0.0328125 0.04375
0 0.0328125 0.31484375 0.040625 0.04140625
0 0.0234375 0.309375 0.028125 0.03984375
0 0.36171875 0.79375 0.0390625 0.04765625
0 0.31171875 0.32109375 0.05 0.05234375
0 0.4015625 0.346875 0.028125 0.03515625
0 0.46875 0.3125 0.034375 0.04609375
0 0.58359375 0.21171875 0.040625 0.05234375
0 0.4203125 0.0375 0.0296875 0.03515625
0 0.4078125 0.1625 0.03125 0.04140625
0 0.384375 0.19296875 0.0421875 0.03515625
0 0.3546875 0.19765625 0.0390625 0.04765625
0 0.4234375 0.25 0.03125 0.04609375
0 0.3875 0.30546875 0.0265625 0.03515625
0 0.8609375 0.175 0.03125 0.04375
0 0.62890625 0.65 0.034375 0.03984375
0 0.5359375 0.5625 0.034375 0.05390625
0 0.58203125 0.68984375 0.0296875 0.03359375
0 0.56953125 0.653125 0.0296875 0.03515625
0 0.1140625 0.1 0.05625 0.05
0 0.36640625 0.26484375 0.0328125 0.0375
0 0.16484375 0.14375 0.0296875 0.04609375
0 0.33828125 0.821875 0.0296875 0.03984375
0 0.19609375 0.98515625 0.0328125 0.02890625
0 0.8359375 0.93046875 0.0328125 0.04765625
0 0.79921875 0.70859375 0.0375 0.05
0 0.69296875 0.47578125 0.0390625 0.03515625
0 0.790625 0.16171875 0.025 0.03984375
0 0.80234375 0.50546875 0.0453125 0.05234375
0 0.94375 0.428125 0.0265625 0.04375
0 0.46171875 0.875 0.0390625 0.05390625
0 0.5375 0.72109375 0.0296875 0.04375
0 0.04765625 0.20078125 0.0265625 0.04375
1 0.54296875 0.68828125 0.1265625 0.15234375
1 0.13828125 0.10703125 0.0671875 0.06875
1 0.36796875 0.27734375 0.0859375 0.0875
1 0.628125 0.84375 0.059375 0.06640625