0 0.05 0.609375 0.04375 0.05625
0 0.19375 0.94453125 0.0359375 0.04765625
0 0.18203125 0.88515625 0.028125 0.04609375
0 0.27890625 0.90703125 0.034375 0.04375
0 0.63671875 0.853125 0.03125 0.03984375
0 0.6171875 0.84140625 0.034375 0.04140625
0 0.66171875 0.884375 0.0328125 0.03984375
0 0.8609375 0.75234375 0.03125 0.03359375
0 0.90078125 0.63671875 0.0421875 0.04765625
0 0.73671875 0.44921875 0.0375 0.04609375
0 0.72421875 0.32421875 0.034375 0.03984375
0 0.86328125 0.21640625 0.0296875 0.0375
0 0.80703125 0.23828125 0.0296875 0.03515625
0 0.73671875 0.35625 0.028125 0.03984375
0 0.95390625 0.10390625 0.028125 0.04375
0 0.85234375 0.0625 0.0328125 0.04609375
0 0.83359375 0.03125 0.0296875 0.05
0 0.6546875 0.11171875 0.0390625 0.04765625
0 0.63984375 0.16875 0.034375 0.04375
0 0.61484375 0.290625 0.0328125 0.04765625
0 0.58359375 0.45625 0.028125 0.03125
0 0.5515625 0.48671875 0.0375 0.03984375
0 0.48828125 0.66328125 0.034375 0.04765625
0 0.39296875 0.571875 0.0328125 0.03984375
0 0.37734375 0.55078125 0.028125 0.0375
0 0.3875 0.459375 0.03125 0.03984375
0 0.35859375 0.4 0.0359375 0.04140625
0 0.33203125 0.428125 0.0359375 0.02734375
0 0.33203125 0.44296875 0.0359375 0.03125
0 0.2296875 0.50859375 0.0375 0.04765625
0 0.1625 0.4375 0.0375 0.03984375
0 0.11640625 0.37578125 0.03125 0.04140625
0 0.11953125 0.31328125 0.0328125 0.04375
0 0.0328125 0.31484375 0.040625 0.04140625
0 0.02421875 0.31015625 0.028125 0.03984375
0 0.3640625 0.80078125 0.0390625 0.04765625
0 0.31171875 0.325 0.05 0.05234375
0 0.40078125 0.34609375 0.028125 0.03515625
0 0.4796875 0.31015625 0.034375 0.03359375
0 0.5890625 0.21328125 0.040625 0.05234375
0 0.375 0.03125 0.034375 0.04375
0 0.42265625 0.03046875 0.0296875 0.03515625
0 0.40859375 0.16171875 0.03125 0.04140625
0 0.4078125 0.2 0.0421875 0.03515625
0 0.3640625 0.20859375 0.0390625 0.04765625
0 0.4234375 0.24609375 0.03125 0.04609375
0 0.39296875 0.29921875 0.0265625 0.03515625
0 0.86171875 0.175 0.03125 0.04375
0 0.63203125 0.653125 0.034375 0.03984375
0 0.5359375 0.5625 0.034375 0.05390625
0 0.58203125 0.68984375 0.0296875 0.03359375
0 0.56953125 0.653125 0.0296875 0.03515625
0 0.1171875 0.10078125 0.05625 0.05
0 0.36640625 0.26484375 0.0328125 0.0375
0 0.3171875 0.36875 0.028125 0.03984375
0 0.5796875 0.3125 0.03125 0.0375
0 0.6234375 0.63671875 0.03125 0.04375
0 0.20625 0.9890625 0.03125 0.021875
0 0.98359375 0.45 0.025 0.04140625
0 0.6 0.05234375 0.034375 0.04140625
1 0.54296875 0.68828125 0.1265625 0.15234375
1 0.13828125 0.10703125 0.0671875 0.06875
1 0.36796875 0.27734375 0.0859375 0.0875
1 0.628125 0.84375 0.059375 0.06640625