0 0.08828125 0.62109375 0.0265625 0.03359375
0 0.20625 0.953125 0.0359375 0.04765625
0 0.19921875 0.884375 0.028125 0.04609375
0 0.3078125 0.91328125 0.034375 0.04375
0 0.159375 0.75546875 0.028125 0.03125
0 0.6484375 0.85390625 0.03125 0.03359375
0 0.63671875 0.846875 0.034375 0.04140625
0 0.71953125 0.88359375 0.0328125 0.0375
0 0.96015625 0.20234375 0.0328125 0.05
0 0.859375 0.746875 0.03125 0.03359375
0 0.94609375 0.65703125 0.0421875 0.04765625
0 0.81640625 0.50078125 0.0375 0.04609375
0 0.88984375 0.30078125 0.034375 0.03984375
0 0.86953125 0.22890625 0.0296875 0.0375
0 0.84140625 0.27265625 0.0296875 0.03515625
0 0.75703125 0.34921875 0.028125 0.03984375
0 0.83671875 0.515625 0.0359375 0.04609375
0 0.9578125 0.109375 0.028125 0.04375
0 0.871875 0.07421875 0.0328125 0.04609375
0 0.84453125 0.03359375 0.0296875 0.05
0 0.67734375 0.13046875 0.04375 0.04765625
0 0.6546875 0.17109375 0.034375 0.04375
0 0.625 0.296875 0.0328125 0.04765625
0 0.58984375 0.46015625 0.028125 0.03125
0 0.55703125 0.4875 0.0375 0.03984375
0 0.496875 0.653125 0.034375 0.04765625
0 0.40859375 0.575 0.0328125 0.03359375
0 0.0703125 0.84453125 0.04375 0.05
0 0.3890625 0.53828125 0.028125 0.0375
0 0.3890625 0.459375 0.03125 0.0375
0 0.38671875 0.421875 0.0359375 0.04140625
0 0.33359375 0.428125 0.0359375 0.02734375
0 0.334375 0.44296875 0.0359375 0.03125
0 0.24921875 0.503125 0.0375 0.04765625
0 0.17734375 0.43125 0.0375 0.04140625
0 0.16015625 0.3875 0.03125 0.04140625
0 0.12578125 0.31796875 0.0328125 0.04375
0 0.0328125 0.31484375 0.040625 0.04140625
0 0.025 0.31171875 0.028125 0.03984375
0 0.3671875 0.80078125 0.0390625 0.04765625
0 0.32734375 0.33046875 0.05 0.05234375
0 0.39921875 0.34609375 0.028125 0.03515625
0 0.4859375 0.31015625 0.034375 0.03359375
0 0.60078125 0.21796875 0.040625 0.04609375
0 0.5 0.10234375 0.034375 0.04375
0 0.43515625 0.02421875 0.0296875 0.03515625
0 0.40859375 0.15078125 0.0265625 0.0375
0 0.4296875 0.16640625 0.0421875 0.03515625
0 0.39453125 0.20546875 0.0390625 0.04765625
0 0.42890625 0.25 0.03125 0.04609375
0 0.40703125 0.30625 0.0296875 0.03125
0 0.88125 0.20234375 0.025 0.0375
0 0.63984375 0.65078125 0.0359375 0.03984375
0 0.5359375 0.5625 0.034375 0.05390625
0 0.25 0.47734375 0.040625 0.04140625
0 0.58203125 0.68984375 0.0296875 0.03359375
0 0.56953125 0.653125 0.0296875 0.03515625
0 0.13203125 0.10703125 0.05625 0.05
0 0.36640625 0.26484375 0.0328125 0.0375
0 0.63671875 0.28203125 0.0328125 0.03984375
0 0.88515625 0.375 0.028125 0.0375
0 0.14921875 0.52578125 0.03125 0.03515625
0 0.978125 0.16328125 0.0203125 0.03984375
0 0.93203125 0.79921875 0.034375 0.04765625
0 0.665625 0.934375 0.03125 0.03984375
0 0.01171875 0.97109375 0.0234375 0.04140625
1 0.54296875 0.68828125 0.1265625 0.15234375
1 0.13828125 0.10703125 0.0671875 0.06875
1 0.36796875 0.27734375 0.0859375 0.0875
1 0.628125 0.84375 0.059375 0.06640625