0 0.05 0.60625 0.04375 0.05625
0 0.1921875 0.94375 0.0359375 0.04765625
0 0.18125 0.884375 0.028125 0.04609375
0 0.2734375 0.90625 0.0359375 0.04375
0 0.63515625 0.853125 0.03125 0.03984375
0 0.60390625 0.84375 0.034375 0.04140625
0 0.678125 0.81796875 0.0328125 0.03984375
0 0.8609375 0.75390625 0.03125 0.03359375
0 0.89765625 0.6375 0.0421875 0.04765625
0 0.76796875 0.440625 0.0375 0.04609375
0 0.67734375 0.33125 0.034375 0.03984375
0 0.859375 0.21875 0.0296875 0.0375
0 0.79296875 0.22890625 0.0296875 0.03515625
0 0.72578125 0.35625 0.028125 0.03984375
0 0.953125 0.103125 0.028125 0.04375
0 0.8515625 0.0625 0.0328125 0.04609375
0 0.825 0.03125 0.0296875 0.05
0 0.653125 0.1125 0.0390625 0.04765625
0 0.63828125 0.16796875 0.034375 0.04375
0 0.615625 0.28828125 0.0328125 0.04765625
0 0.58125 0.453125 0.028125 0.03125
0 0.55078125 0.48515625 0.0375 0.03984375
0 0.48203125 0.67109375 0.034375 0.04765625
0 0.3890625 0.57421875 0.0328125 0.03984375
0 0.371875 0.55 0.028125 0.0375
0 0.38359375 0.45546875 0.03125 0.03984375
0 0.3546875 0.39140625 0.0359375 0.04140625
0 0.33359375 0.428125 0.0359375 0.02734375
0 0.33203125 0.44296875 0.0359375 0.03125
0 0.228125 0.50390625 0.0375 0.04765625
0 0.1609375 0.4375 0.0375 0.03984375
0 0.1078125 0.371875 0.03125 0.04140625
0 0.11953125 0.315625 0.0328125 0.04375
0 0.0328125 0.31484375 0.040625 0.04140625
0 0.02421875 0.31015625 0.028125 0.03984375
0 0.36875 0.79765625 0.0390625 0.04765625
0 0.309375 0.32421875 0.05 0.05234375
0 0.40078125 0.34609375 0.028125 0.03515625
0 0.4703125 0.31015625 0.034375 0.0375
0 0.58671875 0.21328125 0.040625 0.05234375
0 0.378125 0.009375 0.0234375 0.01875
0 0.42109375 0.03359375 0.0296875 0.03515625
0 0.409375 0.1625 0.03125 0.04140625
0 0.39921875 0.19921875 0.0421875 0.03515625
0 0.3609375 0.20625 0.0390625 0.04765625
0 0.421875 0.24609375 0.03125 0.04609375
0 0.3921875 0.30078125 0.0265625 0.03515625
0 0.8625 0.18046875 0.03125 0.04375
0 0.63046875 0.65390625 0.034375 0.03984375
0 0.5359375 0.5625 0.034375 0.05390625
0 0.58203125 0.68984375 0.0296875 0.03359375
0 0.56953125 0.653125 0.0296875 0.03515625
0 0.115625 0.10078125 0.05625 0.05
0 0.36640625 0.26484375 0.0328125 0.0375
0 0.4875 0.86171875 0.028125 0.03984375
0 0.45625 0.45859375 0.0296875 0.0375
0 0.875 0.80546875 0.03125 0.04375
0 0.63515625 0.10703125 0.0328125 0.04140625
0 0.36953125 0.92578125 0.040625 0.0375
0 0.2046875 0.9890625 0.03125 0.021875
0 0.971875 0.43671875 0.0265625 0.04375
0 0.6828125 0.04921875 0.0296875 0.04375
0 0.16796875 0.60703125 0.0359375 0.04375
0 0.01015625 0.14453125 0.0203125 0.02890625
0 0.21484375 0.16171875 0.034375 0.04140625
1 0.54296875 0.68828125 0.1265625 0.15234375
1 0.13828125 0.10703125 0.0671875 0.06875
1 0.36796875 0.27734375 0.0859375 0.0875
1 0.628125 0.84375 0.059375 0.06640625