0 0.07578125 0.62578125 0.04375 0.05625
0 0.20546875 0.95 0.034375 0.04765625
0 0.190625 0.8875 0.028125 0.04609375
0 0.30234375 0.9125 0.034375 0.04375
0 0.64375 0.85390625 0.03125 0.03984375
0 0.6375 0.84765625 0.034375 0.04140625
0 0.6890625 0.85078125 0.0328125 0.03359375
0 0.86015625 0.74765625 0.03125 0.03359375
0 0.925 0.64921875 0.0421875 0.04765625
0 0.80546875 0.49140625 0.0375 0.04609375
0 0.8609375 0.30546875 0.034375 0.03984375
0 0.865625 0.22578125 0.0296875 0.0375
0 0.83515625 0.265625 0.0296875 0.03515625
0 0.7546875 0.35234375 0.028125 0.03984375
0 0.628125 0.71796875 0.0375 0.04609375
0 0.95703125 0.10546875 0.028125 0.04375
0 0.86796875 0.06953125 0.0328125 0.04609375
0 0.84375 0.03359375 0.0296875 0.05
0 0.6765625 0.125 0.0421875 0.04765625
0 0.65234375 0.171875 0.034375 0.04375
0 0.615625 0.29375 0.0328125 0.04765625
0 0.58828125 0.45859375 0.028125 0.03125
0 0.55625 0.48671875 0.0375 0.03984375
0 0.49609375 0.65546875 0.034375 0.04765625
0 0.40625 0.57421875 0.0328125 0.03359375
0 0.3859375 0.54765625 0.028125 0.0375
0 0.3828125 0.45546875 0.03125 0.03984375
0 0.37421875 0.41875 0.0359375 0.04140625
0 0.3328125 0.428125 0.0359375 0.02734375
0 0.334375 0.44296875 0.0359375 0.03125
0 0.23671875 0.50546875 0.0375 0.04765625
0 0.1703125 0.43125 0.0375 0.04140625
0 0.15703125 0.3875 0.03125 0.04140625
0 0.12421875 0.31796875 0.0328125 0.04375
0 0.0328125 0.31484375 0.040625 0.04140625
0 0.025 0.31171875 0.028125 0.03984375
0 0.365625 0.80625 0.0390625 0.04765625
0 0.32421875 0.32890625 0.05 0.05234375
0 0.39921875 0.34609375 0.028125 0.03515625
0 0.48515625 0.31171875 0.034375 0.03515625
0 0.59609375 0.215625 0.040625 0.05234375
0 0.44375 0.08046875 0.034375 0.04375
0 0.4328125 0.02421875 0.0296875 0.03515625
0 0.4078125 0.15625 0.028125 0.03984375
0 0.428125 0.16640625 0.0421875 0.03515625
0 0.3875 0.20625 0.0390625 0.04765625
0 0.4296875 0.246875 0.03125 0.04609375
0 0.403125 0.30234375 0.028125 0.03359375
0 0.88203125 0.190625 0.0296875 0.04140625
0 0.6359375 0.65546875 0.034375 0.03984375
0 0.5359375 0.5625 0.034375 0.05390625
0 0.58203125 0.68984375 0.0296875 0.03359375
0 0.56953125 0.653125 0.0296875 0.03515625
0 0.125 0.10390625 0.05625 0.05
0 0.36640625 0.26484375 0.0328125 0.0375
0 0.35234375 0.49453125 0.0328125 0.03984375
0 0.96953125 0.89140625 0.0265625 0.03515625
0 0.55234375 0.45703125 0.0328125 0.0375
0 0.94375 0.69453125 0.0203125 0.03984375
0 0.60546875 0.98515625 0.040625 0.02890625
0 0.303125 0.90078125 0.0296875 0.03984375
0 0.96015625 0.95625 0.021875 0.02890625
0 0.9765625 0.484375 0.034375 0.04375
0 0.04140625 0.03515625 0.0265625 0.03515625
1 0.54296875 0.68828125 0.1265625 0.15234375
1 0.13828125 0.10703125 0.0671875 0.06875
1 0.36796875 0.27734375 0.0859375 0.0875
1 0.628125 0.84375 0.059375 0.06640625