0 0.06328125 0.609375 0.04375 0.05625
0 0.196875 0.94921875 0.0359375 0.04765625
0 0.184375 0.88828125 0.028125 0.04609375
0 0.29375 0.91171875 0.034375 0.04375
0 0.640625 0.853125 0.03125 0.03984375
0 0.63046875 0.84609375 0.034375 0.04140625
0 0.68671875 0.91171875 0.0328125 0.03984375
0 0.86015625 0.75 0.03125 0.03359375
0 0.90703125 0.63828125 0.0421875 0.04765625
0 0.79296875 0.478125 0.0375 0.04609375
0 0.82421875 0.30234375 0.034375 0.03984375
0 0.86796875 0.21875 0.0296875 0.0375
0 0.8203125 0.25 0.0296875 0.03515625
0 0.74609375 0.353125 0.028125 0.03984375
0 0.95703125 0.10390625 0.028125 0.04375
0 0.86015625 0.065625 0.0328125 0.04609375
0 0.8390625 0.03125 0.0296875 0.05
0 0.66484375 0.115625 0.0390625 0.04765625
0 0.64609375 0.17109375 0.034375 0.04375
0 0.6078125 0.29140625 0.0328125 0.04765625
0 0.58671875 0.45703125 0.028125 0.03125
0 0.55625 0.48671875 0.0375 0.03984375
0 0.49453125 0.65625 0.034375 0.04765625
0 0.4 0.578125 0.0328125 0.0375
0 0.38203125 0.55546875 0.028125 0.0375
0 0.38359375 0.45625 0.03125 0.03984375
0 0.36015625 0.40390625 0.0359375 0.04140625
0 0.33203125 0.428125 0.0359375 0.02734375
0 0.33359375 0.44296875 0.0359375 0.03125
0 0.23046875 0.50859375 0.0375 0.04765625
0 0.1671875 0.43671875 0.0375 0.04140625
0 0.15078125 0.38515625 0.03125 0.04140625
0 0.121875 0.31640625 0.0328125 0.04375
0 0.0328125 0.31484375 0.040625 0.04140625
0 0.02421875 0.31015625 0.028125 0.03984375
0 0.35859375 0.80859375 0.0390625 0.04765625
0 0.31875 0.328125 0.05 0.05234375
0 0.4 0.34453125 0.028125 0.03515625
0 0.48125 0.31171875 0.034375 0.03125
0 0.59375 0.215625 0.040625 0.05234375
0 0.41640625 0.03515625 0.034375 0.04375
0 0.42734375 0.02734375 0.0296875 0.03515625
0 0.40625 0.16328125 0.03125 0.04140625
0 0.42109375 0.19140625 0.0421875 0.03515625
0 0.37890625 0.209375 0.0390625 0.04765625
0 0.42734375 0.24296875 0.03125 0.04609375
0 0.396875 0.296875 0.0265625 0.03515625
0 0.8671875 0.18359375 0.03125 0.04375
0 0.6359375 0.653125 0.034375 0.03984375
0 0.5359375 0.5625 0.034375 0.05390625
0 0.58203125 0.68984375 0.0296875 0.03359375
0 0.56953125 0.653125 0.0296875 0.03515625
0 0.11953125 0.10234375 0.05625 0.05
0 0.36640625 0.26484375 0.0328125 0.0375
0 0.89765625 0.346875 0.034375 0.04375
0 0.1296875 0.81640625 0.03125 0.04140625
0 0.10546875 0.16796875 0.0296875 0.03984375
0 0.3625 0.484375 0.03125 0.03984375
0 0.975 0.47890625 0.0265625 0.03359375
0 0.8984375 0.58203125 0.034375 0.03984375
0 0.21015625 0.99140625 0.03125 0.01640625
0 0.77734375 0.10625 0.0359375 0.0375
0 0.4578125 0.05625 0.03125 0.0375
1 0.54296875 0.68828125 0.1265625 0.15234375
1 0.13828125 0.10703125 0.0671875 0.06875
1 0.36796875 0.27734375 0.0859375 0.0875
1 0.628125 0.84375 0.059375 0.06640625