0 0.08125 0.62421875 0.0390625 0.05
0 0.2078125 0.95078125 0.034375 0.04765625
0 0.19375 0.88671875 0.028125 0.04609375
0 0.3046875 0.91328125 0.034375 0.04375
0 0.0359375 0.765625 0.028125 0.03125
0 0.64609375 0.85546875 0.03125 0.03984375
0 0.63828125 0.84765625 0.034375 0.04140625
0 0.6875 0.88046875 0.028125 0.04140625
0 0.859375 0.746875 0.03125 0.03359375
0 0.9359375 0.653125 0.0421875 0.04765625
0 0.81015625 0.49453125 0.0375 0.04609375
0 0.87421875 0.30234375 0.034375 0.03984375
0 0.86328125 0.22890625 0.0296875 0.0375
0 0.8390625 0.27109375 0.0296875 0.03515625
0 0.75546875 0.35 0.028125 0.03984375
0 0.71953125 0.60234375 0.0421875 0.04609375
0 0.9546875 0.10546875 0.028125 0.04375
0 0.8703125 0.071875 0.0328125 0.04609375
0 0.84453125 0.03359375 0.0296875 0.05
0 0.678125 0.12578125 0.04375 0.04765625
0 0.65390625 0.171875 0.034375 0.04375
0 0.6203125 0.29453125 0.0328125 0.04765625
0 0.5890625 0.459375 0.028125 0.03125
0 0.55625 0.48671875 0.0375 0.03984375
0 0.49609375 0.65390625 0.034375 0.04765625
0 0.40703125 0.57421875 0.0328125 0.03359375
0 0.38671875 0.54140625 0.028125 0.0375
0 0.3859375 0.45703125 0.03125 0.03984375
0 0.38359375 0.425 0.0359375 0.04140625
0 0.3328125 0.428125 0.0359375 0.02734375
0 0.334375 0.44296875 0.0359375 0.03125
0 0.2421875 0.50390625 0.0375 0.04765625
0 0.17265625 0.43125 0.0375 0.04140625
0 0.15859375 0.3875 0.03125 0.04140625
0 0.125 0.31796875 0.0328125 0.04375
0 0.0328125 0.31484375 0.040625 0.04140625
0 0.025 0.31171875 0.028125 0.03984375
0 0.36640625 0.80390625 0.0390625 0.04765625
0 0.325 0.33046875 0.05 0.05234375
0 0.39921875 0.34609375 0.028125 0.03515625
0 0.4859375 0.31171875 0.034375 0.03515625
0 0.596875 0.215625 0.040625 0.05234375
0 0.47109375 0.10703125 0.034375 0.04375
0 0.43359375 0.02421875 0.0296875 0.03515625
0 0.4078125 0.153125 0.028125 0.0375
0 0.42890625 0.16640625 0.0421875 0.03515625
0 0.390625 0.20546875 0.0390625 0.04765625
0 0.42890625 0.24765625 0.03125 0.04609375
0 0.4046875 0.30390625 0.0296875 0.03125
0 0.88515625 0.19296875 0.0265625 0.03984375
0 0.64375 0.64921875 0.034375 0.03984375
0 0.5359375 0.5625 0.034375 0.05390625
0 0.11796875 0.29375 0.0375 0.04609375
0 0.58203125 0.68984375 0.0296875 0.03359375
0 0.56953125 0.653125 0.0296875 0.03515625
0 0.128125 0.10546875 0.05625 0.05
0 0.36640625 0.26484375 0.0328125 0.0375
0 0.43125 0.27265625 0.0328125 0.03984375
0 0.9234375 0.64140625 0.028125 0.0375
0 0.359375 0.51171875 0.03125 0.03515625
0 0.94375 0.44921875 0.0203125 0.03984375
0 0.74921875 0.89375 0.034375 0.04765625
0 0.5078125 0.89296875 0.03125 0.03984375
1 0.54296875 0.68828125 0.1265625 0.15234375
1 0.13828125 0.10703125 0.0671875 0.06875
1 0.36796875 0.27734375 0.0859375 0.0875
1 0.628125 0.84375 0.059375 0.06640625