0 0.07265625 0.625 0.04375 0.05625
0 0.203125 0.95 0.0359375 0.04765625
0 0.18828125 0.88828125 0.028125 0.04609375
0 0.30078125 0.9125 0.034375 0.04375
0 0.6421875 0.853125 0.03125 0.03984375
0 0.6359375 0.846875 0.034375 0.04140625
0 0.7046875 0.83359375 0.0328125 0.03984375
0 0.86015625 0.74765625 0.03125 0.03359375
0 0.91953125 0.64609375 0.0421875 0.04765625
0 0.8046875 0.490625 0.0375 0.04609375
0 0.85078125 0.30546875 0.034375 0.03984375
0 0.86640625 0.225 0.0296875 0.0375
0 0.8328125 0.2625 0.0296875 0.03515625
0 0.7546875 0.353125 0.028125 0.03984375
0 0.76328125 0.86953125 0.0375 0.04609375
0 0.95859375 0.10546875 0.028125 0.04375
0 0.865625 0.06875 0.0328125 0.04609375
0 0.84296875 0.03359375 0.0296875 0.05
0 0.67578125 0.12421875 0.040625 0.04765625
0 0.65078125 0.171875 0.034375 0.04375
0 0.6125 0.29375 0.0328125 0.04765625
0 0.58828125 0.45859375 0.028125 0.03125
0 0.55625 0.48671875 0.0375 0.03984375
0 0.4953125 0.65625 0.034375 0.04765625
0 0.40546875 0.57265625 0.0328125 0.03359375
0 0.38515625 0.55 0.028125 0.0375
0 0.3859375 0.453125 0.03125 0.03984375
0 0.36640625 0.41015625 0.0359375 0.04140625
0 0.3328125 0.428125 0.0359375 0.02734375
0 0.334375 0.44296875 0.0359375 0.03125
0 0.234375 0.50625 0.0375 0.04765625
0 0.16953125 0.43203125 0.0375 0.04140625
0 0.15625 0.3875 0.03125 0.04140625
0 0.12421875 0.31796875 0.0328125 0.04375
0 0.0328125 0.31484375 0.040625 0.04140625
0 0.025 0.31171875 0.028125 0.03984375
0 0.36328125 0.80625 0.0390625 0.04765625
0 0.32265625 0.32890625 0.05 0.05234375
0 0.4 0.34453125 0.028125 0.03515625
0 0.484375 0.31171875 0.034375 0.03359375
0 0.5953125 0.215625 0.040625 0.05234375
0 0.43828125 0.04921875 0.034375 0.04375
0 0.43125 0.02421875 0.0296875 0.03515625
0 0.4078125 0.15703125 0.028125 0.03984375
0 0.428125 0.16796875 0.0421875 0.03515625
0 0.38515625 0.20703125 0.0390625 0.04765625
0 0.4296875 0.24609375 0.03125 0.04609375
0 0.4015625 0.30078125 0.028125 0.03359375
0 0.87890625 0.18828125 0.03125 0.04375
0 0.63671875 0.65390625 0.034375 0.03984375
0 0.5359375 0.5625 0.034375 0.05390625
0 0.58203125 0.68984375 0.0296875 0.03359375
0 0.56953125 0.653125 0.0296875 0.03515625
0 0.12265625 0.103125 0.05625 0.05
0 0.36640625 0.26484375 0.0328125 0.0375
0 0.37578125 0.55078125 0.0296875 0.04609375
0 0.6796875 0.375 0.034375 0.04140625
0 0.94296875 0.88671875 0.0203125 0.03984375
0 0.1828125 0.853125 0.0296875 0.03984375
0 0.8796875 0.48984375 0.034375 0.04375
0 0.20625 0.13125 0.0296875 0.04140625
0 0.0875 0.725 0.03125 0.04140625
0 0.5390625 0.97734375 0.03125 0.03984375
0 0.89296875 0.98046875 0.0296875 0.03515625
0 0.01640625 0.96328125 0.0296875 0.03984375
1 0.54296875 0.68828125 0.1265625 0.15234375
1 0.13828125 0.10703125 0.0671875 0.06875
1 0.36796875 0.27734375 0.0859375 0.0875
1 0.628125 0.84375 0.059375 0.06640625