0 0.075 0.625 0.04375 0.05625
0 0.2046875 0.95 0.034375 0.04765625
0 0.18984375 0.88828125 0.028125 0.04609375
0 0.30234375 0.9125 0.034375 0.04375
0 0.64375 0.85390625 0.03125 0.03984375
0 0.6375 0.846875 0.034375 0.04140625
0 0.6921875 0.84453125 0.0328125 0.03359375
0 0.86015625 0.74765625 0.03125 0.03359375
0 0.92265625 0.64765625 0.0421875 0.04765625
0 0.80546875 0.49140625 0.0375 0.04609375
0 0.8578125 0.30546875 0.034375 0.03984375
0 0.865625 0.22578125 0.0296875 0.0375
0 0.834375 0.26484375 0.0296875 0.03515625
0 0.7546875 0.35234375 0.028125 0.03984375
0 0.65546875 0.76953125 0.0375 0.04609375
0 0.95703125 0.10546875 0.028125 0.04375
0 0.8671875 0.06953125 0.0328125 0.04609375
0 0.84375 0.03359375 0.0296875 0.05
0 0.6765625 0.125 0.0421875 0.04765625
0 0.65234375 0.171875 0.034375 0.04375
0 0.61484375 0.29375 0.0328125 0.04765625
0 0.58828125 0.45859375 0.028125 0.03125
0 0.55625 0.48671875 0.0375 0.03984375
0 0.49609375 0.65625 0.034375 0.04765625
0 0.40625 0.57265625 0.0328125 0.03359375
0 0.3859375 0.54921875 0.028125 0.0375
0 0.384375 0.453125 0.03125 0.03984375
0 0.371875 0.41640625 0.0359375 0.04140625
0 0.3328125 0.428125 0.0359375 0.02734375
0 0.334375 0.44296875 0.0359375 0.03125
0 0.23671875 0.50546875 0.0375 0.04765625
0 0.1703125 0.43203125 0.0375 0.04140625
0 0.15703125 0.3875 0.03125 0.04140625
0 0.12421875 0.31796875 0.0328125 0.04375
0 0.0328125 0.31484375 0.040625 0.04140625
0 0.025 0.31171875 0.028125 0.03984375
0 0.36484375 0.80625 0.0390625 0.04765625
0 0.3234375 0.32890625 0.05 0.05234375
0 0.39921875 0.34609375 0.028125 0.03515625
0 0.484375 0.31171875 0.034375 0.03359375
0 0.59609375 0.215625 0.040625 0.05234375
0 0.4546875 0.06796875 0.034375 0.04375
0 0.43203125 0.02421875 0.0296875 0.03515625
0 0.4078125 0.15625 0.028125 0.03984375
0 0.428125 0.16640625 0.0421875 0.03515625
0 0.38671875 0.20625 0.0390625 0.04765625
0 0.4296875 0.246875 0.03125 0.04609375
0 0.40234375 0.30234375 0.028125 0.03359375
0 0.88125 0.18984375 0.0296875 0.04140625
0 0.6359375 0.65546875 0.034375 0.03984375
0 0.5359375 0.5625 0.034375 0.05390625
0 0.58203125 0.68984375 0.0296875 0.03359375
0 0.56953125 0.653125 0.0296875 0.03515625
0 0.12421875 0.10390625 0.05625 0.05
0 0.36640625 0.26484375 0.0328125 0.0375
0 0.3640625 0.56328125 0.0296875 0.04609375
0 0.9796875 0.91328125 0.0296875 0.03984375
0 0.57578125 0.44765625 0.034375 0.04140625
0 0.9421875 0.73515625 0.0203125 0.03984375
0 0.28203125 0.90234375 0.0296875 0.03984375
0 0.921875 0.97734375 0.021875 0.02890625
0 0.96328125 0.48671875 0.034375 0.04375
0 0.08984375 0.06640625 0.025 0.03515625
1 0.54296875 0.68828125 0.1265625 0.15234375
1 0.13828125 0.10703125 0.0671875 0.06875
1 0.36796875 0.27734375 0.0859375 0.0875
1 0.628125 0.84375 0.059375 0.06640625