0 0.0578125 0.61171875 0.04375 0.05625
0 0.19609375 0.94765625 0.0359375 0.04765625
0 0.184375 0.88828125 0.028125 0.04609375
0 0.290625 0.91171875 0.034375 0.04375
0 0.63984375 0.853125 0.03125 0.03984375
0 0.62890625 0.84609375 0.034375 0.04140625
0 0.665625 0.88125 0.0328125 0.03984375
0 0.86015625 0.75 0.03125 0.03359375
0 0.90234375 0.63671875 0.0421875 0.04765625
0 0.77734375 0.43046875 0.0375 0.04609375
0 0.82421875 0.30546875 0.034375 0.03984375
0 0.8671875 0.21796875 0.0296875 0.0375
0 0.81953125 0.24765625 0.0296875 0.03515625
0 0.74453125 0.35390625 0.028125 0.03984375
0 0.95625 0.103125 0.028125 0.04375
0 0.85859375 0.06484375 0.0328125 0.04609375
0 0.8375 0.03046875 0.0296875 0.05
0 0.66328125 0.11484375 0.0390625 0.04765625
0 0.64453125 0.17109375 0.034375 0.04375
0 0.60703125 0.290625 0.0328125 0.04765625
0 0.5859375 0.45703125 0.028125 0.03125
0 0.55546875 0.48671875 0.0375 0.03984375
0 0.49375 0.65546875 0.034375 0.04765625
0 0.3984375 0.57578125 0.0328125 0.03984375
0 0.38125 0.55625 0.028125 0.0375
0 0.384375 0.45703125 0.03125 0.03984375
0 0.36171875 0.40546875 0.0359375 0.04140625
0 0.33125 0.428125 0.0359375 0.02734375
0 0.3328125 0.44296875 0.0359375 0.03125
0 0.23046875 0.51015625 0.0375 0.04765625
0 0.16484375 0.43984375 0.0375 0.04140625
0 0.14453125 0.38203125 0.03125 0.04140625
0 0.121875 0.31484375 0.0328125 0.04375
0 0.0328125 0.31484375 0.040625 0.04140625
0 0.02421875 0.31015625 0.028125 0.03984375
0 0.359375 0.80625 0.0390625 0.04765625
0 0.31640625 0.328125 0.05 0.05234375
0 0.4 0.34453125 0.028125 0.03515625
0 0.48359375 0.309375 0.034375 0.03125
0 0.59296875 0.215625 0.040625 0.05234375
0 0.4140625 0.034375 0.034375 0.04375
0 0.425 0.02734375 0.0296875 0.03515625
0 0.40703125 0.16328125 0.03125 0.04140625
0 0.4171875 0.20234375 0.0421875 0.03515625
0 0.378125 0.209375 0.0390625 0.04765625
0 0.4265625 0.24140625 0.03125 0.04609375
0 0.396875 0.296875 0.0265625 0.03515625
0 0.865625 0.18046875 0.03125 0.04375
0 0.63515625 0.653125 0.034375 0.03984375
0 0.5359375 0.5625 0.034375 0.05390625
0 0.58203125 0.68984375 0.0296875 0.03359375
0 0.56953125 0.653125 0.0296875 0.03515625
0 0.11875 0.10234375 0.05625 0.05
0 0.36640625 0.26484375 0.0328125 0.0375
0 0.96484375 0.39921875 0.034375 0.04375
0 0.015625 0.77734375 0.03125 0.04140625
0 0.2203125 0.49609375 0.0296875 0.03984375
0 0.34921875 0.27421875 0.03125 0.03984375
0 0.9921875 0.39375 0.015625 0.03515625
0 0.94140625 0.83671875 0.0296875 0.03984375
0 0.21015625 0.990625 0.03125 0.01875
0 0.96796875 0.1625 0.034375 0.0375
1 0.54296875 0.68828125 0.1265625 0.15234375
1 0.13828125 0.10703125 0.0671875 0.06875
1 0.36796875 0.27734375 0.0859375 0.0875
1 0.628125 0.84375 0.059375 0.06640625