0 0.07890625 0.62578125 0.0421875 0.05390625
0 0.20703125 0.95078125 0.034375 0.04765625
0 0.1921875 0.8875 0.028125 0.04609375
0 0.30390625 0.9125 0.034375 0.04375
0 0.6453125 0.85390625 0.03125 0.03984375
0 0.6390625 0.84765625 0.034375 0.04140625
0 0.68359375 0.87109375 0.0328125 0.03359375
0 0.859375 0.746875 0.03125 0.03359375
0 0.93203125 0.65078125 0.0421875 0.04765625
0 0.80625 0.49375 0.0375 0.04609375
0 0.8703125 0.31015625 0.034375 0.03984375
0 0.8640625 0.228125 0.0296875 0.0375
0 0.8375 0.26875 0.0296875 0.03515625
0 0.7546875 0.35078125 0.028125 0.03984375
0 0.64140625 0.65 0.0421875 0.04609375
0 0.95546875 0.10546875 0.028125 0.04375
0 0.86953125 0.07109375 0.0328125 0.04609375
0 0.84375 0.03359375 0.0296875 0.05
0 0.67734375 0.12578125 0.04375 0.04765625
0 0.653125 0.171875 0.034375 0.04375
0 0.61796875 0.29375 0.0328125 0.04765625
0 0.5890625 0.459375 0.028125 0.03125
0 0.55625 0.48671875 0.0375 0.03984375
0 0.49609375 0.65546875 0.034375 0.04765625
0 0.40703125 0.57421875 0.0328125 0.03359375
0 0.3859375 0.54375 0.028125 0.0375
0 0.38515625 0.45625 0.03125 0.03984375
0 0.3796875 0.42578125 0.0359375 0.04140625
0 0.3328125 0.428125 0.0359375 0.02734375
0 0.334375 0.44296875 0.0359375 0.03125
0 0.23984375 0.50546875 0.0375 0.04765625
0 0.17109375 0.43125 0.0375 0.04140625
0 0.1578125 0.3875 0.03125 0.04140625
0 0.125 0.31796875 0.0328125 0.04375
0 0.0328125 0.31484375 0.040625 0.04140625
0 0.025 0.31171875 0.028125 0.03984375
0 0.36640625 0.80546875 0.0390625 0.04765625
0 0.325 0.32890625 0.05 0.05234375
0 0.39921875 0.34609375 0.028125 0.03515625
0 0.48515625 0.31171875 0.034375 0.03515625
0 0.596875 0.215625 0.040625 0.05234375
0 0.44609375 0.09921875 0.034375 0.04375
0 0.43359375 0.02421875 0.0296875 0.03515625
0 0.4078125 0.15390625 0.028125 0.0375
0 0.42890625 0.16640625 0.0421875 0.03515625
0 0.3890625 0.20546875 0.0390625 0.04765625
0 0.42890625 0.24765625 0.03125 0.04609375
0 0.40390625 0.303125 0.028125 0.03359375
0 0.884375 0.19140625 0.028125 0.03984375
0 0.64375 0.65078125 0.034375 0.03984375
0 0.5359375 0.5625 0.034375 0.05390625
0 0.0546875 0.23515625 0.0359375 0.04375
0 0.58203125 0.68984375 0.0296875 0.03359375
0 0.56953125 0.653125 0.0296875 0.03515625
0 0.12734375 0.10546875 0.05625 0.05
0 0.36640625 0.26484375 0.0328125 0.0375
0 0.3921875 0.34609375 0.0328125 0.03984375
0 0.96015625 0.734375 0.028125 0.0375
0 0.43984375 0.50625 0.03125 0.03515625
0 0.9453125 0.55390625 0.0203125 0.03984375
0 0.6796875 0.91484375 0.0359375 0.04375
0 0.4234375 0.90703125 0.03125 0.03984375
1 0.54296875 0.68828125 0.1265625 0.15234375
1 0.13828125 0.10703125 0.0671875 0.06875
1 0.36796875 0.27734375 0.0859375 0.0875
1 0.628125 0.84375 0.059375 0.06640625