0 0.05 0.60546875 0.04375 0.05625
0 0.1921875 0.94375 0.0359375 0.04765625
0 0.18046875 0.884375 0.028125 0.04609375
0 0.271875 0.90546875 0.0375 0.04375
0 0.634375 0.853125 0.03125 0.03984375
0 0.6 0.84375 0.034375 0.04140625
0 0.6859375 0.83671875 0.0328125 0.03984375
0 0.8609375 0.75546875 0.03125 0.03359375
0 0.89765625 0.6375 0.0421875 0.04765625
0 0.765625 0.44296875 0.0375 0.04609375
0 0.67265625 0.32578125 0.0359375 0.03984375
0 0.85859375 0.21875 0.0296875 0.0375
0 0.79296875 0.228125 0.0296875 0.03515625
0 0.725 0.35703125 0.028125 0.03984375
0 0.953125 0.103125 0.028125 0.04375
0 0.8515625 0.0625 0.0328125 0.04609375
0 0.82265625 0.03125 0.0296875 0.05
0 0.653125 0.1125 0.0390625 0.04765625
0 0.6375 0.16640625 0.034375 0.04375
0 0.61484375 0.2875 0.0328125 0.04765625
0 0.58046875 0.45234375 0.028125 0.03125
0 0.55 0.484375 0.0375 0.03984375
0 0.48125 0.67109375 0.034375 0.04765625
0 0.3875 0.57265625 0.0328125 0.03984375
0 0.36953125 0.55 0.028125 0.0375
0 0.3796875 0.453125 0.03125 0.03984375
0 0.353125 0.390625 0.0359375 0.04140625
0 0.3328125 0.428125 0.0359375 0.02734375
0 0.33125 0.44296875 0.0359375 0.03125
0 0.22734375 0.503125 0.0375 0.04765625
0 0.16015625 0.43828125 0.0375 0.03984375
0 0.10625 0.37109375 0.03125 0.04140625
0 0.11953125 0.31640625 0.0328125 0.04375
0 0.0328125 0.31484375 0.040625 0.04140625
0 0.0234375 0.309375 0.028125 0.03984375
0 0.36875 0.79765625 0.0390625 0.04765625
0 0.309375 0.32421875 0.05 0.05234375
0 0.40078125 0.34609375 0.028125 0.03515625
0 0.46875 0.31015625 0.034375 0.0375
0 0.5859375 0.21328125 0.040625 0.05234375
0 0.42109375 0.034375 0.0296875 0.03515625
0 0.409375 0.1625 0.03125 0.04140625
0 0.396875 0.196875 0.0421875 0.03515625
0 0.359375 0.20625 0.0390625 0.04765625
0 0.421875 0.24609375 0.03125 0.04609375
0 0.3921875 0.30234375 0.0265625 0.03515625
0 0.86171875 0.178125 0.03125 0.04375
0 0.63046875 0.65546875 0.034375 0.03984375
0 0.5359375 0.5625 0.034375 0.05390625
0 0.58203125 0.68984375 0.0296875 0.03359375
0 0.56953125 0.653125 0.0296875 0.03515625
0 0.115625 0.1 0.05625 0.05
0 0.36640625 0.26484375 0.0328125 0.0375
0 0.51796875 0.99453125 0.0265625 0.01015625
0 0.38515625 0.48828125 0.0296875 0.0375
0 0.95625 0.79453125 0.03125 0.04375
0 0.53203125 0.12734375 0.0328125 0.04140625
0 0.30546875 0.87578125 0.040625 0.0375
0 0.4703125 0.97265625 0.03125 0.03984375
0 0.20390625 0.98828125 0.03125 0.02265625
0 0.9703125 0.43671875 0.0265625 0.04375
0 0.66953125 0.12578125 0.0296875 0.04140625
0 0.0546875 0.55625 0.0359375 0.04375
0 0.1015625 0.178125 0.03125 0.03515625
1 0.54296875 0.68828125 0.1265625 0.15234375
1 0.13828125 0.10703125 0.0671875 0.06875
1 0.36796875 0.27734375 0.0859375 0.0875
1 0.628125 0.84375 0.059375 0.06640625