0 0.08515625 0.62265625 0.03125 0.03984375
0 0.2078125 0.95234375 0.034375 0.04765625
0 0.196875 0.88515625 0.028125 0.04609375
0 0.30703125 0.91328125 0.034375 0.04375
0 0.1109375 0.734375 0.028125 0.03125
0 0.64765625 0.85546875 0.03125 0.0375
0 0.6375 0.846875 0.034375 0.04140625
0 0.70546875 0.88515625 0.028125 0.04140625
0 0.859375 0.746875 0.03125 0.03359375
0 0.94375 0.65625 0.0421875 0.04765625
0 0.81484375 0.496875 0.0375 0.04609375
0 0.8859375 0.29921875 0.034375 0.03984375
0 0.8671875 0.22890625 0.0296875 0.0375
0 0.84140625 0.271875 0.0296875 0.03515625
0 0.75625 0.34921875 0.028125 0.03984375
0 0.8546875 0.55703125 0.0421875 0.04609375
0 0.95625 0.10703125 0.028125 0.04375
0 0.87109375 0.07265625 0.0328125 0.04609375
0 0.84453125 0.03359375 0.0296875 0.05
0 0.67734375 0.12890625 0.04375 0.04765625
0 0.6546875 0.171875 0.034375 0.04375
0 0.62265625 0.29453125 0.0328125 0.04765625
0 0.58984375 0.46015625 0.028125 0.03125
0 0.55625 0.48671875 0.0375 0.03984375
0 0.496875 0.65390625 0.034375 0.04765625
0 0.4078125 0.575 0.0328125 0.03359375
0 0.3890625 0.540625 0.028125 0.0375
0 0.38828125 0.45859375 0.03125 0.03984375
0 0.3859375 0.42265625 0.0359375 0.04140625
0 0.33359375 0.428125 0.0359375 0.02734375
0 0.334375 0.44296875 0.0359375 0.03125
0 0.24609375 0.503125 0.0375 0.04765625
0 0.175 0.43125 0.0375 0.04140625
0 0.159375 0.3875 0.03125 0.04140625
0 0.12578125 0.31796875 0.0328125 0.04375
0 0.0328125 0.31484375 0.040625 0.04140625
0 0.025 0.31171875 0.028125 0.03984375
0 0.3671875 0.80234375 0.0390625 0.04765625
0 0.32578125 0.33046875 0.05 0.05234375
0 0.39921875 0.34609375 0.028125 0.03515625
0 0.4859375 0.31171875 0.034375 0.03515625
0 0.59921875 0.21640625 0.040625 0.04765625
0 0.48359375 0.09921875 0.034375 0.04375
0 0.434375 0.02421875 0.0296875 0.03515625
0 0.40859375 0.15234375 0.0265625 0.0375
0 0.42890625 0.16640625 0.0421875 0.03515625
0 0.39296875 0.20546875 0.0390625 0.04765625
0 0.42890625 0.24921875 0.03125 0.04609375
0 0.40625 0.30546875 0.0296875 0.03125
0 0.88671875 0.19453125 0.025 0.0375
0 0.64140625 0.65 0.0359375 0.03984375
0 0.5359375 0.5625 0.034375 0.05390625
0 0.19296875 0.40546875 0.0375 0.04609375
0 0.58203125 0.68984375 0.0296875 0.03359375
0 0.56953125 0.653125 0.0296875 0.03515625
0 0.13046875 0.10625 0.05625 0.05
0 0.36640625 0.26484375 0.0328125 0.0375
0 0.5484375 0.25625 0.0328125 0.03984375
0 0.89296875 0.49921875 0.028125 0.0375
0 0.23046875 0.4625 0.03125 0.03515625
0 0.95859375 0.28671875 0.0203125 0.03984375
0 0.8546875 0.84140625 0.034375 0.04765625
0 0.5921875 0.85625 0.03125 0.03984375
1 0.54296875 0.68828125 0.1265625 0.15234375
1 0.13828125 0.10703125 0.0671875 0.06875
1 0.36796875 0.27734375 0.0859375 0.0875
1 0.628125 0.84375 0.059375 0.06640625