0 0.0484375 0.60234375 0.04375 0.05625
0 0.19140625 0.94296875 0.0359375 0.04765625
0 0.1796875 0.88125 0.028125 0.04609375
0 0.25703125 0.89375 0.0375 0.04375
0 0.6296875 0.85546875 0.03125 0.03984375
0 0.5796875 0.840625 0.034375 0.05
0 0.65859375 0.82421875 0.0328125 0.03984375
0 0.859375 0.75234375 0.03125 0.03359375
0 0.8875 0.62109375 0.0421875 0.04765625
0 0.81953125 0.434375 0.0375 0.04609375
0 0.6 0.33359375 0.0359375 0.03984375
0 0.85703125 0.21484375 0.0296875 0.0375
0 0.78203125 0.215625 0.0296875 0.03515625
0 0.7171875 0.36015625 0.028125 0.03984375
0 0.9515625 0.103125 0.028125 0.04375
0 0.8484375 0.05703125 0.0328125 0.04609375
0 0.8140625 0.02734375 0.0296875 0.05
0 0.6375 0.11015625 0.0390625 0.04765625
0 0.62890625 0.16171875 0.034375 0.04375
0 0.61328125 0.28828125 0.0328125 0.04765625
0 0.57265625 0.446875 0.028125 0.03125
0 0.546875 0.48046875 0.0375 0.03984375
0 0.48125 0.66796875 0.034375 0.04765625
0 0.3765625 0.5625 0.0328125 0.03984375
0 0.3640625 0.53515625 0.028125 0.0375
0 0.35703125 0.440625 0.03125 0.03984375
0 0.33203125 0.38125 0.0359375 0.04140625
0 0.33203125 0.428125 0.0359375 0.02734375
0 0.33046875 0.44296875 0.0359375 0.03125
0 0.22265625 0.49375 0.0375 0.04765625
0 0.15234375 0.43671875 0.0375 0.03984375
0 0.0953125 0.36484375 0.0375 0.05390625
0 0.11953125 0.315625 0.0328125 0.04375
0 0.0328125 0.31484375 0.040625 0.04140625
0 0.0234375 0.309375 0.028125 0.03984375
0 0.3609375 0.79296875 0.0390625 0.04765625
0 0.31171875 0.32109375 0.05 0.05234375
0 0.4015625 0.346875 0.028125 0.03515625
0 0.46875 0.3125 0.034375 0.04609375
0 0.5828125 0.21171875 0.040625 0.05234375
0 0.4203125 0.0375 0.0296875 0.03515625
0 0.4078125 0.1625 0.03125 0.04140625
0 0.38515625 0.19296875 0.0421875 0.03515625
0 0.3546875 0.19765625 0.0390625 0.04765625
0 0.4234375 0.25078125 0.03125 0.04609375
0 0.3875 0.30546875 0.0265625 0.03515625
0 0.8609375 0.175 0.03125 0.04375
0 0.628125 0.64921875 0.034375 0.03984375
0 0.5359375 0.5625 0.034375 0.05390625
0 0.58203125 0.68984375 0.0296875 0.03359375
0 0.56953125 0.653125 0.0296875 0.03515625
0 0.1140625 0.1 0.05625 0.05
0 0.36640625 0.26484375 0.0328125 0.0375
0 0.1703125 0.109375 0.0296875 0.04609375
0 0.3359375 0.821875 0.0296875 0.03984375
0 0.19609375 0.984375 0.0328125 0.03125
0 0.83515625 0.928125 0.0328125 0.04765625
0 0.79296875 0.71640625 0.0375 0.05
0 0.66484375 0.48125 0.0390625 0.03515625
0 0.778125 0.13203125 0.025 0.03984375
0 0.796875 0.55546875 0.040625 0.05234375
0 0.94296875 0.42734375 0.0265625 0.04375
0 0.45078125 0.86953125 0.0421875 0.04609375
0 0.53125 0.740625 0.0296875 0.04375
0 0.053125 0.221875 0.034375 0.0375
1 0.54296875 0.68828125 0.1265625 0.15234375
1 0.13828125 0.10703125 0.0671875 0.06875
1 0.36796875 0.27734375 0.0859375 0.0875
1 0.628125 0.84375 0.059375 0.06640625