0 0.08671875 0.62578125 0.0375 0.05234375
0 0.21328125 0.95625 0.034375 0.04765625
0 0.20546875 0.88203125 0.028125 0.04609375
0 0.3109375 0.91328125 0.034375 0.04375
0 0.3015625 0.96953125 0.0265625 0.02890625
0 0.65546875 0.85390625 0.03125 0.03359375
0 0.63515625 0.84609375 0.034375 0.04140625
0 0.73359375 0.853125 0.028125 0.04375
0 0.846875 0.58359375 0.0328125 0.05
0 0.85859375 0.74609375 0.03125 0.03359375
0 0.94609375 0.65390625 0.0421875 0.04765625
0 0.84453125 0.540625 0.034375 0.03515625
0 0.94296875 0.44609375 0.0265625 0.03515625
0 0.915625 0.30859375 0.034375 0.03984375
0 0.871875 0.22265625 0.0296875 0.0375
0 0.8359375 0.29375 0.0390625 0.03359375
0 0.7625 0.34921875 0.03125 0.03984375
0 0.90703125 0.26640625 0.0375 0.04609375
0 0.9609375 0.11328125 0.028125 0.04375
0 0.87265625 0.07421875 0.0328125 0.04609375
0 0.84609375 0.03125 0.0296875 0.05
0 0.6828125 0.13125 0.04375 0.04765625
0 0.65625 0.16875 0.034375 0.04375
0 0.63046875 0.30078125 0.0328125 0.04765625
0 0.590625 0.46171875 0.028125 0.03125
0 0.55859375 0.48828125 0.0375 0.03984375
0 0.49765625 0.65078125 0.034375 0.04765625
0 0.4078125 0.57421875 0.0328125 0.03359375
0 0.30859375 0.665625 0.0375 0.04609375
0 0.3953125 0.5375 0.028125 0.0375
0 0.39296875 0.46171875 0.03125 0.0375
0 0.3890625 0.42109375 0.0359375 0.04140625
0 0.33359375 0.428125 0.0359375 0.02734375
0 0.33515625 0.44296875 0.0359375 0.03125
0 0.25859375 0.50390625 0.0375 0.04765625
0 0.18203125 0.43125 0.0375 0.04140625
0 0.16171875 0.3875 0.03125 0.04140625
0 0.1265625 0.31875 0.0328125 0.04375
0 0.1359375 0.12421875 0.034375 0.05234375
0 0.0328125 0.31484375 0.040625 0.04140625
0 0.025 0.31171875 0.028125 0.03984375
0 0.3671875 0.79921875 0.0390625 0.04765625
0 0.33203125 0.32890625 0.05 0.05234375
0 0.3984375 0.346875 0.028125 0.03515625
0 0.4859375 0.309375 0.034375 0.03125
0 0.60625 0.22109375 0.0390625 0.03984375
0 0.53359375 0.11796875 0.034375 0.04375
0 0.4359375 0.02421875 0.0296875 0.03515625
0 0.409375 0.14765625 0.025 0.03515625
0 0.43046875 0.165625 0.0421875 0.03515625
0 0.3984375 0.20546875 0.0390625 0.04765625
0 0.428125 0.25078125 0.03125 0.04609375
0 0.409375 0.309375 0.03125 0.02890625
0 0.884375 0.203125 0.025 0.0375
0 0.64296875 0.65078125 0.0375 0.03984375
0 0.5359375 0.5625 0.034375 0.05390625
0 0.4609375 0.640625 0.040625 0.04140625
0 0.58203125 0.68984375 0.0296875 0.03359375
0 0.56953125 0.653125 0.0296875 0.03515625
0 0.13671875 0.109375 0.05625 0.05
0 0.36640625 0.26484375 0.0328125 0.0375
0 0.88125 0.45703125 0.0328125 0.03984375
0 0.91953125 0.02734375 0.028125 0.03515625
1 0.54296875 0.68828125 0.1265625 0.15234375
1 0.13828125 0.10703125 0.0671875 0.06875
1 0.36796875 0.27734375 0.0859375 0.0875
1 0.628125 0.84375 0.059375 0.06640625