0 0.0484375 0.60078125 0.04375 0.05625
0 0.19140625 0.94296875 0.0359375 0.04765625
0 0.1796875 0.88125 0.028125 0.04609375
0 0.25625 0.89296875 0.0375 0.04375
0 0.6296875 0.85546875 0.03125 0.03984375
0 0.578125 0.83984375 0.034375 0.05
0 0.66015625 0.83515625 0.0328125 0.03984375
0 0.859375 0.75234375 0.03125 0.03359375
0 0.88671875 0.61796875 0.0421875 0.04765625
0 0.85703125 0.415625 0.0375 0.04609375
0 0.58046875 0.32734375 0.0359375 0.03984375
0 0.85703125 0.2125 0.0296875 0.0375
0 0.78203125 0.215625 0.0296875 0.03515625
0 0.7171875 0.359375 0.028125 0.03984375
0 0.9515625 0.10078125 0.028125 0.04375
0 0.84765625 0.05625 0.0328125 0.04609375
0 0.81171875 0.02890625 0.0296875 0.05
0 0.63828125 0.10625 0.0390625 0.04765625
0 0.628125 0.16171875 0.034375 0.04375
0 0.61171875 0.28828125 0.0328125 0.04765625
0 0.571875 0.446875 0.028125 0.03125
0 0.546875 0.48046875 0.0375 0.03984375
0 0.48125 0.66796875 0.034375 0.04765625
0 0.37578125 0.56171875 0.0328125 0.03984375
0 0.3640625 0.53515625 0.028125 0.0375
0 0.35625 0.440625 0.03125 0.03984375
0 0.33046875 0.38125 0.0359375 0.04140625
0 0.33203125 0.428125 0.0359375 0.02734375
0 0.33046875 0.44296875 0.0359375 0.03125
0 0.2203125 0.49296875 0.0375 0.04765625
0 0.1515625 0.43671875 0.0375 0.03984375
0 0.09296875 0.36640625 0.0375 0.05390625
0 0.11953125 0.315625 0.0328125 0.04375
0 0.0328125 0.31484375 0.040625 0.04140625
0 0.0234375 0.309375 0.028125 0.03984375
0 0.36015625 0.79296875 0.0390625 0.04765625
0 0.3125 0.31953125 0.05 0.05234375
0 0.4015625 0.346875 0.028125 0.03515625
0 0.46875 0.3125 0.034375 0.04609375
0 0.5828125 0.21171875 0.040625 0.05234375
0 0.41953125 0.03828125 0.0296875 0.03515625
0 0.4078125 0.1625 0.03125 0.04140625
0 0.38671875 0.19296875 0.0421875 0.03515625
0 0.35390625 0.196875 0.0390625 0.04765625
0 0.4234375 0.25234375 0.03125 0.04609375
0 0.38671875 0.30546875 0.0265625 0.03515625
0 0.8609375 0.17421875 0.03125 0.04375
0 0.628125 0.64921875 0.034375 0.03984375
0 0.5359375 0.5625 0.034375 0.05390625
0 0.58203125 0.68984375 0.0296875 0.03359375
0 0.56953125 0.653125 0.0296875 0.03515625
0 0.1140625 0.1 0.05625 0.05
0 0.36640625 0.26484375 0.0328125 0.0375
0 0.18359375 0.03046875 0.0296875 0.04609375
0 0.328125 0.81953125 0.0296875 0.03984375
0 0.19609375 0.984375 0.0328125 0.03125
0 0.83671875 0.93125 0.0328125 0.04765625
0 0.77265625 0.73359375 0.0375 0.05
0 0.60703125 0.50234375 0.0390625 0.03515625
0 0.7515625 0.08359375 0.025 0.03984375
0 0.8375 0.6125 0.0359375 0.05234375
0 0.94140625 0.42578125 0.0265625 0.04375
0 0.41875 0.83359375 0.0421875 0.04609375
0 0.51484375 0.78671875 0.0296875 0.04375
0 0.08515625 0.27578125 0.03125 0.04140625
1 0.54296875 0.68828125 0.1265625 0.15234375
1 0.13828125 0.10703125 0.0671875 0.06875
1 0.36796875 0.27734375 0.0859375 0.0875
1 0.628125 0.84375 0.059375 0.06640625