0 0.0484375 0.60546875 0.04375 0.05625
0 0.19140625 0.94296875 0.0359375 0.04765625
0 0.18046875 0.88203125 0.028125 0.04609375
0 0.26328125 0.89921875 0.0375 0.04375
0 0.63046875 0.85546875 0.03125 0.03984375
0 0.59140625 0.84375 0.034375 0.05
0 0.63046875 0.84296875 0.0328125 0.03984375
0 0.86015625 0.75546875 0.03125 0.03359375
0 0.89296875 0.64140625 0.0421875 0.04765625
0 0.81875 0.45703125 0.0375 0.04609375
0 0.6625 0.328125 0.0359375 0.04140625
0 0.85859375 0.21484375 0.0296875 0.0375
0 0.790625 0.228125 0.0296875 0.03515625
0 0.7203125 0.3625 0.028125 0.03984375
0 0.95234375 0.103125 0.028125 0.04375
0 0.85 0.06015625 0.0328125 0.04609375
0 0.81875 0.02734375 0.0296875 0.05
0 0.64609375 0.11328125 0.0390625 0.04765625
0 0.63359375 0.16328125 0.034375 0.04375
0 0.6171875 0.28671875 0.0328125 0.04765625
0 0.5765625 0.44921875 0.028125 0.03125
0 0.5484375 0.48203125 0.0375 0.03984375
0 0.48046875 0.66953125 0.034375 0.04765625
0 0.38046875 0.56796875 0.0328125 0.03984375
0 0.36640625 0.53828125 0.028125 0.0375
0 0.3625 0.44453125 0.03125 0.03984375
0 0.3421875 0.38515625 0.0359375 0.04140625
0 0.33203125 0.428125 0.0359375 0.02734375
0 0.33125 0.44296875 0.0359375 0.03125
0 0.225 0.49765625 0.0375 0.04765625
0 0.15625 0.43984375 0.0375 0.03984375
0 0.0984375 0.36640625 0.0390625 0.05390625
0 0.1203125 0.31640625 0.0328125 0.04375
0 0.0328125 0.31484375 0.040625 0.04140625
0 0.0234375 0.309375 0.028125 0.03984375
0 0.36640625 0.79609375 0.0390625 0.04765625
0 0.3078125 0.32421875 0.05 0.05234375
0 0.4015625 0.346875 0.028125 0.03515625
0 0.46875 0.31171875 0.034375 0.04140625
0 0.584375 0.21171875 0.040625 0.05234375
0 0.42109375 0.03515625 0.0296875 0.03515625
0 0.409375 0.1625 0.03125 0.04140625
0 0.390625 0.190625 0.0421875 0.03515625
0 0.35703125 0.20078125 0.0390625 0.04765625
0 0.42734375 0.253125 0.03125 0.04609375
0 0.38984375 0.30546875 0.0265625 0.03515625
0 0.859375 0.17734375 0.03125 0.04375
0 0.6296875 0.65234375 0.034375 0.03984375
0 0.5359375 0.5625 0.034375 0.05390625
0 0.58203125 0.68984375 0.0296875 0.03359375
0 0.56953125 0.653125 0.0296875 0.03515625
0 0.1140625 0.1 0.05625 0.05
0 0.36640625 0.26484375 0.0328125 0.0375
0 0.33046875 0.9890625 0.0265625 0.021875
0 0.12265625 0.20703125 0.0296875 0.04140625
0 0.07421875 0.63125 0.028125 0.04609375
0 0.01015625 0.67421875 0.0203125 0.03515625
0 0.39296875 0.88828125 0.03125 0.03984375
0 0.31328125 0.953125 0.028125 0.04609375
0 0.19921875 0.98515625 0.0328125 0.02890625
0 0.9578125 0.62265625 0.0390625 0.05
0 0.928125 0.46953125 0.0359375 0.04140625
0 0.95703125 0.43359375 0.0265625 0.04375
0 0.6 0.509375 0.0296875 0.04375
1 0.54296875 0.68828125 0.1265625 0.15234375
1 0.13828125 0.10703125 0.0671875 0.06875
1 0.36796875 0.27734375 0.0859375 0.0875
1 0.628125 0.84375 0.059375 0.06640625