0 0.078125 0.62578125 0.04375 0.05625
0 0.20625 0.95 0.034375 0.04765625
0 0.19140625 0.8875 0.028125 0.04609375
0 0.30390625 0.9125 0.034375 0.04375
0 0.64453125 0.85390625 0.03125 0.03984375
0 0.63828125 0.84765625 0.034375 0.04140625
0 0.684375 0.865625 0.0328125 0.03359375
0 0.86015625 0.74765625 0.03125 0.03359375
0 0.9296875 0.65 0.0421875 0.04765625
0 0.80625 0.49296875 0.0375 0.04609375
0 0.8671875 0.30859375 0.034375 0.03984375
0 0.86484375 0.22734375 0.0296875 0.0375
0 0.8375 0.26875 0.0296875 0.03515625
0 0.7546875 0.35078125 0.028125 0.03984375
0 0.6125 0.66640625 0.0421875 0.04609375
0 0.95625 0.10546875 0.028125 0.04375
0 0.86875 0.07109375 0.0328125 0.04609375
0 0.84375 0.03359375 0.0296875 0.05
0 0.67734375 0.12578125 0.04375 0.04765625
0 0.653125 0.171875 0.034375 0.04375
0 0.6171875 0.29375 0.0328125 0.04765625
0 0.5890625 0.459375 0.028125 0.03125
0 0.55625 0.48671875 0.0375 0.03984375
0 0.49609375 0.65546875 0.034375 0.04765625
0 0.40703125 0.57421875 0.0328125 0.03359375
0 0.3859375 0.54453125 0.028125 0.0375
0 0.384375 0.45625 0.03125 0.03984375
0 0.37734375 0.42421875 0.0359375 0.04140625
0 0.3328125 0.428125 0.0359375 0.02734375
0 0.334375 0.44296875 0.0359375 0.03125
0 0.2390625 0.50546875 0.0375 0.04765625
0 0.17109375 0.43125 0.0375 0.04140625
0 0.1578125 0.3875 0.03125 0.04140625
0 0.125 0.31796875 0.0328125 0.04375
0 0.0328125 0.31484375 0.040625 0.04140625
0 0.025 0.31171875 0.028125 0.03984375
0 0.36640625 0.80546875 0.0390625 0.04765625
0 0.32421875 0.32890625 0.05 0.05234375
0 0.39921875 0.34609375 0.028125 0.03515625
0 0.48515625 0.31171875 0.034375 0.03515625
0 0.59609375 0.215625 0.040625 0.05234375
0 0.4421875 0.096875 0.034375 0.04375
0 0.4328125 0.02421875 0.0296875 0.03515625
0 0.4078125 0.15546875 0.028125 0.0375
0 0.42890625 0.16640625 0.0421875 0.03515625
0 0.38828125 0.20625 0.0390625 0.04765625
0 0.42890625 0.24765625 0.03125 0.04609375
0 0.40390625 0.303125 0.028125 0.03359375
0 0.88359375 0.190625 0.028125 0.04140625
0 0.63984375 0.65546875 0.034375 0.03984375
0 0.5359375 0.5625 0.034375 0.05390625
0 0.02578125 0.225 0.028125 0.0375
0 0.58203125 0.68984375 0.0296875 0.03359375
0 0.56953125 0.653125 0.0296875 0.03515625
0 0.1265625 0.10546875 0.05625 0.05
0 0.36640625 0.26484375 0.0328125 0.0375
0 0.40078125 0.39609375 0.0328125 0.03984375
0 0.96953125 0.77890625 0.028125 0.0375
0 0.478125 0.484375 0.03125 0.03515625
0 0.94140625 0.596875 0.0203125 0.03984375
0 0.64765625 0.93046875 0.0375 0.03984375
0 0.38203125 0.91640625 0.0296875 0.03984375
1 0.54296875 0.68828125 0.1265625 0.15234375
1 0.13828125 0.10703125 0.0671875 0.06875
1 0.36796875 0.27734375 0.0859375 0.0875
1 0.628125 0.84375 0.059375 0.06640625