0 0.05078125 0.61015625 0.04375 0.05625
0 0.19453125 0.94609375 0.0359375 0.04765625
0 0.18203125 0.88671875 0.028125 0.04609375
0 0.28125 0.90703125 0.034375 0.04375
0 0.6375 0.853125 0.03125 0.03984375
0 0.62109375 0.84140625 0.034375 0.04140625
0 0.6828125 0.89296875 0.0328125 0.03984375
0 0.8609375 0.75234375 0.03125 0.03359375
0 0.9015625 0.6375 0.0421875 0.04765625
0 0.74921875 0.41640625 0.0375 0.04609375
0 0.7546875 0.31953125 0.034375 0.03984375
0 0.8640625 0.215625 0.0296875 0.0375
0 0.81875 0.24140625 0.0296875 0.03515625
0 0.7390625 0.35546875 0.028125 0.03984375
0 0.9546875 0.10546875 0.028125 0.04375
0 0.853125 0.06328125 0.0328125 0.04609375
0 0.834375 0.03125 0.0296875 0.05
0 0.65703125 0.1125 0.0390625 0.04765625
0 0.63984375 0.16875 0.034375 0.04375
0 0.61328125 0.290625 0.0328125 0.04765625
0 0.584375 0.45703125 0.028125 0.03125
0 0.55234375 0.48671875 0.0375 0.03984375
0 0.4921875 0.65859375 0.034375 0.04765625
0 0.39453125 0.571875 0.0328125 0.03984375
0 0.37734375 0.55078125 0.028125 0.0375
0 0.38671875 0.459375 0.03125 0.03984375
0 0.359375 0.403125 0.0359375 0.04140625
0 0.33125 0.428125 0.0359375 0.02734375
0 0.33203125 0.44296875 0.0359375 0.03125
0 0.23046875 0.50859375 0.0375 0.04765625
0 0.1625 0.43828125 0.0375 0.03984375
0 0.11875 0.37734375 0.03125 0.04140625
0 0.1203125 0.31328125 0.0328125 0.04375
0 0.0328125 0.31484375 0.040625 0.04140625
0 0.02421875 0.31015625 0.028125 0.03984375
0 0.36328125 0.80234375 0.0390625 0.04765625
0 0.3125 0.32578125 0.05 0.05234375
0 0.40078125 0.34609375 0.028125 0.03515625
0 0.4828125 0.31015625 0.034375 0.03359375
0 0.58984375 0.21328125 0.040625 0.05234375
0 0.38046875 0.034375 0.034375 0.04375
0 0.42265625 0.03046875 0.0296875 0.03515625
0 0.40859375 0.16171875 0.03125 0.04140625
0 0.409375 0.19921875 0.0421875 0.03515625
0 0.365625 0.209375 0.0390625 0.04765625
0 0.4234375 0.24609375 0.03125 0.04609375
0 0.39375 0.29765625 0.0265625 0.03515625
0 0.8609375 0.17421875 0.03125 0.04375
0 0.6328125 0.653125 0.034375 0.03984375
0 0.5359375 0.5625 0.034375 0.05390625
0 0.58203125 0.68984375 0.0296875 0.03359375
0 0.56953125 0.653125 0.0296875 0.03515625
0 0.1171875 0.10078125 0.05625 0.05
0 0.36640625 0.26484375 0.0328125 0.0375
0 0.2453125 0.24296875 0.028125 0.03984375
0 0.6609375 0.38515625 0.028125 0.04140625
0 0.49296875 0.67734375 0.03125 0.04375
0 0.2078125 0.9890625 0.03125 0.021875
0 0.9875 0.453125 0.025 0.03984375
1 0.54296875 0.68828125 0.1265625 0.15234375
1 0.13828125 0.10703125 0.0671875 0.06875
1 0.36796875 0.27734375 0.0859375 0.0875
1 0.628125 0.84375 0.059375 0.06640625