0 0.06953125 0.62265625 0.04375 0.05625
0 0.2 0.94921875 0.0359375 0.04765625
0 0.184375 0.88984375 0.028125 0.04609375
0 0.29765625 0.9125 0.034375 0.04375
0 0.64140625 0.853125 0.03125 0.03984375
0 0.63359375 0.84609375 0.034375 0.04140625
0 0.71875 0.86484375 0.0328125 0.03984375
0 0.86015625 0.74921875 0.03125 0.03359375
0 0.9140625 0.64296875 0.0421875 0.04765625
0 0.803125 0.4875 0.0375 0.04609375
0 0.83984375 0.30390625 0.034375 0.03984375
0 0.86796875 0.221875 0.0296875 0.0375
0 0.82890625 0.25859375 0.0296875 0.03515625
0 0.75078125 0.353125 0.028125 0.03984375
0 0.95859375 0.10546875 0.028125 0.04375
0 0.86328125 0.06640625 0.0328125 0.04609375
0 0.84140625 0.03203125 0.0296875 0.05
0 0.671875 0.121875 0.040625 0.04765625
0 0.64921875 0.171875 0.034375 0.04375
0 0.60859375 0.29296875 0.0328125 0.04765625
0 0.5875 0.45703125 0.028125 0.03125
0 0.55625 0.48671875 0.0375 0.03984375
0 0.4953125 0.65703125 0.034375 0.04765625
0 0.40234375 0.58046875 0.0328125 0.03359375
0 0.3828125 0.55234375 0.028125 0.0375
0 0.38515625 0.45625 0.03125 0.03984375
0 0.3625 0.40546875 0.0359375 0.04140625
0 0.33203125 0.428125 0.0359375 0.02734375
0 0.33359375 0.44296875 0.0359375 0.03125
0 0.23125 0.50703125 0.0375 0.04765625
0 0.16953125 0.434375 0.0375 0.04140625
0 0.1546875 0.3875 0.03125 0.04140625
0 0.1234375 0.31796875 0.0328125 0.04375
0 0.0328125 0.31484375 0.040625 0.04140625
0 0.02421875 0.31015625 0.028125 0.03984375
0 0.3609375 0.80859375 0.0390625 0.04765625
0 0.32109375 0.328125 0.05 0.05234375
0 0.4 0.34453125 0.028125 0.03515625
0 0.4828125 0.31171875 0.034375 0.03359375
0 0.59453125 0.215625 0.040625 0.05234375
0 0.425 0.04375 0.034375 0.04375
0 0.4296875 0.025 0.0296875 0.03515625
0 0.40703125 0.16015625 0.0296875 0.03984375
0 0.42734375 0.16796875 0.0421875 0.03515625
0 0.38125 0.209375 0.0390625 0.04765625
0 0.42890625 0.24453125 0.03125 0.04609375
0 0.39921875 0.29921875 0.0265625 0.03515625
0 0.87421875 0.18671875 0.03125 0.04375
0 0.6375 0.653125 0.034375 0.03984375
0 0.5359375 0.5625 0.034375 0.05390625
0 0.58203125 0.68984375 0.0296875 0.03359375
0 0.56953125 0.653125 0.0296875 0.03515625
0 0.1203125 0.10234375 0.05625 0.05
0 0.36640625 0.26484375 0.0328125 0.0375
0 0.45390625 0.2625 0.0296875 0.04609375
0 0.86875 0.290625 0.034375 0.04140625
0 0.7515625 0.43046875 0.034375 0.04375
0 0.28984375 0.03125 0.0296875 0.04140625
0 0.215625 0.71875 0.03125 0.04140625
0 0.46640625 0.79453125 0.03125 0.03984375
0 0.95546875 0.6 0.028125 0.04140625
1 0.54296875 0.68828125 0.1265625 0.15234375
1 0.13828125 0.10703125 0.0671875 0.06875
1 0.36796875 0.27734375 0.0859375 0.0875
1 0.628125 0.84375 0.059375 0.06640625