0 0.08828125 0.628125 0.0375 0.05234375
0 0.2125 0.95703125 0.034375 0.04765625
0 0.2078125 0.88125 0.028125 0.04609375
0 0.3125 0.91328125 0.034375 0.04375
0 0.33125 0.94375 0.03125 0.03359375
0 0.65859375 0.85390625 0.03125 0.03359375
0 0.634375 0.84609375 0.034375 0.04140625
0 0.7296875 0.83359375 0.028125 0.04375
0 0.82265625 0.73359375 0.0328125 0.05
0 0.85546875 0.74375 0.03125 0.03359375
0 0.94609375 0.653125 0.0421875 0.04765625
0 0.87265625 0.51796875 0.034375 0.03515625
0 0.90625 0.41015625 0.0265625 0.03515625
0 0.91953125 0.284375 0.034375 0.03984375
0 0.87265625 0.221875 0.0296875 0.0375
0 0.84140625 0.296875 0.0421875 0.03359375
0 0.7625 0.34609375 0.03125 0.03984375
0 0.95703125 0.23203125 0.0390625 0.04375
0 0.9625 0.115625 0.028125 0.04375
0 0.87265625 0.07265625 0.0328125 0.04609375
0 0.84609375 0.03125 0.0296875 0.05
0 0.68515625 0.13203125 0.04375 0.04765625
0 0.65625 0.16796875 0.034375 0.04375
0 0.6328125 0.303125 0.0328125 0.04765625
0 0.590625 0.46171875 0.028125 0.03125
0 0.559375 0.48828125 0.0375 0.03984375
0 0.4984375 0.64921875 0.034375 0.04765625
0 0.4046875 0.57265625 0.0328125 0.03359375
0 0.3890625 0.575 0.0375 0.04609375
0 0.39765625 0.53515625 0.028125 0.0375
0 0.39453125 0.4625 0.03125 0.0375
0 0.38984375 0.42109375 0.0359375 0.04140625
0 0.33359375 0.428125 0.0359375 0.02734375
0 0.33515625 0.44296875 0.0359375 0.03125
0 0.26171875 0.50546875 0.0375 0.04765625
0 0.18359375 0.43125 0.0375 0.04140625
0 0.1625 0.3875 0.03125 0.04140625
0 0.12734375 0.31953125 0.0328125 0.04375
0 0.11875 0.221875 0.034375 0.05234375
0 0.0328125 0.31484375 0.040625 0.04140625
0 0.025 0.31171875 0.028125 0.03984375
0 0.36640625 0.79921875 0.0390625 0.04765625
0 0.33359375 0.328125 0.05 0.05234375
0 0.3984375 0.346875 0.028125 0.03515625
0 0.4859375 0.309375 0.034375 0.03125
0 0.6078125 0.221875 0.0390625 0.03515625
0 0.534375 0.128125 0.0390625 0.04375
0 0.43671875 0.02421875 0.0296875 0.03515625
0 0.409375 0.146875 0.025 0.03515625
0 0.43046875 0.165625 0.0421875 0.03515625
0 0.4 0.20546875 0.0390625 0.04765625
0 0.428125 0.25234375 0.03125 0.04609375
0 0.4109375 0.31015625 0.03125 0.02890625
0 0.884375 0.20390625 0.025 0.0375
0 0.64375 0.65078125 0.0375 0.03984375
0 0.5359375 0.5625 0.034375 0.05390625
0 0.53125 0.7125 0.040625 0.04140625
0 0.58203125 0.68984375 0.0296875 0.03359375
0 0.56953125 0.653125 0.0296875 0.03515625
0 0.13828125 0.11015625 0.05625 0.05
0 0.36640625 0.26484375 0.0328125 0.0375
0 0.97578125 0.48359375 0.0328125 0.03984375
1 0.54296875 0.68828125 0.1265625 0.15234375
1 0.13828125 0.10703125 0.0671875 0.06875
1 0.36796875 0.27734375 0.0859375 0.0875
1 0.628125 0.84375 0.059375 0.06640625