0 0.05 0.60546875 0.04375 0.05625
0 0.19140625 0.94296875 0.0359375 0.04765625
0 0.18046875 0.88359375 0.028125 0.04609375
0 0.26953125 0.90390625 0.0375 0.04375
0 0.63359375 0.853125 0.03125 0.03984375
0 0.596875 0.84375 0.034375 0.04375
0 0.675 0.859375 0.0328125 0.03984375
0 0.8609375 0.75546875 0.03125 0.03359375
0 0.89765625 0.6375 0.0421875 0.04765625
0 0.76484375 0.44296875 0.0375 0.04609375
0 0.6703125 0.325 0.0359375 0.03984375
0 0.85859375 0.21796875 0.0296875 0.0375
0 0.79296875 0.22734375 0.0296875 0.03515625
0 0.72421875 0.35859375 0.028125 0.03984375
0 0.953125 0.103125 0.028125 0.04375
0 0.85078125 0.0625 0.0328125 0.04609375
0 0.821875 0.03046875 0.0296875 0.05
0 0.65234375 0.11328125 0.0390625 0.04765625
0 0.63671875 0.165625 0.034375 0.04375
0 0.61484375 0.28671875 0.0328125 0.04765625
0 0.5796875 0.45078125 0.028125 0.03125
0 0.55 0.484375 0.0375 0.03984375
0 0.4796875 0.671875 0.034375 0.04765625
0 0.38515625 0.571875 0.0328125 0.03984375
0 0.36875 0.54765625 0.028125 0.0375
0 0.3765625 0.45078125 0.03125 0.03984375
0 0.35078125 0.390625 0.0359375 0.04140625
0 0.3328125 0.428125 0.0359375 0.02734375
0 0.33125 0.44296875 0.0359375 0.03125
0 0.2265625 0.50078125 0.0375 0.04765625
0 0.159375 0.43984375 0.0375 0.03984375
0 0.10390625 0.36953125 0.034375 0.04609375
0 0.11953125 0.31796875 0.0328125 0.04375
0 0.0328125 0.31484375 0.040625 0.04140625
0 0.0234375 0.309375 0.028125 0.03984375
0 0.36953125 0.796875 0.0390625 0.04765625
0 0.30859375 0.32421875 0.05 0.05234375
0 0.40078125 0.34609375 0.028125 0.03515625
0 0.46875 0.31015625 0.034375 0.03984375
0 0.58515625 0.2125 0.040625 0.05234375
0 0.42109375 0.034375 0.0296875 0.03515625
0 0.409375 0.1625 0.03125 0.04140625
0 0.3953125 0.19453125 0.0421875 0.03515625
0 0.35859375 0.20546875 0.0390625 0.04765625
0 0.42265625 0.246875 0.03125 0.04609375
0 0.39140625 0.303125 0.0265625 0.03515625
0 0.8609375 0.17578125 0.03125 0.04375
0 0.6296875 0.65546875 0.034375 0.03984375
0 0.5359375 0.5625 0.034375 0.05390625
0 0.58203125 0.68984375 0.0296875 0.03359375
0 0.56953125 0.653125 0.0296875 0.03515625
0 0.115625 0.1 0.05625 0.05
0 0.36640625 0.26484375 0.0328125 0.0375
0 0.34140625 0.64375 0.0296875 0.0375
0 0.4375 0.22890625 0.0296875 0.04140625
0 0.2296875 0.83359375 0.040625 0.0375
0 0.45546875 0.95546875 0.03125 0.03984375
0 0.203125 0.9875 0.03125 0.025
0 0.96796875 0.43671875 0.0265625 0.04375
0 0.65703125 0.225 0.0296875 0.04140625
0 0.003125 0.26796875 0.00625 0.02734375
1 0.54296875 0.68828125 0.1265625 0.15234375
1 0.13828125 0.10703125 0.0671875 0.06875
1 0.36796875 0.27734375 0.0859375 0.0875
1 0.628125 0.84375 0.059375 0.06640625