0 0.08203125 0.62421875 0.0375 0.05390625
0 0.21015625 0.953125 0.034375 0.04765625
0 0.20078125 0.884375 0.028125 0.04609375
0 0.30859375 0.91328125 0.034375 0.04375
0 0.1640625 0.821875 0.028125 0.03125
0 0.65078125 0.85390625 0.03125 0.03359375
0 0.63671875 0.846875 0.034375 0.04140625
0 0.72890625 0.87734375 0.034375 0.03515625
0 0.921875 0.30234375 0.0328125 0.05
0 0.859375 0.74609375 0.03125 0.03359375
0 0.94609375 0.65625 0.0421875 0.04765625
0 0.81796875 0.503125 0.0375 0.04609375
0 0.890625 0.30390625 0.034375 0.03984375
0 0.8703125 0.22734375 0.0296875 0.0375
0 0.83828125 0.27734375 0.0296875 0.03515625
0 0.75859375 0.34921875 0.0296875 0.03984375
0 0.82578125 0.41640625 0.0421875 0.04609375
0 0.95859375 0.11015625 0.028125 0.04375
0 0.871875 0.07421875 0.0328125 0.04609375
0 0.8453125 0.03203125 0.0296875 0.05
0 0.67890625 0.13125 0.04375 0.04765625
0 0.65546875 0.16953125 0.034375 0.04375
0 0.6265625 0.29765625 0.0328125 0.04765625
0 0.58984375 0.46015625 0.028125 0.03125
0 0.5578125 0.4875 0.0375 0.03984375
0 0.496875 0.653125 0.034375 0.04765625
0 0.41015625 0.575 0.0328125 0.03359375
0 0.14140625 0.790625 0.04375 0.05
0 0.3890625 0.5375 0.028125 0.0375
0 0.390625 0.459375 0.03125 0.0375
0 0.3875 0.421875 0.0359375 0.04140625
0 0.33359375 0.428125 0.0359375 0.02734375
0 0.33515625 0.44296875 0.0359375 0.03125
0 0.2515625 0.503125 0.0375 0.04765625
0 0.17890625 0.43125 0.0375 0.04140625
0 0.16015625 0.3875 0.03125 0.04140625
0 0.1265625 0.31875 0.0328125 0.04375
0 0.0328125 0.31484375 0.040625 0.04140625
0 0.025 0.31171875 0.028125 0.03984375
0 0.3671875 0.80078125 0.0390625 0.04765625
0 0.328125 0.33046875 0.05 0.05234375
0 0.39921875 0.34609375 0.028125 0.03515625
0 0.4859375 0.31015625 0.034375 0.03359375
0 0.60234375 0.21875 0.040625 0.04375
0 0.5078125 0.10625 0.034375 0.04375
0 0.43515625 0.02421875 0.0296875 0.03515625
0 0.40859375 0.15 0.0265625 0.0375
0 0.4296875 0.165625 0.0421875 0.03515625
0 0.3953125 0.20546875 0.0390625 0.04765625
0 0.42890625 0.25 0.03125 0.04609375
0 0.4078125 0.30703125 0.0296875 0.03125
0 0.8828125 0.203125 0.025 0.0375
0 0.640625 0.65078125 0.0359375 0.03984375
0 0.5359375 0.5625 0.034375 0.05390625
0 0.3125 0.53125 0.040625 0.04140625
0 0.58203125 0.68984375 0.0296875 0.03359375
0 0.56953125 0.653125 0.0296875 0.03515625
0 0.13359375 0.10859375 0.05625 0.05
0 0.36640625 0.26484375 0.0328125 0.0375
0 0.71875 0.33046875 0.0328125 0.03984375
0 0.90234375 0.275 0.028125 0.0375
0 0.08671875 0.54609375 0.03125 0.03515625
0 0.98671875 0.98203125 0.0265625 0.03515625
0 0.73515625 0.96875 0.03125 0.03984375
0 0.03671875 0.9859375 0.0296875 0.028125
1 0.54296875 0.68828125 0.1265625 0.15234375
1 0.13828125 0.10703125 0.0671875 0.06875
1 0.36796875 0.27734375 0.0859375 0.0875
1 0.628125 0.84375 0.059375 0.06640625