0 0.08671875 0.62734375 0.0375 0.05234375
0 0.2140625 0.95625 0.034375 0.04765625
0 0.20625 0.88203125 0.028125 0.04609375
0 0.31171875 0.91328125 0.034375 0.04375
0 0.29296875 0.9890625 0.0234375 0.021875
0 0.65703125 0.85390625 0.03125 0.03359375
0 0.63515625 0.84609375 0.034375 0.04140625
0 0.73359375 0.84765625 0.028125 0.04375
0 0.8359375 0.62734375 0.0328125 0.05
0 0.8578125 0.74453125 0.03125 0.03359375
0 0.94609375 0.65390625 0.0421875 0.04765625
0 0.8546875 0.5375 0.034375 0.03515625
0 0.92578125 0.42421875 0.0265625 0.03515625
0 0.92109375 0.30234375 0.034375 0.03984375
0 0.871875 0.22265625 0.0296875 0.0375
0 0.83828125 0.29453125 0.040625 0.03359375
0 0.7625 0.34765625 0.03125 0.03984375
0 0.9484375 0.24609375 0.0375 0.04609375
0 0.9609375 0.11328125 0.028125 0.04375
0 0.87265625 0.07421875 0.0328125 0.04609375
0 0.84609375 0.03125 0.0296875 0.05
0 0.68359375 0.13203125 0.04375 0.04765625
0 0.65625 0.16875 0.034375 0.04375
0 0.63125 0.30078125 0.0328125 0.04765625
0 0.590625 0.46171875 0.028125 0.03125
0 0.55859375 0.48828125 0.0375 0.03984375
0 0.49765625 0.65 0.034375 0.04765625
0 0.40703125 0.57421875 0.0328125 0.03359375
0 0.340625 0.6375 0.0375 0.04609375
0 0.39609375 0.5375 0.028125 0.0375
0 0.39375 0.46171875 0.03125 0.0375
0 0.3890625 0.42109375 0.0359375 0.04140625
0 0.33359375 0.428125 0.0359375 0.02734375
0 0.33515625 0.44296875 0.0359375 0.03125
0 0.259375 0.50546875 0.0375 0.04765625
0 0.1828125 0.43125 0.0375 0.04140625
0 0.16171875 0.3875 0.03125 0.04140625
0 0.12734375 0.31953125 0.0328125 0.04375
0 0.13671875 0.15625 0.034375 0.05234375
0 0.0328125 0.31484375 0.040625 0.04140625
0 0.025 0.31171875 0.028125 0.03984375
0 0.3671875 0.79921875 0.0390625 0.04765625
0 0.3328125 0.328125 0.05 0.05234375
0 0.3984375 0.346875 0.028125 0.03515625
0 0.4859375 0.309375 0.034375 0.03125
0 0.60703125 0.22109375 0.0390625 0.0375
0 0.53828125 0.11328125 0.0359375 0.04375
0 0.43671875 0.02421875 0.0296875 0.03515625
0 0.409375 0.14765625 0.025 0.03515625
0 0.43046875 0.165625 0.0421875 0.03515625
0 0.39921875 0.20546875 0.0390625 0.04765625
0 0.428125 0.25078125 0.03125 0.04609375
0 0.41015625 0.309375 0.03125 0.02890625
0 0.884375 0.203125 0.025 0.0375
0 0.64296875 0.65078125 0.0375 0.03984375
0 0.5359375 0.5625 0.034375 0.05390625
0 0.48359375 0.66328125 0.040625 0.04140625
0 0.58203125 0.68984375 0.0296875 0.03359375
0 0.56953125 0.653125 0.0296875 0.03515625
0 0.1375 0.109375 0.05625 0.05
0 0.36640625 0.26484375 0.0328125 0.0375
0 0.91015625 0.46015625 0.0328125 0.03984375
1 0.54296875 0.68828125 0.1265625 0.15234375
1 0.13828125 0.10703125 0.0671875 0.06875
1 0.36796875 0.27734375 0.0859375 0.0875
1 0.628125 0.84375 0.059375 0.06640625