0 0.05546875 0.6125 0.04375 0.05625
0 0.19609375 0.94765625 0.0359375 0.04765625
0 0.184375 0.8875 0.028125 0.04609375
0 0.28984375 0.91171875 0.034375 0.04375
0 0.6390625 0.853125 0.03125 0.03984375
0 0.628125 0.84609375 0.034375 0.04140625
0 0.66875 0.86484375 0.0328125 0.03984375
0 0.86015625 0.75 0.03125 0.03359375
0 0.90234375 0.6375 0.0421875 0.04765625
0 0.78984375 0.45078125 0.0375 0.04609375
0 0.82421875 0.30703125 0.034375 0.03984375
0 0.86640625 0.21640625 0.0296875 0.0375
0 0.81953125 0.24765625 0.0296875 0.03515625
0 0.74296875 0.35390625 0.028125 0.03984375
0 0.95546875 0.10390625 0.028125 0.04375
0 0.85703125 0.06484375 0.0328125 0.04609375
0 0.83671875 0.02890625 0.0296875 0.05
0 0.66328125 0.11484375 0.0390625 0.04765625
0 0.64375 0.17109375 0.034375 0.04375
0 0.60703125 0.290625 0.0328125 0.04765625
0 0.5859375 0.45703125 0.028125 0.03125
0 0.5546875 0.48671875 0.0375 0.03984375
0 0.49375 0.65546875 0.034375 0.04765625
0 0.39765625 0.57578125 0.0328125 0.03984375
0 0.38046875 0.55546875 0.028125 0.0375
0 0.384375 0.45703125 0.03125 0.03984375
0 0.3625 0.40546875 0.0359375 0.04140625
0 0.33125 0.428125 0.0359375 0.02734375
0 0.3328125 0.44296875 0.0359375 0.03125
0 0.23125 0.51015625 0.0375 0.04765625
0 0.1640625 0.440625 0.0375 0.04140625
0 0.140625 0.38203125 0.03125 0.04140625
0 0.12109375 0.31484375 0.0328125 0.04375
0 0.0328125 0.31484375 0.040625 0.04140625
0 0.02421875 0.31015625 0.028125 0.03984375
0 0.359375 0.80625 0.0390625 0.04765625
0 0.315625 0.328125 0.05 0.05234375
0 0.4 0.34453125 0.028125 0.03515625
0 0.484375 0.309375 0.034375 0.03125
0 0.5921875 0.215625 0.040625 0.05234375
0 0.41328125 0.034375 0.034375 0.04375
0 0.425 0.028125 0.0296875 0.03515625
0 0.40703125 0.1625 0.03125 0.04140625
0 0.41640625 0.20234375 0.0421875 0.03515625
0 0.378125 0.209375 0.0390625 0.04765625
0 0.42578125 0.24296875 0.03125 0.04609375
0 0.396875 0.296875 0.0265625 0.03515625
0 0.865625 0.178125 0.03125 0.04375
0 0.63515625 0.653125 0.034375 0.03984375
0 0.5359375 0.5625 0.034375 0.05390625
0 0.58203125 0.68984375 0.0296875 0.03359375
0 0.56953125 0.653125 0.0296875 0.03515625
0 0.11875 0.10078125 0.05625 0.05
0 0.36640625 0.26484375 0.0328125 0.0375
0 0.2890625 0.56171875 0.0296875 0.03984375
0 0.34921875 0.19609375 0.03125 0.03984375
0 0.98984375 0.39140625 0.0203125 0.0375
0 0.9015625 0.91328125 0.0296875 0.03984375
0 0.209375 0.990625 0.03125 0.01875
1 0.54296875 0.68828125 0.1265625 0.15234375
1 0.13828125 0.10703125 0.0671875 0.06875
1 0.36796875 0.27734375 0.0859375 0.0875
1 0.628125 0.84375 0.059375 0.06640625