0 0.99609375 0.221875 0.0078125 0.04765625
0 0.9921875 0.465625 0.015625 0.04765625
0 0.7828125 0.57109375 0.034375 0.0375
0 0.21484375 0.73671875 0.04375 0.03984375
0 0.6953125 0.55 0.034375 0.05
0 0.9140625 0.825 0.03125 0.05
0 0.92421875 0.65 0.0484375 0.04140625
0 0.84375 0.878125 0.034375 0.04765625
0 0.0578125 0.12421875 0.0296875 0.04609375
0 0.2359375 0.02734375 0.0390625 0.05
0 0.0203125 0.80703125 0.03125 0.05
0 0.35390625 0.91328125 0.0328125 0.04140625
0 0.8453125 0.025 0.034375 0.04140625