0 0.971875 0.225 0.0328125 0.04609375
0 0.7671875 0.6875 0.040625 0.04375
0 0.7828125 0.56953125 0.034375 0.03515625
0 0.1796875 0.728125 0.04375 0.03984375
0 0.6421875 0.615625 0.034375 0.03515625
0 0.8078125 0.81875 0.0328125 0.04609375
0 0.83984375 0.66640625 0.040625 0.04140625
0 0.290625 0.815625 0.0328125 0.03984375
0 0.83828125 0.87109375 0.0296875 0.0375
0 0.04140625 0.02109375 0.0375 0.02890625
0 0.18671875 0.15078125 0.034375 0.04609375
0 0.90078125 0.06484375 0.0296875 0.04609375
0 0.015625 0.79609375 0.03125 0.04609375