0 0.01484375 0.053125 0.0296875 0.05859375
0 0.99296875 0.059375 0.0140625 0.03515625
0 0.94296875 0.22109375 0.0328125 0.04609375
0 0.93671875 0.60625 0.0375 0.04609375
0 0.7828125 0.56796875 0.034375 0.03125
0 0.153125 0.721875 0.04375 0.03984375
0 0.61640625 0.60625 0.034375 0.04765625
0 0.62890625 0.85625 0.0265625 0.05
0 0.80234375 0.65546875 0.0390625 0.03359375
0 0.20234375 0.83125 0.0359375 0.0375
0 0.83515625 0.86875 0.028125 0.03515625
0 0.94609375 0.05859375 0.03125 0.03515625
0 0.05625 0.05625 0.0328125 0.04140625