0 0.7828125 0.57109375 0.034375 0.0375
0 0.28828125 0.76171875 0.04375 0.03984375
0 0.7734375 0.47890625 0.03125 0.04609375
0 0.84140625 0.88984375 0.0359375 0.03359375
0 0.17109375 0.87421875 0.0359375 0.0375
0 0.13046875 0.01796875 0.0390625 0.03359375
0 0.35546875 0.15625 0.0390625 0.05390625
0 0.328125 0.98125 0.0328125 0.03515625
0 0.6640625 0.828125 0.0296875 0.03984375
0 0.9796875 0.80859375 0.03125 0.03984375
0 0.04609375 0.96484375 0.0359375 0.04140625
0 0.990625 0.05078125 0.01875 0.0375