0 0.97265625 0.225 0.0328125 0.04609375
0 0.7625 0.68125 0.040625 0.04375
0 0.7828125 0.56953125 0.034375 0.03515625
0 0.18046875 0.728125 0.04375 0.03984375
0 0.64375 0.61171875 0.034375 0.0375
0 0.79453125 0.80390625 0.0328125 0.04609375
0 0.84453125 0.66796875 0.040625 0.04140625
0 0.27421875 0.80390625 0.0328125 0.03984375
0 0.8390625 0.87109375 0.0296875 0.0375
0 0.040625 0.01640625 0.0375 0.02734375
0 0.17734375 0.16484375 0.0359375 0.04140625
0 0.878125 0.01875 0.03125 0.0375
0 0.0234375 0.78125 0.03125 0.04609375