0 0.03671875 0.21640625 0.0359375 0.04765625
0 0.20234375 0.12109375 0.028125 0.04609375
0 0.9203125 0.13046875 0.034375 0.0375
0 0.93359375 0.22109375 0.0328125 0.04609375
0 0.86015625 0.47109375 0.03125 0.05
0 0.7828125 0.56640625 0.034375 0.02890625
0 0.13828125 0.71171875 0.04375 0.03984375
0 0.615625 0.63125 0.0390625 0.03984375
0 0.628125 0.66171875 0.034375 0.03359375
0 0.78984375 0.64375 0.0390625 0.03359375
0 0.16171875 0.9859375 0.0484375 0.028125
0 0.8328125 0.86796875 0.028125 0.03515625