0 0.01015625 0.06328125 0.0203125 0.06875
0 0.990625 0.05078125 0.01875 0.03515625
0 0.9421875 0.221875 0.0328125 0.04609375
0 0.93671875 0.6 0.0375 0.04609375
0 0.7828125 0.56796875 0.034375 0.03125
0 0.153125 0.72109375 0.04375 0.03984375
0 0.61640625 0.60703125 0.034375 0.04765625
0 0.6328125 0.840625 0.0375 0.04375
0 0.8015625 0.65546875 0.0390625 0.03359375
0 0.209375 0.82578125 0.034375 0.03984375
0 0.834375 0.86875 0.028125 0.03515625
0 0.9578125 0.04140625 0.03125 0.0375
0 0.05390625 0.053125 0.0328125 0.04140625