0 0.7828125 0.57109375 0.034375 0.0375
0 0.234375 0.74140625 0.04375 0.03984375
0 0.7203125 0.52109375 0.034375 0.05
0 0.88203125 0.78828125 0.0296875 0.04765625
0 0.95078125 0.65859375 0.0484375 0.04140625
0 0.84296875 0.884375 0.0359375 0.03984375
0 0.06796875 0.02578125 0.034375 0.03984375
0 0.06796875 0.11875 0.034375 0.05390625
0 0.05546875 0.85703125 0.034375 0.04765625
0 0.7671875 0.2125 0.034375 0.04140625
0 0.02421875 0.971875 0.0359375 0.04765625
0 0.00859375 0.0375 0.0171875 0.05390625