0 0.01328125 0.16640625 0.0265625 0.05859375
0 0.215625 0.04453125 0.028125 0.04609375
0 0.934375 0.07265625 0.0328125 0.04140625
0 0.93671875 0.22265625 0.0328125 0.04609375
0 0.9171875 0.50390625 0.0375 0.04609375
0 0.7828125 0.56640625 0.034375 0.02890625
0 0.14453125 0.715625 0.04375 0.03984375
0 0.61796875 0.61953125 0.034375 0.04765625
0 0.6015625 0.721875 0.025 0.04609375
0 0.79296875 0.65078125 0.0390625 0.03359375
0 0.234375 0.94375 0.0328125 0.0375
0 0.83359375 0.86796875 0.028125 0.03515625