0 0.009375 0.07890625 0.01875 0.06640625
0 0.9859375 0.04296875 0.028125 0.03515625
0 0.940625 0.22421875 0.0328125 0.04609375
0 0.93828125 0.58515625 0.0375 0.04609375
0 0.7828125 0.56796875 0.034375 0.03125
0 0.1515625 0.72109375 0.04375 0.03984375
0 0.6171875 0.60859375 0.034375 0.04765625
0 0.62578125 0.83125 0.03125 0.04375
0 0.80078125 0.65546875 0.0390625 0.03359375
0 0.2234375 0.81875 0.0328125 0.04140625
0 0.834375 0.86875 0.028125 0.03515625
0 0.978125 0.009375 0.03125 0.01875
0 0.04921875 0.04453125 0.0328125 0.04140625