0 0.97578125 0.225 0.0328125 0.04609375
0 0.74453125 0.64296875 0.040625 0.04375
0 0.7828125 0.57109375 0.034375 0.0375
0 0.184375 0.72890625 0.04375 0.03984375
0 0.65234375 0.58984375 0.034375 0.04609375
0 0.74296875 0.76484375 0.0453125 0.03984375
0 0.8609375 0.65703125 0.040625 0.04140625
0 0.20546875 0.81328125 0.0328125 0.03984375
0 0.83984375 0.871875 0.0296875 0.0375
0 0.034375 0.01171875 0.0390625 0.02265625
0 0.13203125 0.19609375 0.0421875 0.04140625
0 0.015625 0.740625 0.0265625 0.04609375