0 0.7828125 0.57109375 0.034375 0.0375
0 0.2890625 0.76171875 0.04375 0.03984375
0 0.7734375 0.47734375 0.03125 0.04609375
0 0.84140625 0.88984375 0.0359375 0.03359375
0 0.184375 0.87109375 0.0390625 0.03515625
0 0.1328125 0.01328125 0.034375 0.0265625
0 0.35078125 0.17265625 0.0390625 0.05390625
0 0.34921875 0.98515625 0.0328125 0.02890625
0 0.6546875 0.79921875 0.0296875 0.03984375
0 0.98203125 0.82265625 0.0296875 0.0375
0 0.08125 0.965625 0.03125 0.03984375
0 0.9890625 0.09765625 0.021875 0.04140625