0 0.96875 0.225 0.0328125 0.04609375
0 0.784375 0.69375 0.040625 0.04375
0 0.7828125 0.56953125 0.034375 0.03515625
0 0.175 0.728125 0.04375 0.03984375
0 0.6359375 0.61171875 0.034375 0.0375
0 0.82734375 0.88359375 0.028125 0.04375
0 0.828125 0.66484375 0.040625 0.04140625
0 0.32578125 0.896875 0.0328125 0.03984375
0 0.83828125 0.87109375 0.0296875 0.0375
0 0.04765625 0.03671875 0.0375 0.03359375
0 0.2 0.08359375 0.0328125 0.05234375
0 0.990625 0.07109375 0.01875 0.04609375
0 0.990625 0.13828125 0.01875 0.04140625