0 0.0328125 0.21015625 0.034375 0.05234375
0 0.203125 0.12421875 0.028125 0.04609375
0 0.91796875 0.12109375 0.034375 0.03984375
0 0.934375 0.22109375 0.0328125 0.04609375
0 0.871875 0.471875 0.0328125 0.05
0 0.7828125 0.56640625 0.034375 0.02890625
0 0.1390625 0.7125 0.04375 0.03984375
0 0.61796875 0.628125 0.0359375 0.04609375
0 0.61875 0.66953125 0.0359375 0.03359375
0 0.78984375 0.646875 0.0390625 0.03359375
0 0.17578125 0.9859375 0.0453125 0.028125
0 0.8328125 0.86796875 0.028125 0.03515625