0 0.9953125 0.221875 0.009375 0.04765625
0 0.98515625 0.46015625 0.0296875 0.04765625
0 0.7828125 0.57109375 0.034375 0.0375
0 0.2140625 0.73671875 0.04375 0.03984375
0 0.69453125 0.55 0.034375 0.05
0 0.915625 0.84609375 0.03125 0.04609375
0 0.91875 0.65 0.0484375 0.04140625
0 0.84375 0.87734375 0.034375 0.04609375
0 0.0546875 0.11953125 0.0296875 0.04609375
0 0.2234375 0.015625 0.0390625 0.03125
0 0.01953125 0.79375 0.03125 0.05
0 0.365625 0.93359375 0.0328125 0.04140625
0 0.83125 0.015625 0.040625 0.03125