0 0.00703125 0.103125 0.0140625 0.05859375
0 0.22421875 0.00703125 0.0359375 0.0140625
0 0.97890625 0.04296875 0.03125 0.03359375
0 0.93984375 0.225 0.0328125 0.04609375
0 0.9390625 0.57109375 0.0375 0.04609375
0 0.7828125 0.56796875 0.034375 0.03125
0 0.15078125 0.71953125 0.04375 0.03984375
0 0.6171875 0.61015625 0.034375 0.04765625
0 0.6171875 0.81484375 0.0265625 0.05
0 0.79921875 0.65390625 0.0390625 0.03359375
0 0.234375 0.8375 0.0328125 0.04140625
0 0.834375 0.86875 0.028125 0.03515625
0 0.98515625 0.01015625 0.0296875 0.0203125
0 0.03984375 0.03359375 0.0328125 0.04140625