0 0.01640625 0.04140625 0.0328125 0.05390625
0 0.94375 0.22109375 0.0328125 0.04609375
0 0.9328125 0.61953125 0.0359375 0.04765625
0 0.7828125 0.56796875 0.034375 0.03125
0 0.1546875 0.72265625 0.04375 0.03984375
0 0.61640625 0.60390625 0.034375 0.04765625
0 0.64140625 0.86875 0.034375 0.04375
0 0.80390625 0.65625 0.0390625 0.03359375
0 0.18671875 0.83203125 0.0359375 0.0375
0 0.83515625 0.86875 0.028125 0.03515625
0 0.921875 0.08828125 0.03125 0.03515625
0 0.06171875 0.06328125 0.028125 0.04765625