0 0.971875 0.225 0.0328125 0.04609375
0 0.76875 0.690625 0.040625 0.04375
0 0.7828125 0.56953125 0.034375 0.03515625
0 0.17890625 0.728125 0.04375 0.03984375
0 0.64140625 0.61484375 0.034375 0.03515625
0 0.8125 0.825 0.0328125 0.04609375
0 0.83828125 0.665625 0.040625 0.04140625
0 0.296875 0.82109375 0.0328125 0.03984375
0 0.83828125 0.87109375 0.0296875 0.0375
0 0.0421875 0.02265625 0.0375 0.02890625
0 0.18984375 0.14609375 0.0328125 0.04765625
0 0.90546875 0.08125 0.03125 0.04609375
0 0.0125 0.79609375 0.025 0.04609375