0 0.9953125 0.221875 0.009375 0.04765625
0 0.984375 0.459375 0.03125 0.04765625
0 0.7828125 0.57109375 0.034375 0.0375
0 0.2140625 0.73671875 0.04375 0.03984375
0 0.69453125 0.55 0.034375 0.05
0 0.91484375 0.846875 0.03125 0.04609375
0 0.91875 0.65 0.0484375 0.04140625
0 0.84375 0.87734375 0.034375 0.04609375
0 0.05390625 0.11953125 0.0296875 0.04609375
0 0.22265625 0.01484375 0.0390625 0.02890625
0 0.01953125 0.79296875 0.03125 0.05
0 0.36640625 0.93515625 0.0328125 0.04140625
0 0.82421875 0.01484375 0.0421875 0.02890625