0 0.00625 0.10859375 0.0125 0.05625
0 0.22421875 0.009375 0.0359375 0.01875
0 0.97578125 0.04375 0.03125 0.03515625
0 0.93984375 0.225 0.0328125 0.04609375
0 0.93828125 0.56640625 0.0375 0.04609375
0 0.7828125 0.56796875 0.034375 0.03125
0 0.15 0.71875 0.04375 0.03984375
0 0.6171875 0.61171875 0.034375 0.04765625
0 0.6140625 0.80859375 0.0265625 0.05
0 0.79921875 0.65390625 0.0390625 0.03359375
0 0.2375 0.84375 0.0328125 0.04140625
0 0.834375 0.86875 0.028125 0.03515625
0 0.99140625 0.01015625 0.0171875 0.0203125
0 0.03203125 0.02890625 0.0328125 0.04609375