0 0.009375 0.08671875 0.01875 0.06640625
0 0.98359375 0.04296875 0.0296875 0.03515625
0 0.940625 0.22421875 0.0328125 0.04609375
0 0.9390625 0.58046875 0.0375 0.04609375
0 0.7828125 0.56796875 0.034375 0.03125
0 0.1515625 0.71953125 0.04375 0.03984375
0 0.6171875 0.609375 0.034375 0.04765625
0 0.6234375 0.828125 0.028125 0.04765625
0 0.8 0.65390625 0.0390625 0.03359375
0 0.22734375 0.82421875 0.0328125 0.04140625
0 0.834375 0.86875 0.028125 0.03515625
0 0.990625 0.0125 0.01875 0.025
0 0.04765625 0.04296875 0.0328125 0.04140625