0 0.00703125 0.13125 0.0140625 0.05859375
0 0.22265625 0.01796875 0.0328125 0.03515625
0 0.959375 0.053125 0.028125 0.04375
0 0.93828125 0.22421875 0.0328125 0.04609375
0 0.93671875 0.54609375 0.0375 0.04609375
0 0.7828125 0.56796875 0.034375 0.03125
0 0.1484375 0.71796875 0.04375 0.03984375
0 0.6171875 0.61484375 0.034375 0.04765625
0 0.60703125 0.775 0.0265625 0.04609375
0 0.796875 0.653125 0.0390625 0.03359375
0 0.24453125 0.88359375 0.0328125 0.04140625
0 0.834375 0.86875 0.028125 0.03515625