0 0.009375 0.078125 0.01875 0.06875
0 0.98671875 0.04375 0.0265625 0.03515625
0 0.94140625 0.22265625 0.0328125 0.04609375
0 0.93828125 0.58828125 0.0375 0.04609375
0 0.7828125 0.56796875 0.034375 0.03125
0 0.15234375 0.72109375 0.04375 0.03984375
0 0.6171875 0.60859375 0.034375 0.04765625
0 0.62734375 0.83359375 0.0328125 0.04140625
0 0.80078125 0.65546875 0.0390625 0.03359375
0 0.22109375 0.81796875 0.0328125 0.04140625
0 0.834375 0.86875 0.028125 0.03515625
0 0.9828125 0.01875 0.03125 0.0375
0 0.05 0.046875 0.0328125 0.04140625