0 0.99609375 0.221875 0.0078125 0.04765625
0 0.98828125 0.46484375 0.0234375 0.04765625
0 0.7828125 0.57109375 0.034375 0.0375
0 0.21484375 0.73671875 0.04375 0.03984375
0 0.6953125 0.55 0.034375 0.05
0 0.91484375 0.83203125 0.03125 0.04765625
0 0.92265625 0.65 0.0484375 0.04140625
0 0.84375 0.878125 0.034375 0.04765625
0 0.05546875 0.12890625 0.0296875 0.04609375
0 0.2296875 0.021875 0.0390625 0.04375
0 0.01953125 0.80234375 0.03125 0.05
0 0.36015625 0.91953125 0.0328125 0.04140625
0 0.83359375 0.03359375 0.0328125 0.04140625