0 0.96484375 0.225 0.0328125 0.04609375
0 0.79765625 0.69921875 0.040625 0.04375
0 0.7828125 0.56953125 0.034375 0.03515625
0 0.17265625 0.72734375 0.04375 0.03984375
0 0.6328125 0.609375 0.034375 0.03984375
0 0.82890625 0.91484375 0.0328125 0.04765625
0 0.8234375 0.665625 0.040625 0.04140625
0 0.3171875 0.94296875 0.0328125 0.03984375
0 0.8375 0.87109375 0.0296875 0.0375
0 0.05078125 0.04453125 0.0375 0.0375
0 0.1953125 0.04921875 0.0359375 0.04765625
0 0.98359375 0.09140625 0.0296875 0.04765625