0 0.009375 0.06875 0.01875 0.07109375
0 0.98984375 0.046875 0.0203125 0.03515625
0 0.9421875 0.221875 0.0328125 0.04609375
0 0.9375 0.596875 0.0375 0.04609375
0 0.7828125 0.56796875 0.034375 0.03125
0 0.15234375 0.72109375 0.04375 0.03984375
0 0.61640625 0.60703125 0.034375 0.04765625
0 0.63125 0.83828125 0.0359375 0.04375
0 0.8015625 0.65546875 0.0390625 0.03359375
0 0.2125 0.82421875 0.034375 0.03984375
0 0.834375 0.86875 0.028125 0.03515625
0 0.96484375 0.03515625 0.0296875 0.0375
0 0.053125 0.05078125 0.0328125 0.04140625