0 0.02109375 0.02890625 0.0359375 0.04609375
0 0.94453125 0.221875 0.0328125 0.04609375
0 0.92734375 0.63359375 0.034375 0.05234375
0 0.7828125 0.56796875 0.034375 0.03125
0 0.15546875 0.72265625 0.04375 0.03984375
0 0.61640625 0.60234375 0.034375 0.04765625
0 0.64765625 0.88671875 0.028125 0.05
0 0.8046875 0.65625 0.0390625 0.03359375
0 0.17265625 0.84609375 0.0359375 0.0375
0 0.83515625 0.86875 0.028125 0.03515625
0 0.8890625 0.11953125 0.03125 0.03515625
0 0.07109375 0.06484375 0.03125 0.04375