0 0.97265625 0.225 0.0328125 0.04609375
0 0.765625 0.68515625 0.040625 0.04375
0 0.7828125 0.56953125 0.034375 0.03515625
0 0.1796875 0.728125 0.04375 0.03984375
0 0.64296875 0.61484375 0.034375 0.03515625
0 0.80234375 0.81328125 0.0328125 0.04609375
0 0.84140625 0.66796875 0.040625 0.04140625
0 0.28359375 0.81328125 0.0328125 0.03984375
0 0.8390625 0.87109375 0.0296875 0.0375
0 0.04140625 0.01875 0.0375 0.02890625
0 0.1828125 0.15625 0.034375 0.04375
0 0.884375 0.04921875 0.0296875 0.04609375
0 0.015625 0.78515625 0.03125 0.04609375