0 0.00625 0.10703125 0.0125 0.05625
0 0.22421875 0.00859375 0.0359375 0.01640625
0 0.9765625 0.04375 0.03125 0.03515625
0 0.93984375 0.225 0.0328125 0.04609375
0 0.93828125 0.56796875 0.0375 0.04609375
0 0.7828125 0.56796875 0.034375 0.03125
0 0.15 0.71875 0.04375 0.03984375
0 0.6171875 0.61171875 0.034375 0.04765625
0 0.61484375 0.81015625 0.0265625 0.05
0 0.79921875 0.65390625 0.0390625 0.03359375
0 0.23671875 0.84140625 0.0328125 0.04140625
0 0.834375 0.86875 0.028125 0.03515625
0 0.99296875 0.009375 0.0140625 0.01875
0 0.03515625 0.03046875 0.0328125 0.04375