0 0.9609375 0.225 0.0328125 0.04609375
0 0.8203125 0.70703125 0.0421875 0.04765625
0 0.7828125 0.56875 0.034375 0.03359375
0 0.1703125 0.72734375 0.04375 0.03984375
0 0.6296875 0.60703125 0.034375 0.04140625
0 0.7984375 0.93984375 0.0359375 0.03984375
0 0.81875 0.66796875 0.040625 0.04140625
0 0.28359375 0.97890625 0.0390625 0.03359375
0 0.8375 0.87109375 0.0296875 0.0375
0 0.0515625 0.05546875 0.0375 0.0375
0 0.1765625 0.01796875 0.0390625 0.03359375
0 0.98828125 0.11484375 0.0234375 0.04609375