0 0.96953125 0.225 0.0328125 0.04609375
0 0.78203125 0.69296875 0.040625 0.04375
0 0.7828125 0.56953125 0.034375 0.03515625
0 0.17578125 0.728125 0.04375 0.03984375
0 0.63671875 0.61171875 0.034375 0.0375
0 0.8265625 0.87734375 0.028125 0.04375
0 0.82890625 0.66328125 0.040625 0.04140625
0 0.32578125 0.88359375 0.0328125 0.03984375
0 0.83828125 0.87109375 0.0296875 0.0375
0 0.046875 0.03515625 0.0375 0.03359375
0 0.2 0.08984375 0.0328125 0.05234375
0 0.9921875 0.065625 0.015625 0.04765625
0 0.98671875 0.15703125 0.0265625 0.04375