0 0.009375 0.07734375 0.01875 0.07109375
0 0.9875 0.04375 0.025 0.03515625
0 0.94140625 0.22265625 0.0328125 0.04609375
0 0.93828125 0.58984375 0.0375 0.04609375
0 0.7828125 0.56796875 0.034375 0.03125
0 0.15234375 0.72109375 0.04375 0.03984375
0 0.6171875 0.60859375 0.034375 0.04765625
0 0.628125 0.834375 0.0328125 0.04140625
0 0.80078125 0.65546875 0.0390625 0.03359375
0 0.21953125 0.81875 0.0328125 0.04140625
0 0.834375 0.86875 0.028125 0.03515625
0 0.9796875 0.028125 0.03125 0.03515625
0 0.05078125 0.04765625 0.0328125 0.04140625