0 0.01953125 0.18359375 0.034375 0.05625
0 0.21328125 0.06640625 0.028125 0.04609375
0 0.93203125 0.09296875 0.0328125 0.04140625
0 0.9359375 0.221875 0.0328125 0.04609375
0 0.90234375 0.4875 0.0375 0.04609375
0 0.7828125 0.56640625 0.034375 0.02890625
0 0.1421875 0.71484375 0.04375 0.03984375
0 0.61875 0.62265625 0.034375 0.04765625
0 0.6046875 0.7 0.028125 0.03984375
0 0.79140625 0.65078125 0.0390625 0.03359375
0 0.2140625 0.96640625 0.0390625 0.0375
0 0.83359375 0.86796875 0.028125 0.03515625