0 0.97734375 0.22421875 0.0328125 0.04609375
0 0.74296875 0.62265625 0.040625 0.04375
0 0.7828125 0.57109375 0.034375 0.0375
0 0.18515625 0.73046875 0.04375 0.03984375
0 0.653125 0.58828125 0.034375 0.04765625
0 0.7296875 0.76640625 0.040625 0.03984375
0 0.86640625 0.65390625 0.040625 0.04140625
0 0.18984375 0.83203125 0.0328125 0.03984375
0 0.83984375 0.871875 0.0296875 0.0375
0 0.03359375 0.009375 0.0390625 0.01875
0 0.11640625 0.19140625 0.04375 0.03984375
0 0.009375 0.7375 0.01875 0.04609375