0 0.7828125 0.57109375 0.034375 0.0375
0 0.24140625 0.74375 0.04375 0.03984375
0 0.7265625 0.51484375 0.034375 0.05
0 0.825 0.72109375 0.0375 0.04140625
0 0.9640625 0.66015625 0.0484375 0.04140625
0 0.84296875 0.88671875 0.0359375 0.0375
0 0.0671875 0.025 0.025 0.0375
0 0.09609375 0.00546875 0.0421875 0.01015625
0 0.11640625 0.796875 0.03125 0.04765625
0 0.85859375 0.30078125 0.034375 0.03125
0 0.31328125 0.88125 0.0390625 0.04765625
0 0.0109375 0.92734375 0.021875 0.05
0 0.90859375 0.15703125 0.0390625 0.04375