0 0.9953125 0.221875 0.009375 0.04765625
0 0.9859375 0.46171875 0.028125 0.04765625
0 0.7828125 0.57109375 0.034375 0.0375
0 0.2140625 0.73671875 0.04375 0.03984375
0 0.69453125 0.55 0.034375 0.05
0 0.915625 0.84140625 0.03125 0.04609375
0 0.9203125 0.65 0.0484375 0.04140625
0 0.84375 0.87734375 0.034375 0.04609375
0 0.05546875 0.11875 0.0296875 0.04609375
0 0.225 0.01796875 0.0390625 0.03515625
0 0.01953125 0.79609375 0.03125 0.05
0 0.36484375 0.92890625 0.0328125 0.04140625
0 0.84453125 0.01640625 0.0390625 0.0328125