0 0.7828125 0.57109375 0.034375 0.0375
0 0.23515625 0.74296875 0.04375 0.03984375
0 0.72109375 0.51796875 0.034375 0.05
0 0.88203125 0.77421875 0.0296875 0.04765625
0 0.95234375 0.65859375 0.0484375 0.04140625
0 0.84296875 0.884375 0.0359375 0.03984375
0 0.06796875 0.02421875 0.034375 0.03984375
0 0.06328125 0.103125 0.0328125 0.05625
0 0.0671875 0.85859375 0.0359375 0.04375
0 0.76484375 0.24453125 0.034375 0.04140625
0 0.0390625 0.9890625 0.046875 0.021875
0 0.009375 0.02734375 0.01875 0.05390625