0 0.01484375 0.17265625 0.0296875 0.05859375
0 0.2140625 0.04765625 0.028125 0.04609375
0 0.934375 0.078125 0.0328125 0.04140625
0 0.93671875 0.22265625 0.0328125 0.04609375
0 0.91328125 0.49921875 0.0375 0.04609375
0 0.7828125 0.56640625 0.034375 0.02890625
0 0.14375 0.71484375 0.04375 0.03984375
0 0.61796875 0.62109375 0.034375 0.04765625
0 0.603125 0.715625 0.025 0.04375
0 0.79296875 0.65078125 0.0390625 0.03359375
0 0.2296875 0.95078125 0.034375 0.0375
0 0.83359375 0.86796875 0.028125 0.03515625