0 0.00625 0.12578125 0.0125 0.05859375
0 0.22421875 0.015625 0.0359375 0.03125
0 0.96484375 0.05 0.0296875 0.04140625
0 0.9390625 0.22421875 0.0328125 0.04609375
0 0.9375 0.55390625 0.0375 0.04609375
0 0.7828125 0.56796875 0.034375 0.03125
0 0.1484375 0.71796875 0.04375 0.03984375
0 0.6171875 0.61328125 0.034375 0.04765625
0 0.60859375 0.78671875 0.0265625 0.05
0 0.79765625 0.653125 0.0390625 0.03359375
0 0.24140625 0.87421875 0.0328125 0.04140625
0 0.834375 0.86875 0.028125 0.03515625
0 0.9921875 0.01484375 0.015625 0.02890625
0 0.028125 0.009375 0.04375 0.01875