0 0.015625 0.05 0.03125 0.05625
0 0.99375 0.059375 0.0125 0.03515625
0 0.94296875 0.22109375 0.0328125 0.04609375
0 0.9359375 0.609375 0.0375 0.04609375
0 0.7828125 0.56796875 0.034375 0.03125
0 0.15390625 0.721875 0.04375 0.03984375
0 0.61640625 0.60546875 0.034375 0.04765625
0 0.63203125 0.859375 0.028125 0.04765625
0 0.803125 0.65625 0.0390625 0.03359375
0 0.1984375 0.83046875 0.0359375 0.0375
0 0.83515625 0.86875 0.028125 0.03515625
0 0.93984375 0.0625 0.03125 0.03515625
0 0.05703125 0.05859375 0.0328125 0.04140625