0 0.02734375 0.20234375 0.034375 0.05625
0 0.2109375 0.10703125 0.028125 0.04609375
0 0.921875 0.11171875 0.0328125 0.04140625
0 0.93515625 0.221875 0.0328125 0.04609375
0 0.88515625 0.47421875 0.0359375 0.05
0 0.7828125 0.56640625 0.034375 0.02890625
0 0.140625 0.71328125 0.04375 0.03984375
0 0.61875 0.625 0.034375 0.04765625
0 0.6078125 0.67890625 0.0375 0.03359375
0 0.78984375 0.64921875 0.0390625 0.03359375
0 0.19140625 0.98203125 0.040625 0.03515625
0 0.8328125 0.86796875 0.028125 0.03515625