0 0.7828125 0.57109375 0.034375 0.0375
0 0.23359375 0.74140625 0.04375 0.03984375
0 0.71953125 0.52109375 0.034375 0.05
0 0.88046875 0.80078125 0.0296875 0.04765625
0 0.95078125 0.65859375 0.0484375 0.04140625
0 0.84296875 0.884375 0.0359375 0.03984375
0 0.06796875 0.02734375 0.034375 0.03984375
0 0.06953125 0.12265625 0.0359375 0.05234375
0 0.05234375 0.85390625 0.034375 0.04765625
0 0.7578125 0.20703125 0.034375 0.04140625
0 0.0203125 0.95625 0.03125 0.05
0 0.00859375 0.04140625 0.0171875 0.05390625