0 0.01328125 0.05625 0.0265625 0.06015625
0 0.9921875 0.05703125 0.015625 0.03515625
0 0.9421875 0.221875 0.0328125 0.04609375
0 0.93671875 0.60390625 0.0375 0.04609375
0 0.7828125 0.56796875 0.034375 0.03125
0 0.153125 0.721875 0.04375 0.03984375
0 0.61640625 0.60625 0.034375 0.04765625
0 0.6296875 0.85234375 0.0296875 0.04765625
0 0.80234375 0.65546875 0.0390625 0.03359375
0 0.20390625 0.83046875 0.0359375 0.0375
0 0.83515625 0.86875 0.028125 0.03515625
0 0.94453125 0.04765625 0.03125 0.03515625
0 0.05546875 0.05546875 0.0328125 0.04140625