0 0.7828125 0.57109375 0.034375 0.0375
0 0.23359375 0.74140625 0.04375 0.03984375
0 0.71953125 0.521875 0.034375 0.05
0 0.87734375 0.81796875 0.0296875 0.04765625
0 0.95 0.65859375 0.0484375 0.04140625
0 0.84375 0.88359375 0.034375 0.04140625
0 0.06796875 0.02734375 0.034375 0.03984375
0 0.07109375 0.12734375 0.0375 0.05234375
0 0.04921875 0.84453125 0.034375 0.04765625
0 0.76484375 0.19765625 0.034375 0.04140625
0 0.02109375 0.93671875 0.0359375 0.03984375
0 0.00859375 0.05 0.0171875 0.04609375