0 0.97265625 0.225 0.0328125 0.04609375
0 0.76640625 0.6875 0.040625 0.04375
0 0.7828125 0.56953125 0.034375 0.03515625
0 0.1796875 0.728125 0.04375 0.03984375
0 0.6421875 0.615625 0.034375 0.03515625
0 0.80625 0.81796875 0.0328125 0.04609375
0 0.83984375 0.66796875 0.040625 0.04140625
0 0.2890625 0.81640625 0.0328125 0.03984375
0 0.83828125 0.87109375 0.0296875 0.0375
0 0.04140625 0.02109375 0.0375 0.02890625
0 0.1859375 0.153125 0.034375 0.04609375
0 0.89375 0.06171875 0.0296875 0.04609375
0 0.015625 0.79375 0.03125 0.04609375