0 0.00625 0.11484375 0.0125 0.05859375
0 0.22421875 0.0125 0.0359375 0.025
0 0.97109375 0.046875 0.0296875 0.0375
0 0.9390625 0.225 0.0328125 0.04609375
0 0.93828125 0.56171875 0.0375 0.04609375
0 0.7828125 0.56796875 0.034375 0.03125
0 0.14921875 0.71875 0.04375 0.03984375
0 0.6171875 0.6125 0.034375 0.04765625
0 0.61015625 0.8 0.0265625 0.05
0 0.7984375 0.65390625 0.0390625 0.03359375
0 0.2390625 0.85625 0.0328125 0.04140625
0 0.834375 0.86875 0.028125 0.03515625
0 0.0234375 0.025 0.034375 0.05