0 0.7828125 0.57109375 0.034375 0.0375
0 0.28828125 0.76171875 0.04375 0.03984375
0 0.7734375 0.478125 0.03125 0.04609375
0 0.84140625 0.88984375 0.0359375 0.03359375
0 0.1734375 0.87421875 0.0359375 0.03984375
0 0.13046875 0.01640625 0.0390625 0.0328125
0 0.35546875 0.16015625 0.0390625 0.05390625
0 0.33203125 0.98203125 0.0328125 0.03359375
0 0.6625 0.82421875 0.0296875 0.03984375
0 0.98359375 0.81015625 0.0296875 0.0375
0 0.0546875 0.97265625 0.0375 0.04140625
0 0.9890625 0.06171875 0.021875 0.03984375