0 0.7828125 0.57109375 0.034375 0.0375
0 0.2875 0.76015625 0.04375 0.03984375
0 0.77421875 0.48125 0.03125 0.04609375
0 0.84140625 0.88984375 0.0359375 0.03359375
0 0.16328125 0.87421875 0.0390625 0.03515625
0 0.1296875 0.01953125 0.0375 0.03515625
0 0.35625 0.14296875 0.0390625 0.05390625
0 0.3140625 0.978125 0.03125 0.03984375
0 0.66953125 0.84609375 0.0296875 0.03984375
0 0.98203125 0.79453125 0.0296875 0.0375
0 0.0296875 0.97265625 0.0328125 0.03515625
0 0.98671875 0.02734375 0.0234375 0.0375