0 0.971875 0.225 0.0328125 0.04609375
0 0.76796875 0.68828125 0.040625 0.04375
0 0.7828125 0.56953125 0.034375 0.03515625
0 0.1796875 0.728125 0.04375 0.03984375
0 0.64140625 0.615625 0.034375 0.03515625
0 0.809375 0.81953125 0.0328125 0.04609375
0 0.8390625 0.66640625 0.040625 0.04140625
0 0.29296875 0.81484375 0.0328125 0.03984375
0 0.83828125 0.87109375 0.0296875 0.0375
0 0.0421875 0.02109375 0.0375 0.02890625
0 0.1875 0.15 0.034375 0.04609375
0 0.90234375 0.06875 0.0296875 0.04609375
0 0.01484375 0.79609375 0.0296875 0.04609375