0 0.971875 0.225 0.0328125 0.04609375
0 0.76953125 0.69140625 0.040625 0.04375
0 0.7828125 0.56953125 0.034375 0.03515625
0 0.17890625 0.728125 0.04375 0.03984375
0 0.640625 0.61484375 0.034375 0.03515625
0 0.8140625 0.828125 0.03125 0.04609375
0 0.8375 0.665625 0.040625 0.04140625
0 0.29921875 0.828125 0.0328125 0.03984375
0 0.83828125 0.87109375 0.0296875 0.0375
0 0.04296875 0.02265625 0.0375 0.02890625
0 0.1921875 0.14375 0.0328125 0.05
0 0.9078125 0.08984375 0.03125 0.04609375
0 0.00859375 0.79609375 0.0171875 0.04609375