0 0.7828125 0.57109375 0.034375 0.0375
0 0.23515625 0.74296875 0.04375 0.03984375
0 0.72109375 0.51640625 0.034375 0.05
0 0.88125 0.77109375 0.0296875 0.04765625
0 0.953125 0.65859375 0.0484375 0.04140625
0 0.84296875 0.884375 0.0359375 0.03984375
0 0.0671875 0.02265625 0.0328125 0.03984375
0 0.06328125 0.09609375 0.03125 0.05390625
0 0.07109375 0.859375 0.0359375 0.04140625
0 0.76328125 0.25703125 0.034375 0.04140625
0 0.0328125 0.9921875 0.0375 0.015625
0 0.00859375 0.02734375 0.0171875 0.05390625