0 0.97578125 0.225 0.0328125 0.04609375
0 0.7453125 0.64609375 0.040625 0.04375
0 0.7828125 0.57109375 0.034375 0.0375
0 0.18359375 0.72890625 0.04375 0.03984375
0 0.65234375 0.590625 0.034375 0.04609375
0 0.74453125 0.76328125 0.0453125 0.03984375
0 0.86015625 0.65859375 0.040625 0.04140625
0 0.20859375 0.81015625 0.0328125 0.03984375
0 0.8390625 0.871875 0.0296875 0.0375
0 0.034375 0.01171875 0.0390625 0.02265625
0 0.134375 0.19453125 0.040625 0.04140625
0 0.01640625 0.740625 0.0265625 0.04609375