0 0.009375 0.06640625 0.01875 0.07109375
0 0.98984375 0.04921875 0.0203125 0.03515625
0 0.9421875 0.221875 0.0328125 0.04609375
0 0.9375 0.59765625 0.0375 0.04609375
0 0.7828125 0.56796875 0.034375 0.03125
0 0.153125 0.72109375 0.04375 0.03984375
0 0.61640625 0.60703125 0.034375 0.04765625
0 0.63203125 0.83984375 0.0375 0.04375
0 0.8015625 0.65546875 0.0390625 0.03359375
0 0.2109375 0.825 0.034375 0.03984375
0 0.834375 0.86875 0.028125 0.03515625
0 0.96484375 0.04375 0.0296875 0.0375
0 0.053125 0.05234375 0.0328125 0.04140625