0 0.0578125 0.228125 0.0375 0.04609375
0 0.19921875 0.12109375 0.028125 0.04609375
0 0.921875 0.13671875 0.034375 0.03515625
0 0.93359375 0.22109375 0.0328125 0.04609375
0 0.85390625 0.47109375 0.0296875 0.05
0 0.7828125 0.56640625 0.034375 0.02890625
0 0.1375 0.71171875 0.04375 0.03984375
0 0.61484375 0.63359375 0.040625 0.0375
0 0.63359375 0.65625 0.0328125 0.03359375
0 0.78984375 0.64296875 0.0390625 0.03359375
0 0.146875 0.98203125 0.0375 0.03515625
0 0.8328125 0.86796875 0.028125 0.03515625