0 0.03046875 0.20703125 0.034375 0.05390625
0 0.20625 0.11953125 0.028125 0.04609375
0 0.91796875 0.11640625 0.034375 0.03984375
0 0.934375 0.221875 0.0328125 0.04609375
0 0.87734375 0.47265625 0.034375 0.05
0 0.7828125 0.56640625 0.034375 0.02890625
0 0.13984375 0.7125 0.04375 0.03984375
0 0.61875 0.62578125 0.034375 0.04765625
0 0.6140625 0.67265625 0.0359375 0.03359375
0 0.78984375 0.64765625 0.0390625 0.03359375
0 0.18203125 0.984375 0.046875 0.03125
0 0.8328125 0.86796875 0.028125 0.03515625