0 0.00859375 0.08828125 0.0171875 0.06640625
0 0.9828125 0.04296875 0.0296875 0.03515625
0 0.940625 0.22421875 0.0328125 0.04609375
0 0.9390625 0.57890625 0.0375 0.04609375
0 0.7828125 0.56796875 0.034375 0.03125
0 0.1515625 0.71953125 0.04375 0.03984375
0 0.6171875 0.609375 0.034375 0.04765625
0 0.62265625 0.82734375 0.0265625 0.05
0 0.8 0.65390625 0.0390625 0.03359375
0 0.228125 0.82578125 0.0328125 0.04140625
0 0.834375 0.86875 0.028125 0.03515625
0 0.9890625 0.01171875 0.021875 0.02265625
0 0.046875 0.04140625 0.0328125 0.04140625