0 0.99609375 0.221875 0.0078125 0.04765625
0 0.7828125 0.57109375 0.034375 0.0375
0 0.21640625 0.7375 0.04375 0.03984375
0 0.69609375 0.55078125 0.034375 0.05
0 0.9078125 0.80546875 0.03125 0.05
0 0.92734375 0.65078125 0.0484375 0.04140625
0 0.84375 0.878125 0.034375 0.04765625
0 0.06328125 0.13046875 0.03125 0.04375
0 0.24453125 0.05 0.034375 0.05390625
0 0.034375 0.81796875 0.034375 0.04375
0 0.33046875 0.89140625 0.034375 0.04140625
0 0.0078125 0.93984375 0.015625 0.05
0 0.86640625 0.071875 0.0359375 0.04375