0 0.97265625 0.225 0.0328125 0.04609375
0 0.76484375 0.684375 0.040625 0.04375
0 0.7828125 0.56953125 0.034375 0.03515625
0 0.1796875 0.728125 0.04375 0.03984375
0 0.64296875 0.61328125 0.034375 0.03515625
0 0.8015625 0.81171875 0.0328125 0.04609375
0 0.84140625 0.66875 0.040625 0.04140625
0 0.28203125 0.81171875 0.0328125 0.03984375
0 0.8390625 0.87109375 0.0296875 0.0375
0 0.040625 0.01875 0.0375 0.02890625
0 0.18203125 0.15859375 0.0359375 0.04375
0 0.8890625 0.04296875 0.0296875 0.04609375
0 0.015625 0.78359375 0.03125 0.04609375