0 0.00625 0.125 0.0125 0.05859375
0 0.22421875 0.01484375 0.0359375 0.02890625
0 0.965625 0.05 0.0296875 0.03984375
0 0.9390625 0.22421875 0.0328125 0.04609375
0 0.9375 0.55546875 0.0375 0.04609375
0 0.7828125 0.56796875 0.034375 0.03125
0 0.14921875 0.71875 0.04375 0.03984375
0 0.6171875 0.61328125 0.034375 0.04765625
0 0.60859375 0.78828125 0.0265625 0.05
0 0.79765625 0.653125 0.0390625 0.03359375
0 0.240625 0.87265625 0.0328125 0.04140625
0 0.834375 0.86875 0.028125 0.03515625
0 0.99296875 0.01328125 0.0140625 0.0265625
0 0.0265625 0.0125 0.040625 0.025