0 0.02890625 0.01015625 0.0421875 0.0203125
0 0.946875 0.22265625 0.0328125 0.04609375
0 0.91328125 0.66015625 0.03125 0.05859375
0 0.7828125 0.56796875 0.034375 0.03125
0 0.15859375 0.725 0.04375 0.03984375
0 0.615625 0.59765625 0.034375 0.04765625
0 0.665625 0.91328125 0.0296875 0.04765625
0 0.8078125 0.65859375 0.0390625 0.03359375
0 0.15625 0.878125 0.0296875 0.03984375
0 0.83515625 0.86953125 0.028125 0.03515625
0 0.81640625 0.07578125 0.0328125 0.03125
0 0.08671875 0.08671875 0.0328125 0.04375