0 0.9953125 0.221875 0.009375 0.04765625
0 0.98671875 0.4625 0.0265625 0.04765625
0 0.7828125 0.57109375 0.034375 0.0375
0 0.21484375 0.73671875 0.04375 0.03984375
0 0.69453125 0.55 0.034375 0.05
0 0.91484375 0.83828125 0.03125 0.04765625
0 0.92109375 0.65 0.0484375 0.04140625
0 0.84375 0.87734375 0.034375 0.04609375
0 0.05546875 0.12109375 0.0296875 0.04609375
0 0.22734375 0.01875 0.0390625 0.0375
0 0.01953125 0.79921875 0.03125 0.05
0 0.3640625 0.925 0.0328125 0.04140625
0 0.83984375 0.02265625 0.0359375 0.0375