0 0.97265625 0.225 0.0328125 0.04609375
0 0.76328125 0.68203125 0.040625 0.04375
0 0.7828125 0.56953125 0.034375 0.03515625
0 0.18046875 0.728125 0.04375 0.03984375
0 0.64375 0.6125 0.034375 0.0375
0 0.79765625 0.80703125 0.0328125 0.04609375
0 0.84375 0.66875 0.040625 0.04140625
0 0.27734375 0.80546875 0.0328125 0.03984375
0 0.8390625 0.87109375 0.0296875 0.0375
0 0.040625 0.01796875 0.0375 0.02890625
0 0.1796875 0.16171875 0.0359375 0.04140625
0 0.87734375 0.025 0.0359375 0.04140625
0 0.021875 0.78359375 0.03125 0.04609375