0 0.0734375 0.271875 0.046875 0.06015625
0 0.0640625 0.428125 0.0625 0.07734375
0 0.1375 0.71015625 0.0546875 0.07109375
0 0.20390625 0.87890625 0.0515625 0.06875
0 0.41484375 0.88046875 0.0515625 0.06484375
0 0.27734375 0.44140625 0.046875 0.0625
0 0.428125 0.46875 0.065625 0.08359375
0 0.628125 0.18125 0.046875 0.0625
0 0.61328125 0.25703125 0.0578125 0.07265625
0 0.8453125 0.396875 0.0453125 0.0625
0 0.63203125 0.56171875 0.059375 0.07265625
0 0.653125 0.890625 0.05625 0.07734375
0 0.753125 0.66484375 0.05 0.07109375
0 0.5875 0.14140625 0.046875 0.0625
0 0.378125 0.025 0.053125 0.05
0 0.6484375 0.07109375 0.0640625 0.07890625
0 0.9828125 0.31875 0.034375 0.07890625
0 0.4328125 0.296875 0.021875 0.03125