0 0.165625 0.1375 0.0484375 0.06640625
0 0.11796875 0.04765625 0.05 0.06015625
0 0.4078125 0.115625 0.0515625 0.07109375
0 0.453125 0.18046875 0.04375 0.06484375
0 0.525 0.240625 0.0453125 0.06484375
2 0.71796875 0.25078125 0.0421875 0.06015625
0 0.88125 0.08828125 0.053125 0.06875
0 0.24453125 0.50625 0.04375 0.05625
0 0.28125 0.52265625 0.0453125 0.0625
0 0.465625 0.45703125 0.046875 0.06015625
0 0.6671875 0.43515625 0.0484375 0.0625
0 0.8703125 0.55703125 0.0515625 0.06875
0 0.94921875 0.49609375 0.0453125 0.05859375
0 0.98359375 0.41328125 0.0296875 0.06015625
0 0.06796875 0.45546875 0.0421875 0.06015625
0 0.41171875 0.59296875 0.0515625 0.06484375
0 0.42578125 0.68046875 0.0515625 0.06640625
0 0.24375 0.88359375 0.0515625 0.07109375
0 0.3140625 0.95390625 0.04375 0.0625
0 0.50703125 0.9625 0.0484375 0.05859375
0 0.6953125 0.78828125 0.0359375 0.04609375
0 0.76015625 0.809375 0.05 0.06640625
0 0.9125 0.878125 0.0515625 0.06484375
0 0.53984375 0.88828125 0.0578125 0.07265625
0 0.22578125 0.27109375 0.0515625 0.06484375
0 0.2875 0.90234375 0.0421875 0.0625
0 0.828125 0.46796875 0.046875 0.06484375
0 0.340625 0.24296875 0.0453125 0.06015625
0 0.82109375 0.840625 0.05 0.06484375
0 0.69375 0.840625 0.0453125 0.05625
0 0.4546875 0.49921875 0.0453125 0.05859375
0 0.01484375 0.85546875 0.028125 0.07265625
2 0.92265625 0.715625 0.0421875 0.03359375