0 0.16328125 0.13515625 0.0484375 0.06640625
0 0.1390625 0.06953125 0.05 0.06015625
0 0.43984375 0.12734375 0.0515625 0.07109375
0 0.45078125 0.18671875 0.04375 0.06484375
0 0.52265625 0.25078125 0.0453125 0.06484375
2 0.740625 0.30390625 0.0421875 0.06015625
0 0.8875 0.09140625 0.053125 0.06875
0 0.27890625 0.53203125 0.04375 0.05625
0 0.29921875 0.52734375 0.0453125 0.0625
0 0.490625 0.48984375 0.046875 0.06015625
0 0.66796875 0.44140625 0.0484375 0.0625
0 0.90390625 0.58203125 0.0515625 0.06875
0 0.94921875 0.49609375 0.0453125 0.05859375
0 0.98359375 0.41328125 0.0296875 0.06015625
0 0.06796875 0.45546875 0.0421875 0.06015625
0 0.45546875 0.62578125 0.0515625 0.06484375
0 0.42890625 0.68515625 0.0515625 0.06640625
0 0.27265625 0.89453125 0.0515625 0.07109375
0 0.321875 0.96875 0.04375 0.0625
0 0.50703125 0.9625 0.0484375 0.05859375
0 0.734375 0.815625 0.0359375 0.04609375
0 0.78671875 0.834375 0.05 0.06640625
0 0.93046875 0.890625 0.0515625 0.06484375
0 0.53984375 0.89453125 0.0578125 0.07265625
0 0.14453125 0.275 0.0515625 0.06484375
0 0.2375 0.821875 0.04375 0.0625
0 0.5125 0.70703125 0.046875 0.06484375
0 0.378125 0.29765625 0.0453125 0.06015625
0 0.76484375 0.67109375 0.05 0.06484375
0 0.72421875 0.86640625 0.05 0.06484375
0 0.48125 0.52265625 0.0453125 0.05859375
0 0.96015625 0.19296875 0.0421875 0.05625
0 0.4359375 0.34453125 0.0484375 0.06484375
0 0.40234375 0.68203125 0.0453125 0.06484375
0 0.025 0.88125 0.040625 0.0625
0 0.3546875 0.86015625 0.05625 0.06640625
0 0.0140625 0.29453125 0.028125 0.06875
2 0.93515625 0.725 0.0515625 0.03984375