0 0.16328125 0.13515625 0.0484375 0.06640625
0 0.12421875 0.05859375 0.05 0.06015625
0 0.41171875 0.11171875 0.0515625 0.07109375
0 0.45234375 0.18125 0.04375 0.06484375
0 0.52421875 0.24375 0.0453125 0.06484375
2 0.72578125 0.26640625 0.0421875 0.06015625
0 0.88359375 0.08984375 0.053125 0.06875
0 0.25390625 0.51796875 0.04375 0.05625
0 0.284375 0.525 0.0453125 0.0625
0 0.475 0.46484375 0.046875 0.06015625
0 0.6671875 0.43828125 0.0484375 0.0625
0 0.88125 0.56875 0.0515625 0.06875
0 0.94921875 0.49609375 0.0453125 0.05859375
0 0.98359375 0.41328125 0.0296875 0.06015625
0 0.06796875 0.45546875 0.0421875 0.06015625
0 0.4265625 0.6 0.0515625 0.06484375
0 0.428125 0.68359375 0.0515625 0.06640625
0 0.25 0.88359375 0.0515625 0.07109375
0 0.31640625 0.96484375 0.04375 0.0625
0 0.50703125 0.9625 0.0484375 0.05859375
0 0.70703125 0.79375 0.0359375 0.04609375
0 0.76875 0.81796875 0.05 0.06640625
0 0.921875 0.88046875 0.0515625 0.06484375
0 0.53984375 0.890625 0.0578125 0.07265625
0 0.215625 0.23125 0.0515625 0.06484375
0 0.29140625 0.865625 0.0421875 0.0625
0 0.74140625 0.54765625 0.046875 0.06484375
0 0.3515625 0.25234375 0.0453125 0.06015625
0 0.84140625 0.71015625 0.05 0.06484375
0 0.70390625 0.84453125 0.0453125 0.05625
0 0.46171875 0.50546875 0.0453125 0.05859375
0 0.98515625 0.44453125 0.0296875 0.06640625
0 0.01953125 0.86171875 0.0328125 0.06484375
2 0.92265625 0.71796875 0.0421875 0.03359375