0 0.1546875 0.1375 0.0484375 0.06640625
0 0.10546875 0.0375 0.05 0.06015625
0 0.378125 0.07421875 0.046875 0.06015625
0 0.40078125 0.121875 0.0515625 0.07109375
0 0.4546875 0.17734375 0.04375 0.06484375
0 0.52578125 0.23515625 0.0453125 0.06484375
2 0.70390625 0.23359375 0.0421875 0.06015625
0 0.875 0.08359375 0.053125 0.06875
0 0.2328125 0.47265625 0.04375 0.05625
0 0.2765625 0.51953125 0.0453125 0.0625
0 0.346875 0.39296875 0.0515625 0.06640625
0 0.453125 0.45234375 0.046875 0.06015625
0 0.66640625 0.43203125 0.0484375 0.0625
0 0.84765625 0.540625 0.0515625 0.06875
0 0.94375 0.48671875 0.0453125 0.05859375
0 0.98671875 0.41875 0.0234375 0.06015625
0 0.06796875 0.45546875 0.0421875 0.06015625
0 0.3890625 0.57578125 0.0515625 0.06484375
0 0.4234375 0.67421875 0.0515625 0.06640625
0 0.23046875 0.87265625 0.0515625 0.07109375
0 0.31328125 0.9375 0.04375 0.0625
0 0.5046875 0.95625 0.0484375 0.05859375
0 0.678125 0.77578125 0.0359375 0.04609375
0 0.74921875 0.79609375 0.05 0.07109375
0 0.90625 0.86953125 0.0515625 0.06484375
0 0.53359375 0.88359375 0.0578125 0.07265625
0 0.1421875 0.45703125 0.0515625 0.06484375
0 0.29140625 0.93671875 0.0421875 0.0625
0 0.95234375 0.3625 0.046875 0.06484375
0 0.32890625 0.21953125 0.0421875 0.05625
0 0.67421875 0.821875 0.0453125 0.05625
0 0.44921875 0.4875 0.0453125 0.05859375
2 0.92265625 0.71328125 0.0421875 0.03359375