0 0.16640625 0.13984375 0.0484375 0.06640625
0 0.115625 0.04609375 0.05 0.06015625
0 0.39375 0.08828125 0.046875 0.06015625
0 0.40625 0.11640625 0.0515625 0.07109375
0 0.45390625 0.17890625 0.04375 0.06484375
0 0.525 0.23984375 0.0453125 0.06484375
2 0.71484375 0.24765625 0.0421875 0.06015625
0 0.88046875 0.0875 0.053125 0.06875
0 0.2390625 0.5 0.04375 0.05625
0 0.28046875 0.521875 0.0453125 0.0625
0 0.04140625 0.33125 0.0515625 0.06640625
0 0.46171875 0.45390625 0.046875 0.06015625
0 0.6671875 0.43515625 0.0484375 0.0625
0 0.865625 0.55078125 0.0515625 0.06875
0 0.94921875 0.49609375 0.0453125 0.05859375
0 0.98359375 0.41328125 0.0296875 0.06015625
0 0.06796875 0.45546875 0.0421875 0.06015625
0 0.40625 0.58359375 0.0515625 0.06484375
0 0.42578125 0.678125 0.0515625 0.06640625
0 0.2421875 0.88046875 0.0515625 0.07109375
0 0.31640625 0.94296875 0.04375 0.0625
0 0.50703125 0.9625 0.0484375 0.05859375
0 0.6921875 0.784375 0.0359375 0.04609375
0 0.75703125 0.80625 0.05 0.06640625
0 0.909375 0.878125 0.0515625 0.06484375
0 0.5390625 0.8875 0.0578125 0.07265625
0 0.23671875 0.37578125 0.0515625 0.06484375
0 0.28125 0.92421875 0.0421875 0.0625
0 0.85546875 0.44453125 0.046875 0.06484375
0 0.3390625 0.23828125 0.0453125 0.06015625
0 0.81015625 0.90859375 0.05 0.06484375
0 0.69140625 0.834375 0.0453125 0.05625
0 0.45234375 0.496875 0.0453125 0.05859375
0 0.0140625 0.853125 0.0265625 0.075
2 0.92265625 0.715625 0.0421875 0.03359375