0 0.16328125 0.13515625 0.0484375 0.06640625
0 0.13515625 0.06640625 0.05 0.06015625
0 0.434375 0.11796875 0.0515625 0.07109375
0 0.4515625 0.18515625 0.04375 0.06484375
0 0.52265625 0.24921875 0.0453125 0.06484375
2 0.73515625 0.29296875 0.0421875 0.06015625
0 0.8859375 0.09140625 0.053125 0.06875
0 0.27265625 0.53046875 0.04375 0.05625
0 0.296875 0.52734375 0.0453125 0.0625
0 0.4828125 0.48125 0.046875 0.06015625
0 0.66796875 0.44140625 0.0484375 0.0625
0 0.90703125 0.58515625 0.0515625 0.06875
0 0.94921875 0.49609375 0.0453125 0.05859375
0 0.98359375 0.41328125 0.0296875 0.06015625
0 0.06796875 0.45546875 0.0421875 0.06015625
0 0.4484375 0.61875 0.0515625 0.06484375
0 0.42890625 0.68515625 0.0515625 0.06640625
0 0.2671875 0.89140625 0.0515625 0.07109375
0 0.321875 0.96875 0.04375 0.0625
0 0.50703125 0.9625 0.0484375 0.05859375
0 0.725 0.80703125 0.0359375 0.04609375
0 0.77890625 0.82890625 0.05 0.06640625
0 0.925 0.88828125 0.0515625 0.06484375
0 0.53984375 0.89453125 0.0578125 0.07265625
0 0.21328125 0.20546875 0.0515625 0.06484375
0 0.2296875 0.82265625 0.04375 0.0625
0 0.59140625 0.659375 0.046875 0.06484375
0 0.37265625 0.28359375 0.0453125 0.06015625
0 0.840625 0.68359375 0.05 0.06484375
0 0.71640625 0.86015625 0.05 0.06484375
0 0.475 0.51796875 0.0453125 0.05859375
0 0.93046875 0.26015625 0.0421875 0.05625
0 0.5859375 0.5125 0.0484375 0.06484375
0 0.28203125 0.39140625 0.0453125 0.06484375
0 0.025 0.878125 0.0390625 0.0625
2 0.9296875 0.721875 0.046875 0.03515625