0 0.0734375 0.271875 0.046875 0.06015625
0 0.0671875 0.43203125 0.0625 0.07734375
0 0.146875 0.73203125 0.0546875 0.07109375
0 0.1984375 0.86796875 0.0515625 0.06875
0 0.41484375 0.88046875 0.0515625 0.06484375
0 0.2859375 0.446875 0.046875 0.0625
0 0.428125 0.46875 0.065625 0.08359375
0 0.6296875 0.18359375 0.046875 0.0625
0 0.64921875 0.27734375 0.0578125 0.07265625
0 0.85 0.40234375 0.0453125 0.0625
0 0.63671875 0.56171875 0.059375 0.07265625
0 0.653125 0.890625 0.05625 0.07734375
0 0.753125 0.66484375 0.05 0.07109375
0 0.44296875 0.18046875 0.0515625 0.07109375
0 0.3828125 0.02890625 0.053125 0.05
0 0.65625 0.07734375 0.0640625 0.07890625
0 0.96484375 0.37890625 0.046875 0.07265625
0 0.434375 0.3 0.0265625 0.0375