0 0.16328125 0.13515625 0.0484375 0.06640625
0 0.12734375 0.0625 0.05 0.06015625
0 0.4171875 0.109375 0.0515625 0.07109375
0 0.45234375 0.18203125 0.04375 0.06484375
0 0.5234375 0.24453125 0.0453125 0.06484375
2 0.73125 0.271875 0.0421875 0.06015625
0 0.884375 0.08984375 0.053125 0.06875
0 0.26171875 0.52734375 0.04375 0.05625
0 0.2859375 0.52578125 0.0453125 0.0625
0 0.478125 0.46796875 0.046875 0.06015625
0 0.66796875 0.43984375 0.0484375 0.0625
0 0.89453125 0.57109375 0.0515625 0.06875
0 0.94921875 0.49609375 0.0453125 0.05859375
0 0.98359375 0.41328125 0.0296875 0.06015625
0 0.06796875 0.45546875 0.0421875 0.06015625
0 0.43359375 0.603125 0.0515625 0.06484375
0 0.42890625 0.68515625 0.0515625 0.06640625
0 0.25625 0.8875 0.0515625 0.07109375
0 0.31796875 0.965625 0.04375 0.0625
0 0.50703125 0.9625 0.0484375 0.05859375
0 0.715625 0.80078125 0.0359375 0.04609375
0 0.7734375 0.82265625 0.05 0.06640625
0 0.92265625 0.88203125 0.0515625 0.06484375
0 0.53984375 0.89140625 0.0578125 0.07265625
0 0.22421875 0.215625 0.0515625 0.06484375
0 0.271875 0.83515625 0.04375 0.0625
0 0.70234375 0.59140625 0.046875 0.06484375
0 0.35703125 0.25859375 0.0453125 0.06015625
0 0.85546875 0.65859375 0.05 0.06484375
0 0.7078125 0.846875 0.0453125 0.05625
0 0.46484375 0.50859375 0.0453125 0.05859375
0 0.9453125 0.41015625 0.0421875 0.05625
0 0.909375 0.58203125 0.0484375 0.06484375
0 0.021875 0.865625 0.034375 0.0625
2 0.92265625 0.71875 0.0421875 0.03359375