0 0.16171875 0.13828125 0.0484375 0.06640625
0 0.11171875 0.04296875 0.05 0.06015625
0 0.38828125 0.084375 0.046875 0.06015625
0 0.40390625 0.11875 0.0515625 0.07109375
0 0.45390625 0.178125 0.04375 0.06484375
0 0.525 0.2375 0.0453125 0.06484375
2 0.71171875 0.24375 0.0421875 0.06015625
0 0.878125 0.08671875 0.053125 0.06875
0 0.2375 0.48203125 0.04375 0.05625
0 0.27890625 0.52109375 0.0453125 0.0625
0 0.16015625 0.29296875 0.0515625 0.06640625
0 0.45625 0.44921875 0.046875 0.06015625
0 0.6671875 0.434375 0.0484375 0.0625
0 0.85859375 0.54453125 0.0515625 0.06875
0 0.94296875 0.48984375 0.0453125 0.05859375
0 0.98359375 0.41328125 0.0296875 0.06015625
0 0.06796875 0.45546875 0.0421875 0.06015625
0 0.39921875 0.57890625 0.0515625 0.06484375
0 0.425 0.67734375 0.0515625 0.06640625
0 0.2390625 0.875 0.0515625 0.07109375
0 0.315625 0.940625 0.04375 0.0625
0 0.50625 0.96015625 0.0484375 0.05859375
0 0.68671875 0.78046875 0.0359375 0.04609375
0 0.75390625 0.803125 0.05 0.06640625
0 0.90859375 0.87265625 0.0515625 0.06484375
0 0.53671875 0.88671875 0.0578125 0.07265625
0 0.215625 0.471875 0.0515625 0.06484375
0 0.29140625 0.92890625 0.0421875 0.0625
0 0.8921875 0.403125 0.046875 0.06484375
0 0.33046875 0.221875 0.0453125 0.06015625
0 0.859375 0.94453125 0.05 0.06484375
0 0.684375 0.82890625 0.0453125 0.05625
0 0.44921875 0.49375 0.0453125 0.05859375
2 0.92265625 0.71484375 0.0421875 0.03359375