0 0.16328125 0.13515625 0.0484375 0.06640625
0 0.1296875 0.06328125 0.05 0.06015625
0 0.4234375 0.11015625 0.0515625 0.07109375
0 0.4515625 0.18359375 0.04375 0.06484375
0 0.5234375 0.24609375 0.0453125 0.06484375
2 0.73515625 0.27578125 0.0421875 0.06015625
0 0.884375 0.090625 0.053125 0.06875
0 0.2609375 0.53125 0.04375 0.05625
0 0.28828125 0.52734375 0.0453125 0.0625
0 0.48125 0.46953125 0.046875 0.06015625
0 0.66796875 0.440625 0.0484375 0.0625
0 0.90234375 0.575 0.0515625 0.06875
0 0.94921875 0.49609375 0.0453125 0.05859375
0 0.98359375 0.41328125 0.0296875 0.06015625
0 0.06796875 0.45546875 0.0421875 0.06015625
0 0.43828125 0.60703125 0.0515625 0.06484375
0 0.42890625 0.68515625 0.0515625 0.06640625
0 0.25859375 0.88828125 0.0515625 0.07109375
0 0.31953125 0.96640625 0.04375 0.0625
0 0.50703125 0.9625 0.0484375 0.05859375
0 0.71875 0.803125 0.0359375 0.04609375
0 0.77421875 0.825 0.05 0.06640625
0 0.92265625 0.884375 0.0515625 0.06484375
0 0.53984375 0.89296875 0.0578125 0.07265625
0 0.21484375 0.2125 0.0515625 0.06484375
0 0.246875 0.84140625 0.04375 0.0625
0 0.6703125 0.63125 0.046875 0.06484375
0 0.3609375 0.2625 0.0453125 0.06015625
0 0.8828125 0.74921875 0.05 0.06484375
0 0.709375 0.84921875 0.0453125 0.05625
0 0.46796875 0.51015625 0.0453125 0.05859375
0 0.928125 0.38046875 0.0421875 0.05625
0 0.75 0.61484375 0.0484375 0.06484375
0 0.13125 0.09609375 0.04375 0.05390625
0 0.0234375 0.86796875 0.0359375 0.05859375
2 0.9234375 0.71875 0.0421875 0.03359375