0 0.16015625 0.13828125 0.0484375 0.06640625
0 0.11015625 0.040625 0.05 0.06015625
0 0.38515625 0.08203125 0.046875 0.06015625
0 0.403125 0.11875 0.0515625 0.07109375
0 0.45390625 0.178125 0.04375 0.06484375
0 0.525 0.2375 0.0453125 0.06484375
2 0.71015625 0.24296875 0.0421875 0.06015625
0 0.87734375 0.08515625 0.053125 0.06875
0 0.23671875 0.47890625 0.04375 0.05625
0 0.27890625 0.52109375 0.0453125 0.0625
0 0.20234375 0.25234375 0.0515625 0.06640625
0 0.45390625 0.44765625 0.046875 0.06015625
0 0.66640625 0.43359375 0.0484375 0.0625
0 0.85546875 0.54296875 0.0515625 0.06875
0 0.94296875 0.48828125 0.0453125 0.05859375
0 0.984375 0.41484375 0.028125 0.06015625
0 0.06796875 0.45546875 0.0421875 0.06015625
0 0.396875 0.57890625 0.0515625 0.06484375
0 0.42421875 0.67578125 0.0515625 0.06640625
0 0.23671875 0.87421875 0.0515625 0.07109375
0 0.31484375 0.93984375 0.04375 0.0625
0 0.50546875 0.959375 0.0484375 0.05859375
0 0.684375 0.78046875 0.0359375 0.04609375
0 0.75234375 0.80078125 0.05 0.06640625
0 0.90859375 0.86953125 0.0515625 0.06484375
0 0.5359375 0.88515625 0.0578125 0.07265625
0 0.1875 0.440625 0.0515625 0.06484375
0 0.29453125 0.93125 0.0421875 0.0625
0 0.909375 0.39921875 0.046875 0.06484375
0 0.33203125 0.21875 0.0453125 0.06015625
0 0.85546875 0.975 0.05625 0.05
0 0.68203125 0.82734375 0.0453125 0.05625
0 0.4484375 0.49140625 0.0453125 0.05859375
2 0.92265625 0.71484375 0.0421875 0.03359375