0 0.16328125 0.13515625 0.0484375 0.06640625
0 0.1375 0.06875 0.05 0.06015625
0 0.4390625 0.125 0.0515625 0.07109375
0 0.45078125 0.18671875 0.04375 0.06484375
0 0.52265625 0.25 0.0453125 0.06484375
2 0.73828125 0.3 0.0421875 0.06015625
0 0.88671875 0.09140625 0.053125 0.06875
0 0.2765625 0.53203125 0.04375 0.05625
0 0.29921875 0.52734375 0.0453125 0.0625
0 0.48828125 0.4875 0.046875 0.06015625
0 0.66796875 0.44140625 0.0484375 0.0625
0 0.9046875 0.58359375 0.0515625 0.06875
0 0.94921875 0.49609375 0.0453125 0.05859375
0 0.98359375 0.41328125 0.0296875 0.06015625
0 0.06796875 0.45546875 0.0421875 0.06015625
0 0.45234375 0.62265625 0.0515625 0.06484375
0 0.42890625 0.68515625 0.0515625 0.06640625
0 0.2703125 0.89375 0.0515625 0.07109375
0 0.321875 0.96875 0.04375 0.0625
0 0.50703125 0.9625 0.0484375 0.05859375
0 0.7296875 0.8125 0.0359375 0.04609375
0 0.784375 0.83125 0.05 0.06640625
0 0.9296875 0.88984375 0.0515625 0.06484375
0 0.53984375 0.89453125 0.0578125 0.07265625
0 0.21875 0.24609375 0.0515625 0.06484375
0 0.23671875 0.82265625 0.04375 0.0625
0 0.55390625 0.68125 0.046875 0.06484375
0 0.3765625 0.2875 0.0453125 0.06015625
0 0.7859375 0.71484375 0.05 0.06484375
0 0.7203125 0.86328125 0.05 0.06484375
0 0.47890625 0.52109375 0.0453125 0.05859375
0 0.9484375 0.23203125 0.0421875 0.05625
0 0.49765625 0.40546875 0.0484375 0.06484375
0 0.35859375 0.5375 0.0453125 0.06484375
0 0.025 0.88125 0.040625 0.0625
2 0.9328125 0.72421875 0.05 0.0375