0 0.16328125 0.13515625 0.0484375 0.06640625
0 0.12890625 0.06328125 0.05 0.06015625
0 0.421875 0.11015625 0.0515625 0.07109375
0 0.4515625 0.18359375 0.04375 0.06484375
0 0.5234375 0.24609375 0.0453125 0.06484375
2 0.73515625 0.275 0.0421875 0.06015625
0 0.884375 0.090625 0.053125 0.06875
0 0.26015625 0.53203125 0.04375 0.05625
0 0.2875 0.52734375 0.0453125 0.0625
0 0.48125 0.46953125 0.046875 0.06015625
0 0.66796875 0.440625 0.0484375 0.0625
0 0.90234375 0.57421875 0.0515625 0.06875
0 0.94921875 0.49609375 0.0453125 0.05859375
0 0.98359375 0.41328125 0.0296875 0.06015625
0 0.06796875 0.45546875 0.0421875 0.06015625
0 0.4375 0.60625 0.0515625 0.06484375
0 0.42890625 0.68515625 0.0515625 0.06640625
0 0.259375 0.890625 0.0515625 0.07109375
0 0.31875 0.96640625 0.04375 0.0625
0 0.50703125 0.9625 0.0484375 0.05859375
0 0.71796875 0.80234375 0.0359375 0.04609375
0 0.77421875 0.825 0.05 0.06640625
0 0.92265625 0.884375 0.0515625 0.06484375
0 0.53984375 0.89296875 0.0578125 0.07265625
0 0.21484375 0.21328125 0.0515625 0.06484375
0 0.24453125 0.84921875 0.04375 0.0625
0 0.67578125 0.621875 0.046875 0.06484375
0 0.36015625 0.26171875 0.0453125 0.06015625
0 0.88203125 0.728125 0.05 0.06484375
0 0.709375 0.84765625 0.0453125 0.05625
0 0.46796875 0.51015625 0.0453125 0.05859375
0 0.93046875 0.38359375 0.0421875 0.05625
0 0.775 0.63828125 0.0484375 0.06484375
0 0.10625 0.06953125 0.04375 0.05390625
0 0.0234375 0.86796875 0.0359375 0.06015625
2 0.92265625 0.71875 0.0421875 0.03359375