0 0.15078125 0.1375 0.0484375 0.06640625
0 0.1015625 0.034375 0.05 0.06015625
0 0.37421875 0.06875 0.046875 0.06015625
0 0.39921875 0.12265625 0.0515625 0.07109375
0 0.4546875 0.17578125 0.04375 0.06484375
0 0.52578125 0.234375 0.0453125 0.06484375
2 0.7 0.22734375 0.0421875 0.06015625
0 0.8734375 0.08203125 0.053125 0.06875
0 0.2296875 0.46875 0.04375 0.05625
0 0.27578125 0.51875 0.0453125 0.0625
0 0.4171875 0.51171875 0.0515625 0.06015625
0 0.45390625 0.45078125 0.046875 0.06015625
0 0.66640625 0.43125 0.0484375 0.0625
0 0.840625 0.52890625 0.0515625 0.06875
0 0.94453125 0.48515625 0.0453125 0.05859375
0 0.98828125 0.421875 0.0203125 0.06015625
0 0.06796875 0.45546875 0.0421875 0.06015625
0 0.3828125 0.57109375 0.0515625 0.06484375
0 0.42265625 0.67265625 0.0515625 0.06640625
0 0.47890625 0.93984375 0.0421875 0.06015625
0 0.22578125 0.871875 0.053125 0.07265625
0 0.3125 0.93515625 0.04375 0.0625
0 0.50390625 0.95390625 0.0484375 0.05859375
0 0.67421875 0.77265625 0.0359375 0.04609375
0 0.746875 0.79140625 0.05 0.075
0 0.90390625 0.86953125 0.0515625 0.06484375
0 0.53203125 0.88203125 0.0578125 0.07265625
0 0.11015625 0.39765625 0.0515625 0.06484375
0 0.3265625 0.928125 0.0421875 0.0625
0 0.97734375 0.34609375 0.040625 0.06484375
0 0.32265625 0.20859375 0.040625 0.05390625
0 0.6703125 0.81796875 0.0453125 0.05625
0 0.45078125 0.48359375 0.0453125 0.05859375
2 0.92265625 0.7125 0.0421875 0.03359375