0 0.0734375 0.271875 0.046875 0.06015625
0 0.07109375 0.4375 0.0625 0.07734375
0 0.159375 0.75234375 0.0546875 0.07109375
0 0.20078125 0.85546875 0.0515625 0.06875
0 0.41484375 0.88046875 0.0515625 0.06484375
0 0.29453125 0.45078125 0.046875 0.0625
0 0.428125 0.46875 0.065625 0.08359375
0 0.63203125 0.18515625 0.046875 0.0625
0 0.68671875 0.321875 0.0578125 0.07265625
0 0.8546875 0.4 0.0453125 0.0625
0 0.64296875 0.56328125 0.059375 0.07265625
0 0.653125 0.890625 0.05625 0.07734375
0 0.753125 0.66484375 0.05 0.07109375
0 0.28359375 0.09296875 0.0515625 0.07109375
0 0.3890625 0.03203125 0.053125 0.05
0 0.66640625 0.084375 0.0640625 0.07890625
0 0.91796875 0.40390625 0.046875 0.07265625
0 0.43515625 0.303125 0.0296875 0.04375