0 0.16328125 0.13515625 0.0484375 0.06640625
0 0.1359375 0.06796875 0.05 0.06015625
0 0.43671875 0.121875 0.0515625 0.07109375
0 0.45078125 0.18515625 0.04375 0.06484375
0 0.52265625 0.25 0.0453125 0.06484375
2 0.7359375 0.296875 0.0421875 0.06015625
0 0.88671875 0.09140625 0.053125 0.06875
0 0.275 0.53203125 0.04375 0.05625
0 0.29921875 0.52734375 0.0453125 0.0625
0 0.48671875 0.48515625 0.046875 0.06015625
0 0.66796875 0.44140625 0.0484375 0.0625
0 0.9078125 0.58515625 0.0515625 0.06875
0 0.94921875 0.49609375 0.0453125 0.05859375
0 0.98359375 0.41328125 0.0296875 0.06015625
0 0.06796875 0.45546875 0.0421875 0.06015625
0 0.45078125 0.621875 0.0515625 0.06484375
0 0.42890625 0.68515625 0.0515625 0.06640625
0 0.26875 0.89296875 0.0515625 0.07109375
0 0.321875 0.96875 0.04375 0.0625
0 0.50703125 0.9625 0.0484375 0.05859375
0 0.72734375 0.809375 0.0359375 0.04609375
0 0.7828125 0.82890625 0.05 0.06640625
0 0.92890625 0.88828125 0.0515625 0.06484375
0 0.53984375 0.89453125 0.0578125 0.07265625
0 0.21328125 0.20390625 0.0515625 0.06484375
0 0.2328125 0.82265625 0.04375 0.0625
0 0.578125 0.66875 0.046875 0.06484375
0 0.37421875 0.28515625 0.0453125 0.06015625
0 0.81640625 0.66953125 0.05 0.06484375
0 0.71875 0.86171875 0.05 0.06484375
0 0.4765625 0.51953125 0.0453125 0.05859375
0 0.93984375 0.24140625 0.0421875 0.05625
0 0.58203125 0.38984375 0.0484375 0.06484375
0 0.31171875 0.465625 0.0453125 0.06484375
0 0.025 0.88125 0.040625 0.0625
2 0.93125 0.72265625 0.0484375 0.0375