0 0.0734375 0.271875 0.046875 0.06015625
0 0.06875 0.434375 0.0625 0.07734375
0 0.14375 0.74765625 0.0546875 0.07109375
0 0.196875 0.86171875 0.0515625 0.06875
0 0.41484375 0.88046875 0.0515625 0.06484375
0 0.290625 0.44921875 0.046875 0.0625
0 0.428125 0.46875 0.065625 0.08359375
0 0.63046875 0.184375 0.046875 0.0625
0 0.6609375 0.315625 0.0578125 0.07265625
0 0.85234375 0.40078125 0.0453125 0.0625
0 0.63984375 0.56171875 0.059375 0.07265625
0 0.653125 0.890625 0.05625 0.07734375
0 0.753125 0.66484375 0.05 0.07109375
0 0.378125 0.13984375 0.0515625 0.07109375
0 0.3859375 0.03046875 0.053125 0.05
0 0.6609375 0.08046875 0.0640625 0.07890625
0 0.946875 0.3625 0.046875 0.07265625
0 0.43515625 0.30234375 0.028125 0.04140625