0 0.1625 0.13828125 0.0484375 0.06640625
0 0.1125 0.04296875 0.05 0.06015625
0 0.38984375 0.08515625 0.046875 0.06015625
0 0.4046875 0.11796875 0.0515625 0.07109375
0 0.45390625 0.178125 0.04375 0.06484375
0 0.525 0.23828125 0.0453125 0.06484375
2 0.7125 0.24453125 0.0421875 0.06015625
0 0.87890625 0.08671875 0.053125 0.06875
0 0.2375 0.48515625 0.04375 0.05625
0 0.2796875 0.521875 0.0453125 0.0625
0 0.125 0.30078125 0.0515625 0.06640625
0 0.45703125 0.45 0.046875 0.06015625
0 0.6671875 0.434375 0.0484375 0.0625
0 0.86015625 0.54609375 0.0515625 0.06875
0 0.9453125 0.49140625 0.0453125 0.05859375
0 0.98359375 0.41328125 0.0296875 0.06015625
0 0.06796875 0.45546875 0.0421875 0.06015625
0 0.4 0.57890625 0.0515625 0.06484375
0 0.425 0.67734375 0.0515625 0.06640625
0 0.23984375 0.875 0.0515625 0.07109375
0 0.315625 0.940625 0.04375 0.0625
0 0.50625 0.96015625 0.0484375 0.05859375
0 0.68828125 0.78125 0.0359375 0.04609375
0 0.7546875 0.803125 0.05 0.06640625
0 0.90859375 0.87421875 0.0515625 0.06484375
0 0.5375 0.88671875 0.0578125 0.07265625
0 0.24921875 0.4875 0.0515625 0.06484375
0 0.28828125 0.928125 0.0421875 0.0625
0 0.8890625 0.40703125 0.046875 0.06484375
0 0.33671875 0.23125 0.0453125 0.06015625
0 0.85078125 0.921875 0.05 0.06484375
0 0.6859375 0.83046875 0.0453125 0.05625
0 0.45 0.49375 0.0453125 0.05859375
2 0.92265625 0.71484375 0.0421875 0.03359375