0 0.16328125 0.13515625 0.0484375 0.06640625
0 0.13359375 0.065625 0.05 0.06015625
0 0.43125 0.115625 0.0515625 0.07109375
0 0.4515625 0.184375 0.04375 0.06484375
0 0.5234375 0.24765625 0.0453125 0.06484375
2 0.73515625 0.2875 0.0421875 0.06015625
0 0.8859375 0.090625 0.053125 0.06875
0 0.26953125 0.52890625 0.04375 0.05625
0 0.29453125 0.52734375 0.0453125 0.0625
0 0.4796875 0.47734375 0.046875 0.06015625
0 0.66796875 0.44140625 0.0484375 0.0625
0 0.90546875 0.58359375 0.0515625 0.06875
0 0.94921875 0.49609375 0.0453125 0.05859375
0 0.98359375 0.41328125 0.0296875 0.06015625
0 0.06796875 0.45546875 0.0421875 0.06015625
0 0.44609375 0.615625 0.0515625 0.06484375
0 0.42890625 0.68515625 0.0515625 0.06640625
0 0.265625 0.88984375 0.0515625 0.07109375
0 0.32109375 0.96796875 0.04375 0.0625
0 0.50703125 0.9625 0.0484375 0.05859375
0 0.7234375 0.80625 0.0359375 0.04609375
0 0.7765625 0.828125 0.05 0.06640625
0 0.92265625 0.8875 0.0515625 0.06484375
0 0.53984375 0.89453125 0.0578125 0.07265625
0 0.2140625 0.20703125 0.0515625 0.06484375
0 0.209375 0.8375 0.04375 0.0625
0 0.621875 0.63828125 0.046875 0.06484375
0 0.36875 0.275 0.0453125 0.06015625
0 0.8203125 0.71953125 0.05 0.06484375
0 0.7140625 0.85859375 0.05 0.06484375
0 0.4734375 0.515625 0.0453125 0.05859375
0 0.93515625 0.30546875 0.0421875 0.05625
0 0.55 0.68671875 0.0484375 0.06484375
0 0.22109375 0.334375 0.0453125 0.06484375
0 0.025 0.875 0.0390625 0.06015625
2 0.928125 0.72109375 0.0453125 0.03515625