0 0.16328125 0.13515625 0.0484375 0.06640625
0 0.1390625 0.06953125 0.05 0.06015625
0 0.43984375 0.12734375 0.0515625 0.07109375
0 0.45 0.18828125 0.04375 0.06484375
0 0.52265625 0.25078125 0.0453125 0.06484375
2 0.74296875 0.315625 0.0421875 0.06015625
0 0.8890625 0.09296875 0.053125 0.06875
0 0.2921875 0.534375 0.04375 0.05625
0 0.29921875 0.52734375 0.0453125 0.0625
0 0.4953125 0.49609375 0.046875 0.06015625
0 0.66796875 0.44140625 0.0484375 0.0625
0 0.90390625 0.58203125 0.0515625 0.06875
0 0.94921875 0.49609375 0.0453125 0.05859375
0 0.98359375 0.41328125 0.0296875 0.06015625
0 0.06796875 0.45546875 0.0421875 0.06015625
0 0.46015625 0.63046875 0.0515625 0.06484375
0 0.42890625 0.68515625 0.0515625 0.06640625
0 0.27421875 0.89609375 0.0515625 0.07109375
0 0.321875 0.96875 0.04375 0.0625
0 0.50703125 0.9625 0.0484375 0.05859375
0 0.73515625 0.81640625 0.0359375 0.04609375
0 0.79140625 0.840625 0.05 0.06640625
0 0.9328125 0.89609375 0.0515625 0.06484375
0 0.53984375 0.89453125 0.0578125 0.07265625
0 0.1078125 0.28671875 0.0515625 0.06484375
0 0.2234375 0.81484375 0.04375 0.0625
0 0.43984375 0.74375 0.046875 0.06484375
0 0.37421875 0.31171875 0.0453125 0.06015625
0 0.70546875 0.66015625 0.05 0.06484375
0 0.7265625 0.86953125 0.05 0.06484375
0 0.48671875 0.528125 0.0453125 0.05859375
0 0.97890625 0.13046875 0.0421875 0.05625
0 0.48828125 0.434375 0.0484375 0.06484375
0 0.54296875 0.94140625 0.0453125 0.06484375
0 0.025 0.88125 0.040625 0.0625
0 0.2890625 0.44375 0.05625 0.06640625
0 0.0984375 0.365625 0.046875 0.06875
0 0.05546875 0.978125 0.0578125 0.03515625
2 0.9375 0.72578125 0.053125 0.03984375