0 0.16328125 0.13515625 0.0484375 0.06640625
0 0.13515625 0.06796875 0.05 0.06015625
0 0.43515625 0.11953125 0.0515625 0.07109375
0 0.45078125 0.18515625 0.04375 0.06484375
0 0.52265625 0.24921875 0.0453125 0.06484375
2 0.73515625 0.29453125 0.0421875 0.06015625
0 0.88671875 0.09140625 0.053125 0.06875
0 0.2734375 0.53125 0.04375 0.05625
0 0.29765625 0.52734375 0.0453125 0.0625
0 0.4859375 0.484375 0.046875 0.06015625
0 0.66796875 0.44140625 0.0484375 0.0625
0 0.90859375 0.58671875 0.0515625 0.06875
0 0.94921875 0.49609375 0.0453125 0.05859375
0 0.98359375 0.41328125 0.0296875 0.06015625
0 0.06796875 0.45546875 0.0421875 0.06015625
0 0.44921875 0.61953125 0.0515625 0.06484375
0 0.42890625 0.68515625 0.0515625 0.06640625
0 0.26796875 0.89140625 0.0515625 0.07109375
0 0.321875 0.96875 0.04375 0.0625
0 0.50703125 0.9625 0.0484375 0.05859375
0 0.72578125 0.80859375 0.0359375 0.04609375
0 0.78125 0.82890625 0.05 0.06640625
0 0.928125 0.88828125 0.0515625 0.06484375
0 0.53984375 0.89453125 0.0578125 0.07265625
0 0.21328125 0.20546875 0.0515625 0.06484375
0 0.23125 0.82265625 0.04375 0.0625
0 0.5859375 0.66796875 0.046875 0.06484375
0 0.3734375 0.284375 0.0453125 0.06015625
0 0.828125 0.67421875 0.05 0.06484375
0 0.7171875 0.86015625 0.05 0.06484375
0 0.47578125 0.51875 0.0453125 0.05859375
0 0.94609375 0.25234375 0.0421875 0.05625
0 0.59921875 0.45546875 0.0484375 0.06484375
0 0.2984375 0.40859375 0.0453125 0.06484375
0 0.025 0.87890625 0.040625 0.0625
2 0.93046875 0.72265625 0.0484375 0.0375