0 0.16328125 0.13515625 0.0484375 0.06640625
0 0.1234375 0.05625 0.05 0.06015625
0 0.41171875 0.1125 0.0515625 0.07109375
0 0.45234375 0.18125 0.04375 0.06484375
0 0.52421875 0.24296875 0.0453125 0.06484375
2 0.72421875 0.26484375 0.0421875 0.06015625
0 0.8828125 0.08984375 0.053125 0.06875
0 0.253125 0.515625 0.04375 0.05625
0 0.28359375 0.525 0.0453125 0.0625
0 0.4734375 0.46328125 0.046875 0.06015625
0 0.6671875 0.4375 0.0484375 0.0625
0 0.8796875 0.56796875 0.0515625 0.06875
0 0.94921875 0.49609375 0.0453125 0.05859375
0 0.98359375 0.41328125 0.0296875 0.06015625
0 0.06796875 0.45546875 0.0421875 0.06015625
0 0.42421875 0.6 0.0515625 0.06484375
0 0.42734375 0.68203125 0.0515625 0.06640625
0 0.24921875 0.88359375 0.0515625 0.07109375
0 0.31640625 0.96484375 0.04375 0.0625
0 0.50703125 0.9625 0.0484375 0.05859375
0 0.70546875 0.79375 0.0359375 0.04609375
0 0.7671875 0.815625 0.05 0.06640625
0 0.92109375 0.88046875 0.0515625 0.06484375
0 0.53984375 0.890625 0.0578125 0.07265625
0 0.225 0.2375 0.0515625 0.06484375
0 0.30234375 0.87578125 0.0421875 0.0625
0 0.75390625 0.53203125 0.046875 0.06484375
0 0.35 0.25 0.0453125 0.06015625
0 0.83828125 0.734375 0.05 0.06484375
0 0.70234375 0.84609375 0.0453125 0.05625
0 0.46015625 0.50390625 0.0453125 0.05859375
0 0.01875 0.86015625 0.03125 0.06640625
2 0.92265625 0.71640625 0.0421875 0.03359375