0 0.1609375 0.13828125 0.0484375 0.06640625
0 0.11015625 0.04140625 0.05 0.06015625
0 0.3859375 0.08203125 0.046875 0.06015625
0 0.40390625 0.11875 0.0515625 0.07109375
0 0.45390625 0.178125 0.04375 0.06484375
0 0.525 0.2375 0.0453125 0.06484375
2 0.7109375 0.24296875 0.0421875 0.06015625
0 0.878125 0.08515625 0.053125 0.06875
0 0.2375 0.48046875 0.04375 0.05625
0 0.27890625 0.52109375 0.0453125 0.0625
0 0.1859375 0.25625 0.0515625 0.06640625
0 0.4546875 0.44765625 0.046875 0.06015625
0 0.66640625 0.43359375 0.0484375 0.0625
0 0.85625 0.54375 0.0515625 0.06875
0 0.94296875 0.48984375 0.0453125 0.05859375
0 0.98359375 0.41328125 0.0296875 0.06015625
0 0.06796875 0.45546875 0.0421875 0.06015625
0 0.39765625 0.57890625 0.0515625 0.06484375
0 0.42421875 0.67578125 0.0515625 0.06640625
0 0.2375 0.87421875 0.0515625 0.07109375
0 0.31484375 0.93984375 0.04375 0.0625
0 0.50625 0.959375 0.0484375 0.05859375
0 0.68515625 0.78046875 0.0359375 0.04609375
0 0.753125 0.80234375 0.05 0.06640625
0 0.90859375 0.87109375 0.0515625 0.06484375
0 0.53671875 0.88515625 0.0578125 0.07265625
0 0.20625 0.43984375 0.0515625 0.06484375
0 0.29375 0.93046875 0.0421875 0.0625
0 0.9046875 0.39453125 0.046875 0.06484375
0 0.33125 0.22265625 0.0453125 0.06015625
0 0.85625 0.9703125 0.05625 0.059375
0 0.6828125 0.828125 0.0453125 0.05625
0 0.4484375 0.49296875 0.0453125 0.05859375
2 0.92265625 0.71484375 0.0421875 0.03359375