0 0.16328125 0.13515625 0.0484375 0.06640625
0 0.128125 0.0625 0.05 0.06015625
0 0.41875 0.10859375 0.0515625 0.07109375
0 0.45234375 0.18359375 0.04375 0.06484375
0 0.5234375 0.24453125 0.0453125 0.06484375
2 0.73203125 0.27265625 0.0421875 0.06015625
0 0.884375 0.090625 0.053125 0.06875
0 0.2609375 0.528125 0.04375 0.05625
0 0.2859375 0.52734375 0.0453125 0.0625
0 0.47890625 0.46796875 0.046875 0.06015625
0 0.66796875 0.43984375 0.0484375 0.0625
0 0.89765625 0.571875 0.0515625 0.06875
0 0.94921875 0.49609375 0.0453125 0.05859375
0 0.98359375 0.41328125 0.0296875 0.06015625
0 0.06796875 0.45546875 0.0421875 0.06015625
0 0.434375 0.60390625 0.0515625 0.06484375
0 0.42890625 0.68515625 0.0515625 0.06640625
0 0.25703125 0.88828125 0.0515625 0.07109375
0 0.31796875 0.965625 0.04375 0.0625
0 0.50703125 0.9625 0.0484375 0.05859375
0 0.71640625 0.80078125 0.0359375 0.04609375
0 0.7734375 0.82265625 0.05 0.06640625
0 0.92265625 0.88359375 0.0515625 0.06484375
0 0.53984375 0.89296875 0.0578125 0.07265625
0 0.22578125 0.21328125 0.0515625 0.06484375
0 0.2671875 0.8375 0.04375 0.0625
0 0.69609375 0.6 0.046875 0.06484375
0 0.3578125 0.259375 0.0453125 0.06015625
0 0.8765625 0.678125 0.05 0.06484375
0 0.7078125 0.846875 0.0453125 0.05625
0 0.465625 0.50859375 0.0453125 0.05859375
0 0.94140625 0.40546875 0.0421875 0.05625
0 0.87890625 0.596875 0.0484375 0.06484375
0 0.02265625 0.865625 0.034375 0.06015625
2 0.92265625 0.71875 0.0421875 0.03359375