0 0.0734375 0.271875 0.046875 0.06015625
0 0.071875 0.43828125 0.0625 0.07734375
0 0.17109375 0.75703125 0.0546875 0.07109375
0 0.20078125 0.85546875 0.0515625 0.06875
0 0.41484375 0.88046875 0.0515625 0.06484375
0 0.296875 0.453125 0.046875 0.0625
0 0.428125 0.46875 0.065625 0.08359375
0 0.6328125 0.18671875 0.046875 0.0625
0 0.70859375 0.3125 0.0578125 0.07265625
0 0.85546875 0.4 0.0453125 0.0625
0 0.64453125 0.565625 0.059375 0.07265625
0 0.653125 0.890625 0.05625 0.07734375
0 0.753125 0.66484375 0.05 0.07109375
0 0.2609375 0.22109375 0.0453125 0.06640625
0 0.39140625 0.034375 0.053125 0.05
0 0.6703125 0.08828125 0.0640625 0.07890625
0 0.88515625 0.459375 0.053125 0.07265625
0 0.43515625 0.303125 0.0296875 0.04375