0 0.16328125 0.13515625 0.0484375 0.06640625
0 0.1390625 0.06953125 0.05 0.06015625
0 0.43984375 0.12734375 0.0515625 0.07109375
0 0.45 0.1875 0.04375 0.06484375
0 0.52265625 0.25078125 0.0453125 0.06484375
2 0.74296875 0.31328125 0.0421875 0.06015625
0 0.88828125 0.09296875 0.053125 0.06875
0 0.2828125 0.53203125 0.04375 0.05625
0 0.29921875 0.52734375 0.0453125 0.0625
0 0.49375 0.49375 0.046875 0.06015625
0 0.66796875 0.44140625 0.0484375 0.0625
0 0.90390625 0.58203125 0.0515625 0.06875
0 0.94921875 0.49609375 0.0453125 0.05859375
0 0.98359375 0.41328125 0.0296875 0.06015625
0 0.06796875 0.45546875 0.0421875 0.06015625
0 0.45859375 0.62890625 0.0515625 0.06484375
0 0.42890625 0.68515625 0.0515625 0.06640625
0 0.27421875 0.89609375 0.0515625 0.07109375
0 0.321875 0.96875 0.04375 0.0625
0 0.50703125 0.9625 0.0484375 0.05859375
0 0.73515625 0.81640625 0.0359375 0.04609375
0 0.7890625 0.8375 0.05 0.06640625
0 0.93203125 0.89296875 0.0515625 0.06484375
0 0.53984375 0.89453125 0.0578125 0.07265625
0 0.12109375 0.27578125 0.0515625 0.06484375
0 0.22890625 0.81796875 0.04375 0.0625
0 0.46796875 0.73046875 0.046875 0.06484375
0 0.38203125 0.29765625 0.0453125 0.06015625
0 0.74453125 0.690625 0.05 0.06484375
0 0.7265625 0.86953125 0.05 0.06484375
0 0.484375 0.52578125 0.0453125 0.05859375
0 0.95625 0.15390625 0.0421875 0.05625
0 0.40390625 0.315625 0.0484375 0.06484375
0 0.48671875 0.834375 0.0453125 0.06484375
0 0.025 0.88125 0.040625 0.0625
0 0.325 0.6 0.05625 0.06640625
0 0.0625 0.32421875 0.046875 0.06875
2 0.9375 0.72578125 0.053125 0.03984375