0 0.16328125 0.13515625 0.0484375 0.06640625
0 0.134375 0.06640625 0.05 0.06015625
0 0.43359375 0.11640625 0.0515625 0.07109375
0 0.4515625 0.18515625 0.04375 0.06484375
0 0.5234375 0.24921875 0.0453125 0.06484375
2 0.73515625 0.290625 0.0421875 0.06015625
0 0.8859375 0.090625 0.053125 0.06875
0 0.27109375 0.53046875 0.04375 0.05625
0 0.29609375 0.52734375 0.0453125 0.0625
0 0.4796875 0.478125 0.046875 0.06015625
0 0.66796875 0.44140625 0.0484375 0.0625
0 0.90625 0.584375 0.0515625 0.06875
0 0.94921875 0.49609375 0.0453125 0.05859375
0 0.98359375 0.41328125 0.0296875 0.06015625
0 0.06796875 0.45546875 0.0421875 0.06015625
0 0.44765625 0.61796875 0.0515625 0.06484375
0 0.42890625 0.68515625 0.0515625 0.06640625
0 0.26640625 0.890625 0.0515625 0.07109375
0 0.321875 0.96875 0.04375 0.0625
0 0.50703125 0.9625 0.0484375 0.05859375
0 0.72421875 0.80703125 0.0359375 0.04609375
0 0.77734375 0.82890625 0.05 0.06640625
0 0.92265625 0.88828125 0.0515625 0.06484375
0 0.53984375 0.89453125 0.0578125 0.07265625
0 0.2140625 0.20625 0.0515625 0.06484375
0 0.228125 0.82265625 0.04375 0.0625
0 0.6 0.65546875 0.046875 0.06484375
0 0.371875 0.28359375 0.0453125 0.06015625
0 0.8375 0.70546875 0.05 0.06484375
0 0.715625 0.859375 0.05 0.06484375
0 0.47421875 0.51796875 0.0453125 0.05859375
0 0.93515625 0.265625 0.0421875 0.05625
0 0.57265625 0.56796875 0.0484375 0.06484375
0 0.27265625 0.36328125 0.0453125 0.06484375
0 0.025 0.87734375 0.0390625 0.06015625
2 0.92890625 0.721875 0.046875 0.03515625