0 0.16328125 0.13515625 0.0484375 0.06640625
0 0.121875 0.05390625 0.05 0.06015625
0 0.41015625 0.1125 0.0515625 0.07109375
0 0.453125 0.18125 0.04375 0.06484375
0 0.52421875 0.24140625 0.0453125 0.06484375
2 0.72265625 0.26015625 0.0421875 0.06015625
0 0.8828125 0.08984375 0.053125 0.06875
0 0.25078125 0.51328125 0.04375 0.05625
0 0.28359375 0.52421875 0.0453125 0.0625
0 0.471875 0.4625 0.046875 0.06015625
0 0.6671875 0.4375 0.0484375 0.0625
0 0.87734375 0.565625 0.0515625 0.06875
0 0.94921875 0.49609375 0.0453125 0.05859375
0 0.98359375 0.41328125 0.0296875 0.06015625
0 0.06796875 0.45546875 0.0421875 0.06015625
0 0.42109375 0.59921875 0.0515625 0.06484375
0 0.42734375 0.68203125 0.0515625 0.06640625
0 0.24765625 0.88359375 0.0515625 0.07109375
0 0.315625 0.96328125 0.04375 0.0625
0 0.50703125 0.9625 0.0484375 0.05859375
0 0.70234375 0.79375 0.0359375 0.04609375
0 0.76484375 0.81328125 0.05 0.06640625
0 0.91875 0.87890625 0.0515625 0.06484375
0 0.53984375 0.890625 0.0578125 0.07265625
0 0.2203125 0.24140625 0.0515625 0.06484375
0 0.30859375 0.87890625 0.0421875 0.0625
0 0.77109375 0.509375 0.046875 0.06484375
0 0.34609375 0.246875 0.0453125 0.06015625
0 0.79921875 0.75703125 0.05 0.06484375
0 0.69921875 0.84609375 0.0453125 0.05625
0 0.45859375 0.503125 0.0453125 0.05859375
0 0.01796875 0.859375 0.03125 0.06875
2 0.92265625 0.71640625 0.0421875 0.03359375