0 0.16328125 0.13515625 0.0484375 0.06640625
0 0.12578125 0.06015625 0.05 0.06015625
0 0.41328125 0.11015625 0.0515625 0.07109375
0 0.45234375 0.18203125 0.04375 0.06484375
0 0.52421875 0.24375 0.0453125 0.06484375
2 0.728125 0.26953125 0.0421875 0.06015625
0 0.88359375 0.08984375 0.053125 0.06875
0 0.25703125 0.52109375 0.04375 0.05625
0 0.28515625 0.52578125 0.0453125 0.0625
0 0.4765625 0.46640625 0.046875 0.06015625
0 0.6671875 0.43828125 0.0484375 0.0625
0 0.8875 0.57109375 0.0515625 0.06875
0 0.94921875 0.49609375 0.0453125 0.05859375
0 0.98359375 0.41328125 0.0296875 0.06015625
0 0.06796875 0.45546875 0.0421875 0.06015625
0 0.43046875 0.60078125 0.0515625 0.06484375
0 0.428125 0.684375 0.0515625 0.06640625
0 0.25234375 0.884375 0.0515625 0.07109375
0 0.3171875 0.96484375 0.04375 0.0625
0 0.50703125 0.9625 0.0484375 0.05859375
0 0.7125 0.79765625 0.0359375 0.04609375
0 0.77109375 0.81953125 0.05 0.06640625
0 0.92265625 0.88125 0.0515625 0.06484375
0 0.53984375 0.89140625 0.0578125 0.07265625
0 0.22109375 0.221875 0.0515625 0.06484375
0 0.2765625 0.86640625 0.040625 0.0625
0 0.7203125 0.571875 0.046875 0.06484375
0 0.3546875 0.25625 0.0453125 0.06015625
0 0.8328125 0.67265625 0.05 0.06484375
0 0.70625 0.84609375 0.0453125 0.05625
0 0.46328125 0.50703125 0.0453125 0.05859375
0 0.96796875 0.43671875 0.0453125 0.06640625
0 0.98359375 0.60390625 0.0296875 0.06640625
0 0.02109375 0.86328125 0.0328125 0.0625
2 0.92265625 0.71796875 0.0421875 0.03359375