0 0.16328125 0.13515625 0.0484375 0.06640625
0 0.12265625 0.05546875 0.05 0.06015625
0 0.4109375 0.1125 0.0515625 0.07109375
0 0.453125 0.18125 0.04375 0.06484375
0 0.52421875 0.24296875 0.0453125 0.06484375
2 0.7234375 0.2625 0.0421875 0.06015625
0 0.8828125 0.08984375 0.053125 0.06875
0 0.2515625 0.51484375 0.04375 0.05625
0 0.28359375 0.525 0.0453125 0.0625
0 0.47265625 0.46328125 0.046875 0.06015625
0 0.6671875 0.4375 0.0484375 0.0625
0 0.878125 0.56640625 0.0515625 0.06875
0 0.94921875 0.49609375 0.0453125 0.05859375
0 0.98359375 0.41328125 0.0296875 0.06015625
0 0.06796875 0.45546875 0.0421875 0.06015625
0 0.42265625 0.59921875 0.0515625 0.06484375
0 0.42734375 0.68203125 0.0515625 0.06640625
0 0.2484375 0.88359375 0.0515625 0.07109375
0 0.315625 0.96328125 0.04375 0.0625
0 0.50703125 0.9625 0.0484375 0.05859375
0 0.70390625 0.79375 0.0359375 0.04609375
0 0.765625 0.81484375 0.05 0.06640625
0 0.91953125 0.87890625 0.0515625 0.06484375
0 0.53984375 0.890625 0.0578125 0.07265625
0 0.221875 0.23828125 0.0515625 0.06484375
0 0.31015625 0.88203125 0.0421875 0.0625
0 0.77578125 0.51796875 0.046875 0.06484375
0 0.34765625 0.246875 0.0453125 0.06015625
0 0.81875 0.753125 0.05 0.06484375
0 0.70078125 0.84609375 0.0453125 0.05625
0 0.459375 0.50390625 0.0453125 0.05859375
0 0.01875 0.86015625 0.03125 0.06640625
2 0.92265625 0.71640625 0.0421875 0.03359375