0 0.16328125 0.13515625 0.0484375 0.06640625
0 0.134375 0.06640625 0.05 0.06015625
0 0.4328125 0.11640625 0.0515625 0.07109375
0 0.4515625 0.18515625 0.04375 0.06484375
0 0.5234375 0.24921875 0.0453125 0.06484375
2 0.73515625 0.28984375 0.0421875 0.06015625
0 0.8859375 0.090625 0.053125 0.06875
0 0.27109375 0.52890625 0.04375 0.05625
0 0.2953125 0.52734375 0.0453125 0.0625
0 0.4796875 0.478125 0.046875 0.06015625
0 0.66796875 0.44140625 0.0484375 0.0625
0 0.90625 0.584375 0.0515625 0.06875
0 0.94921875 0.49609375 0.0453125 0.05859375
0 0.98359375 0.41328125 0.0296875 0.06015625
0 0.06796875 0.45546875 0.0421875 0.06015625
0 0.446875 0.61640625 0.0515625 0.06484375
0 0.42890625 0.68515625 0.0515625 0.06640625
0 0.26640625 0.890625 0.0515625 0.07109375
0 0.32109375 0.96875 0.04375 0.0625
0 0.50703125 0.9625 0.0484375 0.05859375
0 0.72421875 0.80703125 0.0359375 0.04609375
0 0.7765625 0.82890625 0.05 0.06640625
0 0.92265625 0.88828125 0.0515625 0.06484375
0 0.53984375 0.89453125 0.0578125 0.07265625
0 0.2140625 0.20625 0.0515625 0.06484375
0 0.22265625 0.83046875 0.04375 0.0625
0 0.6078125 0.653125 0.046875 0.06484375
0 0.37109375 0.28203125 0.0453125 0.06015625
0 0.828125 0.71484375 0.05 0.06484375
0 0.71484375 0.859375 0.05 0.06484375
0 0.47421875 0.51640625 0.0453125 0.05859375
0 0.9359375 0.28046875 0.0421875 0.05625
0 0.55078125 0.58671875 0.0484375 0.06484375
0 0.2578125 0.34375 0.0453125 0.06484375
0 0.025 0.87734375 0.0390625 0.06015625
0 0.97734375 0.97265625 0.0453125 0.05390625
2 0.92890625 0.721875 0.046875 0.03515625