0 0.16328125 0.13515625 0.0484375 0.06640625
0 0.13046875 0.06484375 0.05 0.06015625
0 0.42578125 0.11171875 0.0515625 0.07109375
0 0.4515625 0.18359375 0.04375 0.06484375
0 0.5234375 0.246875 0.0453125 0.06484375
2 0.73515625 0.27890625 0.0421875 0.06015625
0 0.88515625 0.090625 0.053125 0.06875
0 0.26328125 0.53046875 0.04375 0.05625
0 0.28984375 0.52734375 0.0453125 0.0625
0 0.48046875 0.471875 0.046875 0.06015625
0 0.66796875 0.440625 0.0484375 0.0625
0 0.90234375 0.578125 0.0515625 0.06875
0 0.94921875 0.49609375 0.0453125 0.05859375
0 0.98359375 0.41328125 0.0296875 0.06015625
0 0.06796875 0.45546875 0.0421875 0.06015625
0 0.440625 0.609375 0.0515625 0.06484375
0 0.42890625 0.68515625 0.0515625 0.06640625
0 0.25703125 0.88515625 0.0515625 0.07109375
0 0.31953125 0.96640625 0.04375 0.0625
0 0.50703125 0.9625 0.0484375 0.05859375
0 0.7203125 0.80390625 0.0359375 0.04609375
0 0.775 0.82578125 0.05 0.06640625
0 0.92265625 0.88515625 0.0515625 0.06484375
0 0.53984375 0.89375 0.0578125 0.07265625
0 0.21484375 0.21171875 0.0515625 0.06484375
0 0.23671875 0.82578125 0.04375 0.0625
0 0.66171875 0.65 0.046875 0.06484375
0 0.3625 0.26328125 0.0453125 0.06015625
0 0.88125 0.784375 0.05 0.06484375
0 0.7109375 0.85078125 0.046875 0.05859375
0 0.46953125 0.5125 0.0453125 0.05859375
0 0.92265625 0.36015625 0.0421875 0.05625
0 0.69765625 0.584375 0.0484375 0.06484375
0 0.13828125 0.17578125 0.04375 0.05625
0 0.02421875 0.86953125 0.0359375 0.05859375
2 0.925 0.71953125 0.04375 0.03359375