0 0.0734375 0.271875 0.046875 0.06015625
0 0.06875 0.434375 0.0625 0.07734375
0 0.1453125 0.74765625 0.0546875 0.07109375
0 0.19765625 0.859375 0.0515625 0.06875
0 0.41484375 0.88046875 0.0515625 0.06484375
0 0.29140625 0.45 0.046875 0.0625
0 0.428125 0.46875 0.065625 0.08359375
0 0.63125 0.184375 0.046875 0.0625
0 0.6625 0.31015625 0.0578125 0.07265625
0 0.85234375 0.40078125 0.0453125 0.0625
0 0.63984375 0.56171875 0.059375 0.07265625
0 0.653125 0.890625 0.05625 0.07734375
0 0.753125 0.66484375 0.05 0.07109375
0 0.375 0.12578125 0.0515625 0.07109375
0 0.3859375 0.03046875 0.053125 0.05
0 0.6609375 0.08125 0.0640625 0.07890625
0 0.94140625 0.36484375 0.046875 0.07265625
0 0.43515625 0.30234375 0.028125 0.04140625