0 0.0734375 0.271875 0.046875 0.06015625
0 0.06640625 0.43125 0.0625 0.07734375
0 0.15390625 0.725 0.0546875 0.07109375
0 0.2 0.87109375 0.0515625 0.06875
0 0.41484375 0.88046875 0.0515625 0.06484375
0 0.28359375 0.44609375 0.046875 0.0625
0 0.428125 0.46875 0.065625 0.08359375
0 0.6296875 0.18203125 0.046875 0.0625
0 0.62890625 0.26328125 0.0578125 0.07265625
0 0.84921875 0.40234375 0.0453125 0.0625
0 0.6359375 0.56171875 0.059375 0.07265625
0 0.653125 0.890625 0.05625 0.07734375
0 0.753125 0.66484375 0.05 0.07109375
0 0.4828125 0.17890625 0.0515625 0.07109375
0 0.38203125 0.028125 0.053125 0.05
0 0.6546875 0.07578125 0.0640625 0.07890625
0 0.959375 0.365625 0.046875 0.07265625
0 0.43359375 0.3 0.025 0.0375