0 0.16328125 0.13515625 0.0484375 0.06640625
0 0.125 0.05859375 0.05 0.06015625
0 0.4125 0.11171875 0.0515625 0.07109375
0 0.45234375 0.18203125 0.04375 0.06484375
0 0.52421875 0.24375 0.0453125 0.06484375
2 0.72578125 0.26796875 0.0421875 0.06015625
0 0.88359375 0.08984375 0.053125 0.06875
0 0.2546875 0.51796875 0.04375 0.05625
0 0.284375 0.525 0.0453125 0.0625
0 0.475 0.465625 0.046875 0.06015625
0 0.6671875 0.43828125 0.0484375 0.0625
0 0.88203125 0.56953125 0.0515625 0.06875
0 0.94921875 0.49609375 0.0453125 0.05859375
0 0.98359375 0.41328125 0.0296875 0.06015625
0 0.06796875 0.45546875 0.0421875 0.06015625
0 0.42734375 0.6 0.0515625 0.06484375
0 0.428125 0.68359375 0.0515625 0.06640625
0 0.25 0.88359375 0.0515625 0.07109375
0 0.31640625 0.96484375 0.04375 0.0625
0 0.50703125 0.9625 0.0484375 0.05859375
0 0.7078125 0.79375 0.0359375 0.04609375
0 0.76875 0.81875 0.05 0.06640625
0 0.92265625 0.88046875 0.0515625 0.06484375
0 0.53984375 0.89140625 0.0578125 0.07265625
0 0.21171875 0.228125 0.0515625 0.06484375
0 0.28828125 0.865625 0.0421875 0.0625
0 0.7375 0.553125 0.046875 0.06484375
0 0.35234375 0.253125 0.0453125 0.06015625
0 0.8453125 0.70078125 0.05 0.06484375
0 0.7046875 0.84453125 0.0453125 0.05625
0 0.46171875 0.50625 0.0453125 0.05859375
0 0.98125 0.44140625 0.0375 0.06640625
0 0.0203125 0.8625 0.0328125 0.06484375
2 0.92265625 0.71796875 0.0421875 0.03359375