0 0.1609375 0.13828125 0.0484375 0.06640625
0 0.1109375 0.04140625 0.05 0.06015625
0 0.3875 0.08359375 0.046875 0.06015625
0 0.40390625 0.11875 0.0515625 0.07109375
0 0.45390625 0.178125 0.04375 0.06484375
0 0.525 0.2375 0.0453125 0.06484375
2 0.7109375 0.24375 0.0421875 0.06015625
0 0.878125 0.08671875 0.053125 0.06875
0 0.2375 0.48125 0.04375 0.05625
0 0.27890625 0.52109375 0.0453125 0.0625
0 0.17421875 0.26953125 0.0515625 0.06640625
0 0.45546875 0.44921875 0.046875 0.06015625
0 0.66640625 0.43359375 0.0484375 0.0625
0 0.8578125 0.54375 0.0515625 0.06875
0 0.94296875 0.48984375 0.0453125 0.05859375
0 0.98359375 0.41328125 0.0296875 0.06015625
0 0.06796875 0.45546875 0.0421875 0.06015625
0 0.3984375 0.57890625 0.0515625 0.06484375
0 0.42421875 0.67734375 0.0515625 0.06640625
0 0.23828125 0.875 0.0515625 0.07109375
0 0.315625 0.940625 0.04375 0.0625
0 0.50625 0.959375 0.0484375 0.05859375
0 0.6859375 0.78046875 0.0359375 0.04609375
0 0.753125 0.80234375 0.05 0.06640625
0 0.90859375 0.871875 0.0515625 0.06484375
0 0.53671875 0.88671875 0.0578125 0.07265625
0 0.22265625 0.4375 0.0515625 0.06484375
0 0.2921875 0.92890625 0.0421875 0.0625
0 0.9 0.4 0.046875 0.06484375
0 0.3296875 0.22578125 0.0453125 0.06015625
0 0.859375 0.96015625 0.053125 0.06484375
0 0.68359375 0.828125 0.0453125 0.05625
0 0.44921875 0.49296875 0.0453125 0.05859375
2 0.92265625 0.71484375 0.0421875 0.03359375