0 0.1578125 0.13828125 0.0484375 0.06640625
0 0.1078125 0.03984375 0.05 0.06015625
0 0.38203125 0.07890625 0.046875 0.06015625
0 0.40234375 0.11953125 0.0515625 0.07109375
0 0.45390625 0.17734375 0.04375 0.06484375
0 0.525 0.23671875 0.0453125 0.06484375
2 0.70859375 0.240625 0.0421875 0.06015625
0 0.8765625 0.084375 0.053125 0.06875
0 0.23515625 0.47734375 0.04375 0.05625
0 0.278125 0.52109375 0.0453125 0.0625
0 0.27421875 0.28515625 0.0515625 0.06640625
0 0.453125 0.44921875 0.046875 0.06015625
0 0.66640625 0.43359375 0.0484375 0.0625
0 0.85234375 0.54140625 0.0515625 0.06875
0 0.94375 0.48828125 0.0453125 0.05859375
0 0.98515625 0.415625 0.0265625 0.06015625
0 0.06796875 0.45546875 0.0421875 0.06015625
0 0.39375 0.578125 0.0515625 0.06484375
0 0.42421875 0.675 0.0515625 0.06640625
0 0.234375 0.87421875 0.0515625 0.07109375
0 0.3140625 0.93828125 0.04375 0.0625
0 0.50546875 0.95859375 0.0484375 0.05859375
0 0.68125 0.77890625 0.0359375 0.04609375
0 0.7515625 0.79921875 0.05 0.06875
0 0.9078125 0.86953125 0.0515625 0.06484375
0 0.53515625 0.884375 0.0578125 0.07265625
0 0.15546875 0.4125 0.0515625 0.06484375
0 0.29921875 0.93359375 0.0421875 0.0625
0 0.9234375 0.38359375 0.046875 0.06484375
0 0.33203125 0.22265625 0.0453125 0.06015625
0 0.67890625 0.825 0.0453125 0.05625
0 0.4484375 0.490625 0.0453125 0.05859375
2 0.92265625 0.71328125 0.0421875 0.03359375