0 0.159375 0.13828125 0.0484375 0.06640625
0 0.109375 0.040625 0.05 0.06015625
0 0.384375 0.08125 0.046875 0.06015625
0 0.403125 0.11953125 0.0515625 0.07109375
0 0.45390625 0.178125 0.04375 0.06484375
0 0.525 0.2375 0.0453125 0.06484375
2 0.71015625 0.24140625 0.0421875 0.06015625
0 0.87734375 0.08515625 0.053125 0.06875
0 0.23671875 0.47890625 0.04375 0.05625
0 0.278125 0.52109375 0.0453125 0.0625
0 0.21328125 0.24453125 0.0515625 0.06640625
0 0.45390625 0.446875 0.046875 0.06015625
0 0.66640625 0.43359375 0.0484375 0.0625
0 0.85546875 0.54296875 0.0515625 0.06875
0 0.94296875 0.48828125 0.0453125 0.05859375
0 0.984375 0.41484375 0.028125 0.06015625
0 0.06796875 0.45546875 0.0421875 0.06015625
0 0.39609375 0.57890625 0.0515625 0.06484375
0 0.42421875 0.67578125 0.0515625 0.06640625
0 0.23671875 0.87421875 0.0515625 0.07109375
0 0.31484375 0.93984375 0.04375 0.0625
0 0.50546875 0.959375 0.0484375 0.05859375
0 0.68359375 0.78046875 0.0359375 0.04609375
0 0.75234375 0.80078125 0.05 0.06640625
0 0.90859375 0.86953125 0.0515625 0.06484375
0 0.5359375 0.88515625 0.0578125 0.07265625
0 0.18203125 0.415625 0.0515625 0.06484375
0 0.2953125 0.93125 0.0421875 0.0625
0 0.91484375 0.39921875 0.046875 0.06484375
0 0.33203125 0.21875 0.0453125 0.06015625
0 0.85625 0.9765625 0.05625 0.046875
0 0.68125 0.82734375 0.0453125 0.05625
0 0.44765625 0.49140625 0.0453125 0.05859375
2 0.92265625 0.71328125 0.0421875 0.03359375