0 0.0734375 0.271875 0.046875 0.06015625
0 0.0640625 0.428125 0.0625 0.07734375
0 0.13984375 0.709375 0.0546875 0.07109375
0 0.203125 0.87890625 0.0515625 0.06875
0 0.41484375 0.88046875 0.0515625 0.06484375
0 0.27734375 0.44296875 0.046875 0.0625
0 0.428125 0.46875 0.065625 0.08359375
0 0.628125 0.18125 0.046875 0.0625
0 0.61015625 0.24921875 0.0578125 0.07265625
0 0.8453125 0.396875 0.0453125 0.0625
0 0.63203125 0.56171875 0.059375 0.07265625
0 0.653125 0.890625 0.05625 0.07734375
0 0.753125 0.66484375 0.05 0.07109375
0 0.5765625 0.13671875 0.046875 0.0625
0 0.37890625 0.025 0.053125 0.05
0 0.6484375 0.071875 0.0640625 0.07890625
0 0.98203125 0.31875 0.0359375 0.07890625
0 0.4328125 0.296875 0.021875 0.03125