0 0.16640625 0.13828125 0.0484375 0.06640625
0 0.11796875 0.04765625 0.05 0.06015625
0 0.40703125 0.115625 0.0515625 0.07109375
0 0.453125 0.17890625 0.04375 0.06484375
0 0.525 0.23984375 0.0453125 0.06484375
2 0.7171875 0.25 0.0421875 0.06015625
0 0.88125 0.08828125 0.053125 0.06875
0 0.24296875 0.50546875 0.04375 0.05625
0 0.28125 0.52265625 0.0453125 0.0625
0 0.4640625 0.45625 0.046875 0.06015625
0 0.6671875 0.43515625 0.0484375 0.0625
0 0.86953125 0.55546875 0.0515625 0.06875
0 0.94921875 0.49609375 0.0453125 0.05859375
0 0.98359375 0.41328125 0.0296875 0.06015625
0 0.06796875 0.45546875 0.0421875 0.06015625
0 0.4109375 0.590625 0.0515625 0.06484375
0 0.42578125 0.67890625 0.0515625 0.06640625
0 0.24296875 0.88359375 0.0515625 0.07109375
0 0.3171875 0.94453125 0.04375 0.0625
0 0.50703125 0.9625 0.0484375 0.05859375
0 0.69453125 0.7875 0.0359375 0.04609375
0 0.759375 0.80859375 0.05 0.06640625
0 0.91171875 0.878125 0.0515625 0.06484375
0 0.53984375 0.88828125 0.0578125 0.07265625
0 0.22421875 0.27734375 0.0515625 0.06484375
0 0.2765625 0.91953125 0.0421875 0.0625
0 0.83671875 0.45859375 0.046875 0.06484375
0 0.33984375 0.24140625 0.0453125 0.06015625
0 0.82734375 0.84921875 0.05 0.06484375
0 0.69296875 0.83828125 0.0453125 0.05625
0 0.45390625 0.49921875 0.0453125 0.05859375
0 0.01484375 0.85390625 0.028125 0.07265625
2 0.92265625 0.715625 0.0421875 0.03359375