0 0.0734375 0.271875 0.046875 0.06015625
0 0.06875 0.434375 0.0625 0.07734375
0 0.13984375 0.74375 0.0546875 0.07109375
0 0.196875 0.86328125 0.0515625 0.06875
0 0.41484375 0.88046875 0.0515625 0.06484375
0 0.2890625 0.44921875 0.046875 0.0625
0 0.428125 0.46875 0.065625 0.08359375
0 0.63046875 0.18359375 0.046875 0.0625
0 0.6578125 0.30546875 0.0578125 0.07265625
0 0.8515625 0.40078125 0.0453125 0.0625
0 0.6390625 0.56171875 0.059375 0.07265625
0 0.653125 0.890625 0.05625 0.07734375
0 0.753125 0.66484375 0.05 0.07109375
0 0.40078125 0.14765625 0.0515625 0.07109375
0 0.38515625 0.03046875 0.053125 0.05
0 0.659375 0.07890625 0.0640625 0.07890625
0 0.94921875 0.390625 0.046875 0.07265625
0 0.434375 0.30234375 0.028125 0.04140625