0 0.15234375 0.1375 0.0484375 0.06640625
0 0.103125 0.03515625 0.05 0.06015625
0 0.375 0.06953125 0.046875 0.06015625
0 0.4 0.121875 0.0515625 0.07109375
0 0.4546875 0.17578125 0.04375 0.06484375
0 0.52578125 0.23515625 0.0453125 0.06484375
2 0.7015625 0.22890625 0.0421875 0.06015625
0 0.87421875 0.08359375 0.053125 0.06875
0 0.23125 0.46953125 0.04375 0.05625
0 0.2765625 0.51875 0.0453125 0.0625
0 0.375 0.47578125 0.0515625 0.06640625
0 0.453125 0.45390625 0.046875 0.06015625
0 0.66640625 0.43125 0.0484375 0.0625
0 0.84296875 0.53359375 0.0515625 0.06875
0 0.94453125 0.48671875 0.0453125 0.05859375
0 0.9875 0.42109375 0.021875 0.06015625
0 0.06796875 0.45546875 0.0421875 0.06015625
0 0.38515625 0.57265625 0.0515625 0.06484375
0 0.42265625 0.67421875 0.0515625 0.06640625
0 0.49453125 0.96953125 0.04375 0.06015625
0 0.22734375 0.871875 0.053125 0.07265625
0 0.31328125 0.93671875 0.04375 0.0625
0 0.50390625 0.95546875 0.0484375 0.05859375
0 0.67578125 0.77421875 0.0359375 0.04609375
0 0.74765625 0.79375 0.05 0.07265625
0 0.9046875 0.86953125 0.0515625 0.06484375
0 0.5328125 0.88359375 0.0578125 0.07265625
0 0.1 0.39921875 0.0515625 0.06484375
0 0.30703125 0.92734375 0.0421875 0.0625
0 0.96640625 0.34921875 0.046875 0.06484375
0 0.3234375 0.209375 0.040625 0.05390625
0 0.671875 0.81953125 0.0453125 0.05625
0 0.45 0.48515625 0.0453125 0.05859375
2 0.92265625 0.7125 0.0421875 0.03359375