0 0.16328125 0.13515625 0.0484375 0.06640625
0 0.11953125 0.05 0.05 0.06015625
0 0.40859375 0.11484375 0.0515625 0.07109375
0 0.453125 0.18046875 0.04375 0.06484375
0 0.52421875 0.240625 0.0453125 0.06484375
2 0.71953125 0.25390625 0.0421875 0.06015625
0 0.88203125 0.08828125 0.053125 0.06875
0 0.246875 0.50859375 0.04375 0.05625
0 0.28203125 0.52265625 0.0453125 0.0625
0 0.4671875 0.459375 0.046875 0.06015625
0 0.6671875 0.43671875 0.0484375 0.0625
0 0.8734375 0.56171875 0.0515625 0.06875
0 0.94921875 0.49609375 0.0453125 0.05859375
0 0.98359375 0.41328125 0.0296875 0.06015625
0 0.06796875 0.45546875 0.0421875 0.06015625
0 0.4140625 0.596875 0.0515625 0.06484375
0 0.4265625 0.68046875 0.0515625 0.06640625
0 0.24453125 0.88359375 0.0515625 0.07109375
0 0.3140625 0.9625 0.04375 0.0625
0 0.50703125 0.9625 0.0484375 0.05859375
0 0.69765625 0.79140625 0.0359375 0.04609375
0 0.76171875 0.81015625 0.05 0.06640625
0 0.91484375 0.878125 0.0515625 0.06484375
0 0.53984375 0.88984375 0.0578125 0.07265625
0 0.2203125 0.26015625 0.0515625 0.06484375
0 0.31015625 0.884375 0.0421875 0.0625
0 0.8109375 0.47890625 0.046875 0.06484375
0 0.340625 0.24453125 0.0453125 0.06015625
0 0.7859375 0.83984375 0.05 0.06484375
0 0.69453125 0.84375 0.0453125 0.05625
0 0.45546875 0.5 0.0453125 0.05859375
0 0.015625 0.85625 0.028125 0.07109375
2 0.92265625 0.715625 0.0421875 0.03359375