0 0.0734375 0.271875 0.046875 0.06015625
0 0.0703125 0.43671875 0.0625 0.07734375
0 0.1546875 0.75 0.0546875 0.07109375
0 0.20078125 0.85546875 0.0515625 0.06875
0 0.41484375 0.88046875 0.0515625 0.06484375
0 0.29296875 0.45078125 0.046875 0.0625
0 0.428125 0.46875 0.065625 0.08359375
0 0.63125 0.184375 0.046875 0.0625
0 0.68359375 0.28671875 0.0578125 0.07265625
0 0.85390625 0.40078125 0.0453125 0.0625
0 0.64140625 0.5625 0.059375 0.07265625
0 0.653125 0.890625 0.05625 0.07734375
0 0.753125 0.66484375 0.05 0.07109375
0 0.31953125 0.10546875 0.0515625 0.07109375
0 0.3875 0.03203125 0.053125 0.05
0 0.6640625 0.08359375 0.0640625 0.07890625
0 0.90546875 0.38671875 0.046875 0.07265625
0 0.43515625 0.303125 0.0296875 0.04375