0 0.16484375 0.13984375 0.0484375 0.06640625
0 0.1140625 0.04453125 0.05 0.06015625
0 0.39375 0.08828125 0.046875 0.06015625
0 0.40546875 0.11796875 0.0515625 0.07109375
0 0.45390625 0.17890625 0.04375 0.06484375
0 0.525 0.23828125 0.0453125 0.06484375
2 0.7140625 0.24609375 0.0421875 0.06015625
0 0.8796875 0.0875 0.053125 0.06875
0 0.2375 0.490625 0.04375 0.05625
0 0.2796875 0.521875 0.0453125 0.0625
0 0.07734375 0.33515625 0.0515625 0.06640625
0 0.459375 0.45234375 0.046875 0.06015625
0 0.6671875 0.434375 0.0484375 0.0625
0 0.86328125 0.54921875 0.0515625 0.06875
0 0.94765625 0.49453125 0.0453125 0.05859375
0 0.98359375 0.41328125 0.0296875 0.06015625
0 0.06796875 0.45546875 0.0421875 0.06015625
0 0.403125 0.58046875 0.0515625 0.06484375
0 0.425 0.678125 0.0515625 0.06640625
0 0.24140625 0.878125 0.0515625 0.07109375
0 0.31640625 0.94140625 0.04375 0.0625
0 0.50703125 0.96171875 0.0484375 0.05859375
0 0.690625 0.78203125 0.0359375 0.04609375
0 0.75625 0.80546875 0.05 0.06640625
0 0.90859375 0.87734375 0.0515625 0.06484375
0 0.53828125 0.8875 0.0578125 0.07265625
0 0.2421875 0.39921875 0.0515625 0.06484375
0 0.284375 0.925 0.0421875 0.0625
0 0.86328125 0.42734375 0.046875 0.06484375
0 0.3390625 0.23671875 0.0453125 0.06015625
0 0.81484375 0.92578125 0.05 0.06484375
0 0.6890625 0.83359375 0.0453125 0.05625
0 0.4515625 0.49609375 0.0453125 0.05859375
2 0.92265625 0.71484375 0.0421875 0.03359375