0 0.1640625 0.13671875 0.0484375 0.06640625
0 0.11875 0.04921875 0.05 0.06015625
0 0.4078125 0.115625 0.0515625 0.07109375
0 0.453125 0.18046875 0.04375 0.06484375
0 0.525 0.240625 0.0453125 0.06484375
2 0.71796875 0.25234375 0.0421875 0.06015625
0 0.88125 0.08828125 0.053125 0.06875
0 0.2453125 0.50703125 0.04375 0.05625
0 0.28125 0.52265625 0.0453125 0.0625
0 0.46640625 0.45859375 0.046875 0.06015625
0 0.6671875 0.43515625 0.0484375 0.0625
0 0.871875 0.559375 0.0515625 0.06875
0 0.94921875 0.49609375 0.0453125 0.05859375
0 0.98359375 0.41328125 0.0296875 0.06015625
0 0.06796875 0.45546875 0.0421875 0.06015625
0 0.4125 0.59453125 0.0515625 0.06484375
0 0.4265625 0.68046875 0.0515625 0.06640625
0 0.24375 0.88359375 0.0515625 0.07109375
0 0.3140625 0.959375 0.04375 0.0625
0 0.50703125 0.9625 0.0484375 0.05859375
0 0.69609375 0.78984375 0.0359375 0.04609375
0 0.76015625 0.809375 0.05 0.06640625
0 0.91328125 0.878125 0.0515625 0.06484375
0 0.53984375 0.88828125 0.0578125 0.07265625
0 0.2234375 0.26328125 0.0515625 0.06484375
0 0.3 0.89453125 0.0421875 0.0625
0 0.8203125 0.475 0.046875 0.06484375
0 0.340625 0.24296875 0.0453125 0.06015625
0 0.803125 0.83984375 0.05 0.06484375
0 0.69375 0.84140625 0.0453125 0.05625
0 0.4546875 0.5 0.0453125 0.05859375
0 0.015625 0.85546875 0.028125 0.07109375
2 0.92265625 0.715625 0.0421875 0.03359375