0 0.16328125 0.13515625 0.0484375 0.06640625
0 0.13515625 0.06640625 0.05 0.06015625
0 0.434375 0.11875 0.0515625 0.07109375
0 0.4515625 0.18515625 0.04375 0.06484375
0 0.52265625 0.24921875 0.0453125 0.06484375
2 0.73515625 0.29375 0.0421875 0.06015625
0 0.8859375 0.09140625 0.053125 0.06875
0 0.27265625 0.53046875 0.04375 0.05625
0 0.296875 0.52734375 0.0453125 0.0625
0 0.48359375 0.48203125 0.046875 0.06015625
0 0.66796875 0.44140625 0.0484375 0.0625
0 0.9078125 0.58515625 0.0515625 0.06875
0 0.94921875 0.49609375 0.0453125 0.05859375
0 0.98359375 0.41328125 0.0296875 0.06015625
0 0.06796875 0.45546875 0.0421875 0.06015625
0 0.4484375 0.61875 0.0515625 0.06484375
0 0.42890625 0.68515625 0.0515625 0.06640625
0 0.2671875 0.89140625 0.0515625 0.07109375
0 0.321875 0.96875 0.04375 0.0625
0 0.50703125 0.9625 0.0484375 0.05859375
0 0.725 0.80859375 0.0359375 0.04609375
0 0.7796875 0.82890625 0.05 0.06640625
0 0.92578125 0.88828125 0.0515625 0.06484375
0 0.53984375 0.89453125 0.0578125 0.07265625
0 0.21328125 0.20546875 0.0515625 0.06484375
0 0.2296875 0.82265625 0.04375 0.0625
0 0.58984375 0.66171875 0.046875 0.06484375
0 0.37265625 0.284375 0.0453125 0.06015625
0 0.8421875 0.675 0.05 0.06484375
0 0.71640625 0.86015625 0.05 0.06484375
0 0.475 0.51796875 0.0453125 0.05859375
0 0.93203125 0.25234375 0.0421875 0.05625
0 0.584375 0.490625 0.0484375 0.06484375
0 0.28828125 0.39609375 0.0453125 0.06484375
0 0.025 0.878125 0.0390625 0.0625
2 0.9296875 0.721875 0.046875 0.03515625