0 0.15703125 0.13828125 0.0484375 0.06640625
0 0.10703125 0.03828125 0.05 0.06015625
0 0.38046875 0.07734375 0.046875 0.06015625
0 0.40234375 0.12109375 0.0515625 0.07109375
0 0.45390625 0.17734375 0.04375 0.06484375
0 0.52578125 0.23671875 0.0453125 0.06484375
2 0.70703125 0.23828125 0.0421875 0.06015625
0 0.8765625 0.084375 0.053125 0.06875
0 0.234375 0.47578125 0.04375 0.05625
0 0.27734375 0.51953125 0.0453125 0.0625
0 0.30078125 0.321875 0.0515625 0.06640625
0 0.453125 0.44921875 0.046875 0.06015625
0 0.66640625 0.43203125 0.0484375 0.0625
0 0.8515625 0.54140625 0.0515625 0.06875
0 0.94375 0.4875 0.0453125 0.05859375
0 0.98515625 0.41640625 0.0265625 0.06015625
0 0.06796875 0.45546875 0.0421875 0.06015625
0 0.39296875 0.578125 0.0515625 0.06484375
0 0.4234375 0.675 0.0515625 0.06640625
0 0.23359375 0.87265625 0.0515625 0.07109375
0 0.3140625 0.93828125 0.04375 0.0625
0 0.50546875 0.95703125 0.0484375 0.05859375
0 0.6796875 0.77890625 0.0359375 0.04609375
0 0.75078125 0.79765625 0.05 0.07109375
0 0.90703125 0.86953125 0.0515625 0.06484375
0 0.53515625 0.884375 0.0578125 0.07265625
0 0.15234375 0.47109375 0.0515625 0.06484375
0 0.296875 0.934375 0.0421875 0.0625
0 0.92890625 0.375 0.046875 0.06484375
0 0.33203125 0.225 0.0453125 0.06015625
0 0.67734375 0.82421875 0.0453125 0.05625
0 0.4484375 0.48984375 0.0453125 0.05859375
2 0.92265625 0.71328125 0.0421875 0.03359375