0 0.16328125 0.13515625 0.0484375 0.06640625
0 0.13671875 0.06796875 0.05 0.06015625
0 0.4375 0.12265625 0.0515625 0.07109375
0 0.45078125 0.18515625 0.04375 0.06484375
0 0.52265625 0.25 0.0453125 0.06484375
2 0.73671875 0.296875 0.0421875 0.06015625
0 0.88671875 0.09140625 0.053125 0.06875
0 0.275 0.53203125 0.04375 0.05625
0 0.29921875 0.52734375 0.0453125 0.0625
0 0.4875 0.48515625 0.046875 0.06015625
0 0.66796875 0.44140625 0.0484375 0.0625
0 0.90703125 0.584375 0.0515625 0.06875
0 0.94921875 0.49609375 0.0453125 0.05859375
0 0.98359375 0.41328125 0.0296875 0.06015625
0 0.06796875 0.45546875 0.0421875 0.06015625
0 0.45078125 0.621875 0.0515625 0.06484375
0 0.42890625 0.68515625 0.0515625 0.06640625
0 0.26953125 0.89296875 0.0515625 0.07109375
0 0.321875 0.96875 0.04375 0.0625
0 0.50703125 0.9625 0.0484375 0.05859375
0 0.728125 0.81015625 0.0359375 0.04609375
0 0.78359375 0.83046875 0.05 0.06640625
0 0.9296875 0.88984375 0.0515625 0.06484375
0 0.53984375 0.89453125 0.0578125 0.07265625
0 0.21328125 0.203125 0.0515625 0.06484375
0 0.234375 0.82265625 0.04375 0.0625
0 0.5734375 0.66953125 0.046875 0.06484375
0 0.375 0.28671875 0.0453125 0.06015625
0 0.80703125 0.69453125 0.05 0.06484375
0 0.71875 0.86171875 0.05 0.06484375
0 0.47734375 0.51953125 0.0453125 0.05859375
0 0.9421875 0.23984375 0.0421875 0.05625
0 0.5765625 0.35390625 0.0484375 0.06484375
0 0.33671875 0.47578125 0.0453125 0.06484375
0 0.025 0.88125 0.040625 0.0625
2 0.93125 0.72265625 0.0484375 0.0375