0 0.16328125 0.13515625 0.0484375 0.06640625
0 0.13125 0.06484375 0.05 0.06015625
0 0.4265625 0.1125 0.0515625 0.07109375
0 0.4515625 0.184375 0.04375 0.06484375
0 0.5234375 0.246875 0.0453125 0.06484375
2 0.73515625 0.28046875 0.0421875 0.06015625
0 0.88515625 0.090625 0.053125 0.06875
0 0.26484375 0.53046875 0.04375 0.05625
0 0.290625 0.52734375 0.0453125 0.0625
0 0.48046875 0.47265625 0.046875 0.06015625
0 0.66796875 0.440625 0.0484375 0.0625
0 0.90234375 0.57890625 0.0515625 0.06875
0 0.94921875 0.49609375 0.0453125 0.05859375
0 0.98359375 0.41328125 0.0296875 0.06015625
0 0.06796875 0.45546875 0.0421875 0.06015625
0 0.44140625 0.609375 0.0515625 0.06484375
0 0.42890625 0.68515625 0.0515625 0.06640625
0 0.25546875 0.884375 0.0515625 0.07109375
0 0.31953125 0.96640625 0.04375 0.0625
0 0.50703125 0.9625 0.0484375 0.05859375
0 0.7203125 0.80390625 0.0359375 0.04609375
0 0.775 0.82578125 0.05 0.06640625
0 0.92265625 0.88515625 0.0515625 0.06484375
0 0.53984375 0.89375 0.0578125 0.07265625
0 0.2140625 0.21015625 0.0515625 0.06484375
0 0.2328125 0.83359375 0.04375 0.0625
0 0.65546875 0.65546875 0.046875 0.06484375
0 0.36328125 0.26484375 0.0453125 0.06015625
0 0.87578125 0.7875 0.05 0.06484375
0 0.7109375 0.85234375 0.046875 0.06015625
0 0.4703125 0.5125 0.0453125 0.05859375
0 0.92421875 0.34453125 0.0421875 0.05625
0 0.66484375 0.6 0.0484375 0.06484375
0 0.14921875 0.19140625 0.0453125 0.06484375
0 0.02421875 0.87109375 0.0359375 0.05859375
2 0.925 0.71953125 0.04375 0.03515625