0 0.0734375 0.271875 0.046875 0.06015625
0 0.06484375 0.42890625 0.0625 0.07734375
0 0.14921875 0.70703125 0.0546875 0.07109375
0 0.20234375 0.87734375 0.0515625 0.06875
0 0.41484375 0.88046875 0.0515625 0.06484375
0 0.27890625 0.44296875 0.046875 0.0625
0 0.428125 0.46875 0.065625 0.08359375
0 0.62890625 0.18125 0.046875 0.0625
0 0.6078125 0.2375 0.0578125 0.07265625
0 0.84609375 0.39765625 0.0453125 0.0625
0 0.6328125 0.56171875 0.059375 0.07265625
0 0.653125 0.890625 0.05625 0.07734375
0 0.753125 0.66484375 0.05 0.07109375
0 0.54609375 0.159375 0.046875 0.0625
0 0.3796875 0.02578125 0.053125 0.05
0 0.65 0.07265625 0.0640625 0.07890625
0 0.96875 0.31015625 0.0453125 0.075
0 0.4328125 0.29765625 0.0234375 0.03359375