0 0.16328125 0.13515625 0.0484375 0.06640625
0 0.1265625 0.06171875 0.05 0.06015625
0 0.4140625 0.11015625 0.0515625 0.07109375
0 0.45234375 0.18203125 0.04375 0.06484375
0 0.52421875 0.24453125 0.0453125 0.06484375
2 0.72890625 0.27109375 0.0421875 0.06015625
0 0.88359375 0.08984375 0.053125 0.06875
0 0.259375 0.52265625 0.04375 0.05625
0 0.28515625 0.52578125 0.0453125 0.0625
0 0.47734375 0.46640625 0.046875 0.06015625
0 0.6671875 0.43828125 0.0484375 0.0625
0 0.8890625 0.57109375 0.0515625 0.06875
0 0.94921875 0.49609375 0.0453125 0.05859375
0 0.98359375 0.41328125 0.0296875 0.06015625
0 0.06796875 0.45546875 0.0421875 0.06015625
0 0.43125 0.60078125 0.0515625 0.06484375
0 0.428125 0.684375 0.0515625 0.06640625
0 0.253125 0.88515625 0.0515625 0.07109375
0 0.3171875 0.965625 0.04375 0.0625
0 0.50703125 0.9625 0.0484375 0.05859375
0 0.7140625 0.79921875 0.0359375 0.04609375
0 0.771875 0.82109375 0.05 0.06640625
0 0.92265625 0.88125 0.0515625 0.06484375
0 0.53984375 0.89140625 0.0578125 0.07265625
0 0.221875 0.21953125 0.0515625 0.06484375
0 0.2765625 0.85625 0.040625 0.0625
0 0.71640625 0.58203125 0.046875 0.06484375
0 0.35546875 0.25703125 0.0453125 0.06015625
0 0.83046875 0.665625 0.05 0.06484375
0 0.70625 0.84609375 0.0453125 0.05625
0 0.4640625 0.50703125 0.0453125 0.05859375
0 0.96171875 0.434375 0.04375 0.06015625
0 0.96875 0.58203125 0.046875 0.06640625
0 0.02109375 0.86328125 0.0328125 0.0625
2 0.92265625 0.71796875 0.0421875 0.03359375