0 0.16796875 0.13984375 0.0484375 0.06640625
0 0.1171875 0.046875 0.05 0.06015625
0 0.40703125 0.11640625 0.0515625 0.07109375
0 0.453125 0.17890625 0.04375 0.06484375
0 0.525 0.23984375 0.0453125 0.06484375
2 0.71640625 0.24921875 0.0421875 0.06015625
0 0.88125 0.08828125 0.053125 0.06875
0 0.24140625 0.503125 0.04375 0.05625
0 0.28046875 0.52265625 0.0453125 0.0625
0 0.02578125 0.34140625 0.0515625 0.06640625
0 0.46328125 0.45546875 0.046875 0.06015625
0 0.6671875 0.43515625 0.0484375 0.0625
0 0.86796875 0.553125 0.0515625 0.06875
0 0.94921875 0.49609375 0.0453125 0.05859375
0 0.98359375 0.41328125 0.0296875 0.06015625
0 0.06796875 0.45546875 0.0421875 0.06015625
0 0.409375 0.5875 0.0515625 0.06484375
0 0.42578125 0.67890625 0.0515625 0.06640625
0 0.2421875 0.88203125 0.0515625 0.07109375
0 0.3171875 0.94375 0.04375 0.0625
0 0.50703125 0.9625 0.0484375 0.05859375
0 0.69375 0.78671875 0.0359375 0.04609375
0 0.75859375 0.80703125 0.05 0.06640625
0 0.9109375 0.878125 0.0515625 0.06484375
0 0.53984375 0.88828125 0.0578125 0.07265625
0 0.23046875 0.30078125 0.0515625 0.06484375
0 0.278125 0.921875 0.0421875 0.0625
0 0.846875 0.44609375 0.046875 0.06484375
0 0.33984375 0.23984375 0.0453125 0.06015625
0 0.81640625 0.871875 0.05 0.06484375
0 0.6921875 0.8375 0.0453125 0.05625
0 0.453125 0.49765625 0.0453125 0.05859375
0 0.0140625 0.85390625 0.028125 0.07265625
2 0.92265625 0.715625 0.0421875 0.03359375