0 0.16328125 0.13828125 0.0484375 0.06640625
0 0.11328125 0.04375 0.05 0.06015625
0 0.39140625 0.08671875 0.046875 0.06015625
0 0.4046875 0.11796875 0.0515625 0.07109375
0 0.45390625 0.178125 0.04375 0.06484375
0 0.525 0.23828125 0.0453125 0.06484375
2 0.71328125 0.24453125 0.0421875 0.06015625
0 0.87890625 0.08671875 0.053125 0.06875
0 0.2375 0.4875 0.04375 0.05625
0 0.2796875 0.521875 0.0453125 0.0625
0 0.11328125 0.32421875 0.0515625 0.06640625
0 0.4578125 0.45078125 0.046875 0.06015625
0 0.6671875 0.434375 0.0484375 0.0625
0 0.86171875 0.546875 0.0515625 0.06875
0 0.94609375 0.49296875 0.0453125 0.05859375
0 0.98359375 0.41328125 0.0296875 0.06015625
0 0.06796875 0.45546875 0.0421875 0.06015625
0 0.4015625 0.58046875 0.0515625 0.06484375
0 0.425 0.67734375 0.0515625 0.06640625
0 0.240625 0.87578125 0.0515625 0.07109375
0 0.315625 0.94140625 0.04375 0.0625
0 0.50625 0.96171875 0.0484375 0.05859375
0 0.68984375 0.78125 0.0359375 0.04609375
0 0.75546875 0.80390625 0.05 0.06640625
0 0.90859375 0.875 0.0515625 0.06484375
0 0.5375 0.88671875 0.0578125 0.07265625
0 0.25546875 0.43984375 0.0515625 0.06484375
0 0.2875 0.92734375 0.0421875 0.0625
0 0.87890625 0.41328125 0.046875 0.06484375
0 0.33828125 0.234375 0.0453125 0.06015625
0 0.84296875 0.91640625 0.05 0.06484375
0 0.6875 0.83125 0.0453125 0.05625
0 0.45 0.49453125 0.0453125 0.05859375
2 0.92265625 0.71484375 0.0421875 0.03359375