0 0.16328125 0.13515625 0.0484375 0.06640625
0 0.13203125 0.065625 0.05 0.06015625
0 0.42890625 0.11328125 0.0515625 0.07109375
0 0.4515625 0.184375 0.04375 0.06484375
0 0.5234375 0.24765625 0.0453125 0.06484375
2 0.73515625 0.28359375 0.0421875 0.06015625
0 0.88515625 0.090625 0.053125 0.06875
0 0.2671875 0.52890625 0.04375 0.05625
0 0.2921875 0.52734375 0.0453125 0.0625
0 0.48046875 0.475 0.046875 0.06015625
0 0.66796875 0.44140625 0.0484375 0.0625
0 0.903125 0.58125 0.0515625 0.06875
0 0.94921875 0.49609375 0.0453125 0.05859375
0 0.98359375 0.41328125 0.0296875 0.06015625
0 0.06796875 0.45546875 0.0421875 0.06015625
0 0.44375 0.6125 0.0515625 0.06484375
0 0.42890625 0.68515625 0.0515625 0.06640625
0 0.2609375 0.8875 0.0515625 0.07109375
0 0.3203125 0.96796875 0.04375 0.0625
0 0.50703125 0.9625 0.0484375 0.05859375
0 0.721875 0.80546875 0.0359375 0.04609375
0 0.77578125 0.82734375 0.05 0.06640625
0 0.92265625 0.88671875 0.0515625 0.06484375
0 0.53984375 0.89375 0.0578125 0.07265625
0 0.2140625 0.209375 0.0515625 0.06484375
0 0.228125 0.85859375 0.04375 0.0625
0 0.6328125 0.63828125 0.046875 0.06484375
0 0.365625 0.26640625 0.0453125 0.06015625
0 0.8375 0.75078125 0.05 0.06484375
0 0.7125 0.85625 0.05 0.06484375
0 0.471875 0.51484375 0.0453125 0.05859375
0 0.93828125 0.31796875 0.0421875 0.05625
0 0.596875 0.66640625 0.0484375 0.06484375
0 0.1921875 0.25703125 0.0453125 0.06484375
0 0.02421875 0.87265625 0.0375 0.06015625
2 0.9265625 0.72109375 0.0453125 0.03515625