0 0.16328125 0.13515625 0.0484375 0.06640625
0 0.13125 0.06484375 0.05 0.06015625
0 0.4265625 0.1125 0.0515625 0.07109375
0 0.4515625 0.184375 0.04375 0.06484375
0 0.5234375 0.246875 0.0453125 0.06484375
2 0.73515625 0.28046875 0.0421875 0.06015625
0 0.88515625 0.090625 0.053125 0.06875
0 0.26484375 0.53046875 0.04375 0.05625
0 0.290625 0.52734375 0.0453125 0.0625
0 0.48046875 0.47265625 0.046875 0.06015625
0 0.66796875 0.440625 0.0484375 0.0625
0 0.90234375 0.57890625 0.0515625 0.06875
0 0.94921875 0.49609375 0.0453125 0.05859375
0 0.98359375 0.41328125 0.0296875 0.06015625
0 0.06796875 0.45546875 0.0421875 0.06015625
0 0.4421875 0.61015625 0.0515625 0.06484375
0 0.42890625 0.68515625 0.0515625 0.06640625
0 0.25546875 0.88359375 0.0515625 0.07109375
0 0.3203125 0.96796875 0.04375 0.0625
0 0.50703125 0.9625 0.0484375 0.05859375
0 0.72109375 0.80390625 0.0359375 0.04609375
0 0.775 0.82734375 0.05 0.06640625
0 0.92265625 0.88671875 0.0515625 0.06484375
0 0.53984375 0.89375 0.0578125 0.07265625
0 0.2140625 0.21015625 0.0515625 0.06484375
0 0.23046875 0.83828125 0.04375 0.0625
0 0.6515625 0.65546875 0.046875 0.06484375
0 0.3640625 0.265625 0.0453125 0.06015625
0 0.86875 0.77421875 0.05 0.06484375
0 0.71171875 0.853125 0.0484375 0.06015625
0 0.4703125 0.51328125 0.0453125 0.05859375
0 0.93203125 0.34765625 0.0421875 0.05625
0 0.64453125 0.61015625 0.0484375 0.06484375
0 0.16171875 0.19453125 0.0453125 0.06484375
0 0.02421875 0.87109375 0.0375 0.05859375
2 0.92578125 0.71953125 0.04375 0.03515625