0 0.1515625 0.1375 0.0484375 0.06640625
0 0.10234375 0.03515625 0.05 0.06015625
0 0.37421875 0.06875 0.046875 0.06015625
0 0.4 0.12265625 0.0515625 0.07109375
0 0.4546875 0.17578125 0.04375 0.06484375
0 0.52578125 0.234375 0.0453125 0.06484375
2 0.70078125 0.228125 0.0421875 0.06015625
0 0.87421875 0.08203125 0.053125 0.06875
0 0.23046875 0.46875 0.04375 0.05625
0 0.27578125 0.51875 0.0453125 0.0625
0 0.39609375 0.50078125 0.0515625 0.06640625
0 0.453125 0.45546875 0.046875 0.06015625
0 0.66640625 0.43125 0.0484375 0.0625
0 0.8421875 0.53125 0.0515625 0.06875
0 0.94453125 0.48515625 0.0453125 0.05859375
0 0.9875 0.42109375 0.021875 0.06015625
0 0.06796875 0.45546875 0.0421875 0.06015625
0 0.38359375 0.571875 0.0515625 0.06484375
0 0.42265625 0.67265625 0.0515625 0.06640625
0 0.478125 0.96953125 0.04375 0.06015625
0 0.2265625 0.871875 0.053125 0.07265625
0 0.3125 0.93515625 0.04375 0.0625
0 0.50390625 0.95546875 0.0484375 0.05859375
0 0.675 0.77421875 0.0359375 0.04609375
0 0.74765625 0.79296875 0.05 0.075
0 0.9046875 0.86953125 0.0515625 0.06484375
0 0.5328125 0.88203125 0.0578125 0.07265625
0 0.08515625 0.35859375 0.0515625 0.06484375
0 0.3171875 0.915625 0.0421875 0.0625
0 0.971875 0.34765625 0.04375 0.06484375
0 0.32265625 0.209375 0.040625 0.05390625
0 0.67109375 0.81875 0.0453125 0.05625
0 0.45078125 0.484375 0.0453125 0.05859375
2 0.92265625 0.7125 0.0421875 0.03359375