0 0.16328125 0.13515625 0.0484375 0.06640625
0 0.12109375 0.053125 0.05 0.06015625
0 0.409375 0.11328125 0.0515625 0.07109375
0 0.453125 0.18046875 0.04375 0.06484375
0 0.52421875 0.24140625 0.0453125 0.06484375
2 0.72109375 0.25703125 0.0421875 0.06015625
0 0.88203125 0.08984375 0.053125 0.06875
0 0.24921875 0.51171875 0.04375 0.05625
0 0.2828125 0.52421875 0.0453125 0.0625
0 0.4703125 0.46171875 0.046875 0.06015625
0 0.6671875 0.43671875 0.0484375 0.0625
0 0.87578125 0.56484375 0.0515625 0.06875
0 0.94921875 0.49609375 0.0453125 0.05859375
0 0.98359375 0.41328125 0.0296875 0.06015625
0 0.06796875 0.45546875 0.0421875 0.06015625
0 0.41796875 0.59765625 0.0515625 0.06484375
0 0.4265625 0.68125 0.0515625 0.06640625
0 0.24609375 0.88359375 0.0515625 0.07109375
0 0.31484375 0.96328125 0.04375 0.0625
0 0.50703125 0.9625 0.0484375 0.05859375
0 0.7 0.79375 0.0359375 0.04609375
0 0.76328125 0.8125 0.05 0.06640625
0 0.9171875 0.87890625 0.0515625 0.06484375
0 0.53984375 0.88984375 0.0578125 0.07265625
0 0.21953125 0.24921875 0.0515625 0.06484375
0 0.309375 0.88125 0.0421875 0.0625
0 0.78984375 0.49765625 0.046875 0.06484375
0 0.34296875 0.246875 0.0453125 0.06015625
0 0.78515625 0.78203125 0.05 0.06484375
0 0.696875 0.846875 0.0453125 0.05625
0 0.45703125 0.50234375 0.0453125 0.05859375
0 0.0171875 0.85859375 0.0296875 0.06875
2 0.92265625 0.71640625 0.0421875 0.03359375