0 0.16328125 0.13515625 0.0484375 0.06640625
0 0.134375 0.06640625 0.05 0.06015625
0 0.434375 0.11796875 0.0515625 0.07109375
0 0.4515625 0.18515625 0.04375 0.06484375
0 0.5234375 0.24921875 0.0453125 0.06484375
2 0.73515625 0.29140625 0.0421875 0.06015625
0 0.8859375 0.09140625 0.053125 0.06875
0 0.271875 0.53046875 0.04375 0.05625
0 0.296875 0.52734375 0.0453125 0.0625
0 0.48203125 0.48046875 0.046875 0.06015625
0 0.66796875 0.44140625 0.0484375 0.0625
0 0.90703125 0.58515625 0.0515625 0.06875
0 0.94921875 0.49609375 0.0453125 0.05859375
0 0.98359375 0.41328125 0.0296875 0.06015625
0 0.06796875 0.45546875 0.0421875 0.06015625
0 0.44765625 0.61796875 0.0515625 0.06484375
0 0.42890625 0.68515625 0.0515625 0.06640625
0 0.2671875 0.890625 0.0515625 0.07109375
0 0.321875 0.96875 0.04375 0.0625
0 0.50703125 0.9625 0.0484375 0.05859375
0 0.725 0.80703125 0.0359375 0.04609375
0 0.778125 0.82890625 0.05 0.06640625
0 0.92421875 0.88828125 0.0515625 0.06484375
0 0.53984375 0.89453125 0.0578125 0.07265625
0 0.2140625 0.20625 0.0515625 0.06484375
0 0.22890625 0.82265625 0.04375 0.0625
0 0.59296875 0.65703125 0.046875 0.06484375
0 0.371875 0.28359375 0.0453125 0.06015625
0 0.83984375 0.690625 0.05 0.06484375
0 0.71640625 0.859375 0.05 0.06484375
0 0.475 0.51796875 0.0453125 0.05859375
0 0.9296875 0.26796875 0.0421875 0.05625
0 0.58828125 0.53359375 0.0484375 0.06484375
0 0.275 0.3875 0.0453125 0.06484375
0 0.025 0.878125 0.0390625 0.06015625
2 0.9296875 0.721875 0.046875 0.03515625