0 0.153125 0.1375 0.0484375 0.06640625
0 0.103125 0.03515625 0.05 0.06015625
0 0.37578125 0.07109375 0.046875 0.06015625
0 0.4 0.121875 0.0515625 0.07109375
0 0.4546875 0.17578125 0.04375 0.06484375
0 0.52578125 0.23515625 0.0453125 0.06484375
2 0.7015625 0.23046875 0.0421875 0.06015625
0 0.87421875 0.08359375 0.053125 0.06875
0 0.23125 0.47109375 0.04375 0.05625
0 0.2765625 0.51875 0.0453125 0.0625
0 0.365625 0.46640625 0.0515625 0.06640625
0 0.453125 0.45390625 0.046875 0.06015625
0 0.66640625 0.43125 0.0484375 0.0625
0 0.84375 0.534375 0.0515625 0.06875
0 0.94453125 0.48671875 0.0453125 0.05859375
0 0.9875 0.41953125 0.021875 0.06015625
0 0.06796875 0.45546875 0.0421875 0.06015625
0 0.3859375 0.57265625 0.0515625 0.06484375
0 0.42265625 0.67421875 0.0515625 0.06640625
0 0.228125 0.871875 0.053125 0.07265625
0 0.31328125 0.93671875 0.04375 0.0625
0 0.5046875 0.95546875 0.0484375 0.05859375
0 0.67578125 0.775 0.0359375 0.04609375
0 0.7484375 0.79375 0.05 0.07265625
0 0.9046875 0.86953125 0.0515625 0.06484375
0 0.5328125 0.88359375 0.0578125 0.07265625
0 0.0953125 0.44453125 0.0515625 0.06484375
0 0.30078125 0.934375 0.0421875 0.0625
0 0.96484375 0.35 0.046875 0.06484375
0 0.32421875 0.209375 0.040625 0.05390625
0 0.671875 0.81953125 0.0453125 0.05625
0 0.45 0.48515625 0.0453125 0.05859375
2 0.92265625 0.7125 0.0421875 0.03359375