0 0.16328125 0.13515625 0.0484375 0.06640625
0 0.128125 0.0625 0.05 0.06015625
0 0.41953125 0.10859375 0.0515625 0.07109375
0 0.45234375 0.18359375 0.04375 0.06484375
0 0.5234375 0.24609375 0.0453125 0.06484375
2 0.73359375 0.27265625 0.0421875 0.06015625
0 0.884375 0.090625 0.053125 0.06875
0 0.2609375 0.53046875 0.04375 0.05625
0 0.2859375 0.52734375 0.0453125 0.0625
0 0.4796875 0.46875 0.046875 0.06015625
0 0.66796875 0.43984375 0.0484375 0.0625
0 0.9 0.571875 0.0515625 0.06875
0 0.94921875 0.49609375 0.0453125 0.05859375
0 0.98359375 0.41328125 0.0296875 0.06015625
0 0.06796875 0.45546875 0.0421875 0.06015625
0 0.43515625 0.60390625 0.0515625 0.06484375
0 0.42890625 0.68515625 0.0515625 0.06640625
0 0.2578125 0.88984375 0.0515625 0.07109375
0 0.31875 0.965625 0.04375 0.0625
0 0.50703125 0.9625 0.0484375 0.05859375
0 0.7171875 0.80234375 0.0359375 0.04609375
0 0.7734375 0.82421875 0.05 0.06640625
0 0.92265625 0.88359375 0.0515625 0.06484375
0 0.53984375 0.89296875 0.0578125 0.07265625
0 0.21640625 0.21640625 0.0515625 0.06484375
0 0.2625 0.85078125 0.04375 0.0625
0 0.69140625 0.60625 0.046875 0.06484375
0 0.35859375 0.26015625 0.0453125 0.06015625
0 0.878125 0.675 0.05 0.06484375
0 0.70859375 0.846875 0.0453125 0.05625
0 0.46640625 0.509375 0.0453125 0.05859375
0 0.93046875 0.40078125 0.0421875 0.05625
0 0.84296875 0.61640625 0.0484375 0.06484375
0 0.06171875 0.01875 0.0421875 0.0375
0 0.02265625 0.86640625 0.034375 0.06015625
2 0.92265625 0.71875 0.0421875 0.03359375