0 0.16328125 0.13515625 0.0484375 0.06640625
0 0.1390625 0.06953125 0.05 0.06015625
0 0.43984375 0.12734375 0.0515625 0.07109375
0 0.45078125 0.1875 0.04375 0.06484375
0 0.52265625 0.25078125 0.0453125 0.06484375
2 0.74140625 0.30546875 0.0421875 0.06015625
0 0.8875 0.09140625 0.053125 0.06875
0 0.27890625 0.53203125 0.04375 0.05625
0 0.29921875 0.52734375 0.0453125 0.0625
0 0.49140625 0.490625 0.046875 0.06015625
0 0.66796875 0.44140625 0.0484375 0.0625
0 0.90390625 0.58203125 0.0515625 0.06875
0 0.94921875 0.49609375 0.0453125 0.05859375
0 0.98359375 0.41328125 0.0296875 0.06015625
0 0.06796875 0.45546875 0.0421875 0.06015625
0 0.45546875 0.62578125 0.0515625 0.06484375
0 0.42890625 0.68515625 0.0515625 0.06640625
0 0.2734375 0.89609375 0.0515625 0.07109375
0 0.321875 0.96875 0.04375 0.0625
0 0.50703125 0.9625 0.0484375 0.05859375
0 0.73515625 0.81640625 0.0359375 0.04609375
0 0.78671875 0.834375 0.05 0.06640625
0 0.93125 0.89140625 0.0515625 0.06484375
0 0.53984375 0.89453125 0.0578125 0.07265625
0 0.14296875 0.278125 0.0515625 0.06484375
0 0.2359375 0.82109375 0.04375 0.0625
0 0.5046875 0.71640625 0.046875 0.06484375
0 0.37890625 0.30078125 0.0453125 0.06015625
0 0.75859375 0.68828125 0.05 0.06484375
0 0.725 0.86796875 0.05 0.06484375
0 0.48203125 0.52421875 0.0453125 0.05859375
0 0.95546875 0.20234375 0.0421875 0.05625
0 0.44921875 0.30234375 0.0484375 0.06484375
0 0.42265625 0.71171875 0.0453125 0.06484375
0 0.025 0.88125 0.040625 0.0625
0 0.346875 0.80859375 0.05625 0.06640625
0 0.0125 0.27578125 0.025 0.06875
2 0.9359375 0.725 0.0515625 0.03984375