0 0.1640625 0.13984375 0.0484375 0.06640625
0 0.1140625 0.04453125 0.05 0.06015625
0 0.39296875 0.0875 0.046875 0.06015625
0 0.40546875 0.11796875 0.0515625 0.07109375
0 0.45390625 0.17890625 0.04375 0.06484375
0 0.525 0.23828125 0.0453125 0.06484375
2 0.71328125 0.24609375 0.0421875 0.06015625
0 0.8796875 0.0875 0.053125 0.06875
0 0.2375 0.48984375 0.04375 0.05625
0 0.2796875 0.521875 0.0453125 0.0625
0 0.08125 0.33515625 0.0515625 0.06640625
0 0.459375 0.45234375 0.046875 0.06015625
0 0.6671875 0.434375 0.0484375 0.0625
0 0.8625 0.54765625 0.0515625 0.06875
0 0.94765625 0.49375 0.0453125 0.05859375
0 0.98359375 0.41328125 0.0296875 0.06015625
0 0.06796875 0.45546875 0.0421875 0.06015625
0 0.40234375 0.58046875 0.0515625 0.06484375
0 0.425 0.678125 0.0515625 0.06640625
0 0.240625 0.87734375 0.0515625 0.07109375
0 0.31640625 0.94140625 0.04375 0.0625
0 0.50703125 0.96171875 0.0484375 0.05859375
0 0.690625 0.78203125 0.0359375 0.04609375
0 0.75546875 0.80546875 0.05 0.06640625
0 0.90859375 0.87578125 0.0515625 0.06484375
0 0.53828125 0.8875 0.0578125 0.07265625
0 0.2828125 0.41953125 0.0515625 0.06484375
0 0.28515625 0.92578125 0.0421875 0.0625
0 0.86875 0.41796875 0.046875 0.06484375
0 0.33828125 0.23515625 0.0453125 0.06015625
0 0.8203125 0.93125 0.05 0.06484375
0 0.6890625 0.83203125 0.0453125 0.05625
0 0.45078125 0.49453125 0.0453125 0.05859375
2 0.92265625 0.71484375 0.0421875 0.03359375