0 0.16328125 0.13515625 0.0484375 0.06640625
0 0.1203125 0.05078125 0.05 0.06015625
0 0.40859375 0.11484375 0.0515625 0.07109375
0 0.453125 0.18046875 0.04375 0.06484375
0 0.52421875 0.240625 0.0453125 0.06484375
2 0.7203125 0.25625 0.0421875 0.06015625
0 0.88203125 0.08828125 0.053125 0.06875
0 0.24765625 0.51015625 0.04375 0.05625
0 0.28203125 0.52421875 0.0453125 0.0625
0 0.46875 0.46015625 0.046875 0.06015625
0 0.6671875 0.43671875 0.0484375 0.0625
0 0.87421875 0.5625 0.0515625 0.06875
0 0.94921875 0.49609375 0.0453125 0.05859375
0 0.98359375 0.41328125 0.0296875 0.06015625
0 0.06796875 0.45546875 0.0421875 0.06015625
0 0.415625 0.59765625 0.0515625 0.06484375
0 0.4265625 0.68125 0.0515625 0.06640625
0 0.2453125 0.88359375 0.0515625 0.07109375
0 0.31484375 0.9625 0.04375 0.0625
0 0.50703125 0.9625 0.0484375 0.05859375
0 0.6984375 0.79296875 0.0359375 0.04609375
0 0.7625 0.81171875 0.05 0.06640625
0 0.915625 0.878125 0.0515625 0.06484375
0 0.53984375 0.88984375 0.0578125 0.07265625
0 0.21875 0.25625 0.0515625 0.06484375
0 0.309375 0.88359375 0.0421875 0.0625
0 0.80078125 0.48671875 0.046875 0.06484375
0 0.34140625 0.24609375 0.0453125 0.06015625
0 0.78125 0.82734375 0.05 0.06484375
0 0.6953125 0.84609375 0.0453125 0.05625
0 0.45625 0.50078125 0.0453125 0.05859375
0 0.01640625 0.85703125 0.0296875 0.07109375
2 0.92265625 0.71640625 0.0421875 0.03359375