0 0.078125 0.22890625 0.03125 0.05390625
0 0.0578125 0.38515625 0.028125 0.03359375
0 0.41640625 0.25859375 0.034375 0.05625
0 0.98046875 0.25390625 0.0359375 0.04609375
0 0.5734375 0.22109375 0.040625 0.05
0 0.75234375 0.290625 0.0359375 0.03984375
0 0.93984375 0.11171875 0.0328125 0.04765625
0 0.66328125 0.32421875 0.0296875 0.03984375
0 0.659375 0.40234375 0.0203125 0.02890625
0 0.5703125 0.44921875 0.028125 0.04375
0 0.275 0.04375 0.0375 0.04765625
0 0.09921875 0.89375 0.0265625 0.03515625
0 0.2015625 0.40859375 0.034375 0.03984375
0 0.3453125 0.86484375 0.04375 0.05625
0 0.3359375 0.63828125 0.0375 0.05234375
0 0.4765625 0.96875 0.0453125 0.05625
0 0.55859375 0.625 0.0390625 0.04609375
0 0.66484375 0.675 0.0296875 0.0375
0 0.746875 0.65234375 0.0265625 0.03984375
0 0.72109375 0.4875 0.0296875 0.04375
0 0.6828125 0.83359375 0.0359375 0.05
0 0.8375 0.37421875 0.028125 0.0375
0 0.85390625 0.48046875 0.0296875 0.03125
0 0.859375 0.42578125 0.0359375 0.05390625
0 0.61171875 0.096875 0.0265625 0.03359375
0 0.84609375 0.30234375 0.0265625 0.03359375
0 0.90078125 0.8875 0.0328125 0.04609375
0 0.98046875 0.78359375 0.0234375 0.04140625
0 0.8203125 0.73046875 0.028125 0.02734375
0 0.86484375 0.56328125 0.0265625 0.0375
0 0.690625 0.85625 0.03125 0.04765625
0 0.16875 0.565625 0.028125 0.03984375
0 0.678125 0.16484375 0.0421875 0.05859375
0 0.5484375 0.46328125 0.034375 0.05234375
0 0.31171875 0.228125 0.028125 0.04140625
0 0.165625 0.44140625 0.034375 0.04375
0 0.765625 0.68828125 0.01875 0.025
0 0.08671875 0.26171875 0.021875 0.03125
0 0.98203125 0.90859375 0.03125 0.05234375
0 0.7203125 0.17421875 0.01875 0.02734375
0 0.02265625 0.46328125 0.04375 0.06015625
0 0.3421875 0.21875 0.0296875 0.0375
0 0.54375 0.37890625 0.028125 0.04140625
0 0.47109375 0.715625 0.0328125 0.06015625
0 0.53515625 0.43984375 0.0375 0.05390625
2 0.4765625 0.8625 0.021875 0.03359375