0 0.05859375 0.23671875 0.034375 0.05625
0 0.05625 0.39140625 0.028125 0.03359375
0 0.4421875 0.16640625 0.0453125 0.06484375
0 0.56640625 0.225 0.04375 0.05
0 0.9265625 0.41796875 0.0375 0.04375
0 0.92734375 0.11171875 0.0328125 0.04765625
0 0.6609375 0.32421875 0.0296875 0.03984375
0 0.65859375 0.42734375 0.021875 0.03359375
0 0.56015625 0.459375 0.028125 0.04375
0 0.2 0.40546875 0.0359375 0.04375
0 0.3390625 0.91328125 0.04375 0.05625
0 0.42421875 0.4125 0.0375 0.04609375
0 0.48046875 0.453125 0.03125 0.04375
0 0.66484375 0.67265625 0.0296875 0.0375
0 0.74609375 0.65078125 0.0265625 0.03984375
0 0.72109375 0.50390625 0.034375 0.04765625
0 0.81171875 0.390625 0.0328125 0.04140625
0 0.85234375 0.48125 0.0296875 0.03359375
0 0.85625 0.42578125 0.0359375 0.05390625
0 0.61171875 0.09296875 0.0265625 0.03359375
0 0.82734375 0.43671875 0.0203125 0.03125
0 0.90078125 0.91484375 0.0328125 0.04609375
0 0.978125 0.78828125 0.0234375 0.04140625
0 0.8203125 0.72734375 0.028125 0.02734375
0 0.8578125 0.56875 0.0265625 0.0375
0 0.7 0.85078125 0.03125 0.04765625
0 0.1625 0.565625 0.028125 0.03984375
0 0.546875 0.46328125 0.034375 0.05234375
0 0.30859375 0.23984375 0.0375 0.05625
0 0.4140625 0.44296875 0.0375 0.03984375
0 0.725 0.28203125 0.021875 0.02734375
0 0.01171875 0.615625 0.01875 0.03359375
0 0.76171875 0.646875 0.0390625 0.05625
0 0.90078125 0.96171875 0.0375 0.03984375
0 0.959375 0.40390625 0.025 0.04609375
0 0.21484375 0.89921875 0.040625 0.05
0 0.140625 0.93515625 0.0453125 0.05
0 0.0953125 0.06484375 0.046875 0.05859375
0 0.17421875 0.98515625 0.0453125 0.02890625
0 0.059375 0.4625 0.04375 0.07109375
0 0.7171875 0.18046875 0.01875 0.02734375
0 0.02109375 0.48125 0.0421875 0.06015625
0 0.33828125 0.23359375 0.0296875 0.0375
0 0.54375 0.37890625 0.028125 0.04140625
0 0.47109375 0.715625 0.0328125 0.06015625
0 0.534375 0.43984375 0.0375 0.05390625
2 0.4765625 0.8625 0.021875 0.03359375