0 0.103125 0.20703125 0.03125 0.05390625
0 0.06640625 0.35859375 0.0265625 0.02890625
0 0.39921875 0.30859375 0.0390625 0.05390625
0 0.603125 0.128125 0.0390625 0.04609375
0 0.58046875 0.20703125 0.040625 0.04765625
0 0.6296875 0.09296875 0.03125 0.03984375
0 0.909375 0.06953125 0.025 0.02734375
0 0.94765625 0.103125 0.0328125 0.04765625
0 0.66328125 0.32421875 0.0296875 0.03984375
0 0.66875 0.37734375 0.021875 0.03359375
0 0.5765625 0.43515625 0.028125 0.04375
0 0.07109375 0.26875 0.0421875 0.05234375
0 0.18671875 0.43046875 0.0265625 0.03515625
0 0.20390625 0.41015625 0.03125 0.0375
0 0.321875 0.871875 0.04375 0.05625
0 0.18828125 0.93515625 0.0296875 0.03125
0 0.4796875 0.90234375 0.025 0.03359375
0 0.64765625 0.78828125 0.0359375 0.04765625
0 0.66484375 0.67734375 0.0296875 0.0375
0 0.74765625 0.65 0.0265625 0.03984375
0 0.73203125 0.46484375 0.0265625 0.0375
0 0.79140625 0.45 0.0390625 0.05234375
0 0.84765625 0.35546875 0.028125 0.0375
0 0.85234375 0.47890625 0.0296875 0.03359375
0 0.86171875 0.42109375 0.0359375 0.05390625
0 0.61875 0.09375 0.0265625 0.03359375
0 0.809375 0.21171875 0.0234375 0.03359375
0 0.909375 0.865625 0.0328125 0.04609375
0 0.99140625 0.9828125 0.0171875 0.034375
0 0.9859375 0.77421875 0.0234375 0.04140625
0 0.821875 0.73203125 0.028125 0.02734375
0 0.79453125 0.65234375 0.03125 0.04375
0 0.8765625 0.55078125 0.0265625 0.0375
0 0.70625 0.84609375 0.03125 0.04765625
0 0.18125 0.56328125 0.028125 0.03984375
0 0.62109375 0.678125 0.0421875 0.05859375
0 0.5515625 0.465625 0.034375 0.05234375
0 0.31953125 0.20703125 0.028125 0.04140625
0 0.7359375 0.14296875 0.01875 0.02734375
0 0.0265625 0.43671875 0.0453125 0.05859375
0 0.35390625 0.19765625 0.0296875 0.0375
0 0.54375 0.37890625 0.028125 0.04140625
0 0.47109375 0.715625 0.0328125 0.06015625
0 0.5359375 0.43984375 0.0375 0.05390625
2 0.4765625 0.8625 0.021875 0.03359375