0 0.0296875 0.26796875 0.034375 0.05625
0 0.05625 0.390625 0.028125 0.03359375
0 0.534375 0.028125 0.040625 0.05625
0 0.54765625 0.27109375 0.0421875 0.05625
0 0.90234375 0.11015625 0.0328125 0.04765625
0 0.66015625 0.33671875 0.0265625 0.03359375
0 0.61953125 0.45859375 0.0375 0.04375
0 0.54375 0.45859375 0.0359375 0.04140625
0 0.1953125 0.403125 0.0359375 0.04375
0 0.31796875 0.89375 0.0453125 0.06015625
0 0.18046875 0.053125 0.040625 0.04765625
0 0.65859375 0.66875 0.0296875 0.0375
0 0.7453125 0.65 0.0265625 0.03984375
0 0.66171875 0.534375 0.0390625 0.04765625
0 0.77578125 0.41328125 0.03125 0.03359375
0 0.85390625 0.47890625 0.0296875 0.03359375
0 0.840625 0.45078125 0.040625 0.05390625
0 0.60703125 0.07265625 0.0265625 0.025
0 0.84765625 0.69296875 0.0328125 0.0375
0 0.8609375 0.96953125 0.0328125 0.04609375
0 0.95546875 0.821875 0.0234375 0.04140625
0 0.8203125 0.72578125 0.028125 0.02734375
0 0.82578125 0.57890625 0.0265625 0.0375
0 0.6765625 0.859375 0.03125 0.04765625
0 0.134375 0.56875 0.028125 0.03984375
0 0.54375 0.46328125 0.034375 0.05234375
0 0.28203125 0.27578125 0.0359375 0.05625
0 0.85703125 0.46015625 0.021875 0.02734375
0 0.43046875 0.1125 0.034375 0.05
0 0.2078125 0.68046875 0.046875 0.05625
0 0.56953125 0.73671875 0.046875 0.05625
0 0.86796875 0.89375 0.0265625 0.03515625
0 0.98125 0.19609375 0.025 0.04375
0 0.35390625 0.92890625 0.0515625 0.06484375
0 0.08046875 0.0625 0.0453125 0.05234375
0 0.54609375 0.04921875 0.0375 0.04609375
0 0.6890625 0.22578125 0.01875 0.02734375
0 0.01328125 0.50546875 0.0265625 0.05390625
0 0.30390625 0.27421875 0.0265625 0.03359375
0 0.54375 0.37890625 0.028125 0.04140625
0 0.47109375 0.715625 0.0328125 0.06015625
0 0.5328125 0.43984375 0.0375 0.05390625
2 0.4765625 0.8625 0.021875 0.03359375