0 0.053125 0.23828125 0.034375 0.05625
0 0.05625 0.390625 0.028125 0.03359375
0 0.484375 0.10390625 0.0453125 0.05234375
0 0.5625 0.23046875 0.0453125 0.05390625
0 0.9203125 0.109375 0.0328125 0.04765625
0 0.66015625 0.32578125 0.0265625 0.03515625
0 0.65078125 0.43671875 0.021875 0.03359375
0 0.56015625 0.46484375 0.0328125 0.0375
0 0.19765625 0.403125 0.0359375 0.04375
0 0.30859375 0.90546875 0.04375 0.05625
0 0.58125 0.19921875 0.03125 0.04375
0 0.40703125 0.24921875 0.028125 0.04140625
0 0.66328125 0.671875 0.0296875 0.0375
0 0.74453125 0.64921875 0.0265625 0.03984375
0 0.71328125 0.52109375 0.0359375 0.04765625
0 0.80390625 0.38984375 0.0390625 0.04609375
0 0.85390625 0.47734375 0.0296875 0.03359375
0 0.84765625 0.43359375 0.040625 0.05390625
0 0.6109375 0.08203125 0.0265625 0.02734375
0 0.83046875 0.49609375 0.0234375 0.03125
0 0.89609375 0.92109375 0.0328125 0.04609375
0 0.97578125 0.7875 0.0234375 0.04140625
0 0.8203125 0.72578125 0.028125 0.02734375
0 0.84765625 0.575 0.0265625 0.0375
0 0.69609375 0.853125 0.03125 0.04765625
0 0.15546875 0.565625 0.028125 0.03984375
0 0.5453125 0.46328125 0.034375 0.05234375
0 0.30234375 0.24609375 0.0359375 0.05625
0 0.5609375 0.46640625 0.0234375 0.02734375
0 0.653125 0.00703125 0.01875 0.0140625
0 0.634375 0.41640625 0.03125 0.04140625
0 0.6734375 0.84921875 0.0421875 0.05390625
0 0.9203125 0.84765625 0.046875 0.05859375
0 0.94453125 0.628125 0.028125 0.03515625
0 0.24921875 0.72890625 0.046875 0.05625
0 0.0140625 0.88984375 0.028125 0.05859375
0 0.89453125 0.40546875 0.0234375 0.03125
0 0.1703125 0.15078125 0.046875 0.07109375
0 0.7171875 0.1875 0.01875 0.02734375
0 0.01875 0.48828125 0.0375 0.06640625
0 0.33125 0.24140625 0.0296875 0.03515625
0 0.54375 0.37890625 0.028125 0.04140625
0 0.47109375 0.715625 0.0328125 0.06015625
0 0.53359375 0.43984375 0.0375 0.05390625
2 0.4765625 0.8625 0.021875 0.03359375