0 0.0375 0.259375 0.034375 0.05625
0 0.05625 0.38984375 0.028125 0.03359375
0 0.5265625 0.04296875 0.040625 0.05625
0 0.54765625 0.25625 0.0421875 0.05625
0 0.90625 0.10859375 0.0328125 0.04765625
0 0.66015625 0.33203125 0.0265625 0.03359375
0 0.6296875 0.45703125 0.0375 0.04375
0 0.54453125 0.45625 0.0359375 0.04140625
0 0.19609375 0.403125 0.0359375 0.04375
0 0.30625 0.88359375 0.0453125 0.06015625
0 0.24296875 0.12421875 0.03125 0.03359375
0 0.66015625 0.67109375 0.0296875 0.0375
0 0.7453125 0.65 0.0265625 0.03984375
0 0.68125 0.54140625 0.0390625 0.04765625
0 0.7953125 0.40625 0.03125 0.03359375
0 0.85390625 0.47734375 0.0296875 0.02890625
0 0.8421875 0.44765625 0.040625 0.05390625
0 0.60859375 0.07265625 0.0265625 0.025
0 0.8453125 0.65 0.034375 0.04609375
0 0.8703125 0.96015625 0.0328125 0.04609375
0 0.96015625 0.81015625 0.0234375 0.04140625
0 0.8203125 0.72578125 0.028125 0.02734375
0 0.83671875 0.57890625 0.0265625 0.0375
0 0.68359375 0.85625 0.03125 0.04765625
0 0.13984375 0.56640625 0.028125 0.03984375
0 0.54453125 0.46328125 0.034375 0.05234375
0 0.2859375 0.26875 0.0359375 0.05625
0 0.76015625 0.42421875 0.0203125 0.025
0 0.50234375 0.18671875 0.0296875 0.04609375
0 0.3484375 0.66328125 0.040625 0.05234375
0 0.871875 0.9125 0.025 0.0375
0 0.4609375 0.703125 0.0421875 0.06015625
0 0.803125 0.71953125 0.0296875 0.03984375
0 0.009375 0.10234375 0.01875 0.05390625
0 0.9578125 0.29140625 0.034375 0.05
0 0.9875 0.18828125 0.021875 0.04375
0 0.69765625 0.21640625 0.01875 0.02734375
0 0.01484375 0.50078125 0.0296875 0.06015625
0 0.31328125 0.265625 0.0265625 0.03359375
0 0.54375 0.37890625 0.028125 0.04140625
0 0.47109375 0.715625 0.0328125 0.06015625
0 0.5328125 0.43984375 0.0375 0.05390625
2 0.4765625 0.8625 0.021875 0.03359375