0 0.05625 0.2375 0.034375 0.05625
0 0.05546875 0.39296875 0.028125 0.03359375
0 0.46015625 0.16484375 0.046875 0.05859375
0 0.56484375 0.22578125 0.0453125 0.05234375
0 0.95390625 0.453125 0.034375 0.04765625
0 0.92578125 0.11171875 0.0328125 0.04765625
0 0.66015625 0.32421875 0.0296875 0.03984375
0 0.6578125 0.43203125 0.021875 0.03359375
0 0.55859375 0.46015625 0.028125 0.04375
0 0.1984375 0.40390625 0.0359375 0.04375
0 0.33359375 0.91875 0.0421875 0.05390625
0 0.4484375 0.35859375 0.025 0.03984375
0 0.46796875 0.40859375 0.0421875 0.05859375
0 0.6640625 0.67265625 0.0296875 0.0375
0 0.7453125 0.65 0.0265625 0.03984375
0 0.71953125 0.5125 0.034375 0.04765625
0 0.81015625 0.396875 0.028125 0.0375
0 0.85234375 0.48125 0.0296875 0.03359375
0 0.8546875 0.42734375 0.0375 0.05390625
0 0.61171875 0.09296875 0.0265625 0.03359375
0 0.83203125 0.45 0.0203125 0.02890625
0 0.90078125 0.915625 0.0328125 0.04609375
0 0.97734375 0.78828125 0.0234375 0.04140625
0 0.8203125 0.72734375 0.028125 0.02734375
0 0.85625 0.57265625 0.0265625 0.0375
0 0.69765625 0.85078125 0.03125 0.04765625
0 0.159375 0.565625 0.028125 0.03984375
0 0.54609375 0.46328125 0.034375 0.05234375
0 0.3078125 0.24140625 0.0359375 0.05625
0 0.4453125 0.471875 0.046875 0.05390625
0 0.7125 0.21484375 0.01875 0.025
0 0.73046875 0.57265625 0.0390625 0.05859375
0 0.8578125 0.92109375 0.04375 0.05234375
0 0.96640625 0.46171875 0.028125 0.0375
0 0.1609375 0.90625 0.040625 0.05
0 0.1546875 0.884375 0.0453125 0.05625
0 0.03671875 0.09375 0.046875 0.06015625
0 0.1453125 0.95703125 0.0421875 0.05390625
0 0.98828125 0.28203125 0.0234375 0.03984375
0 0.08828125 0.39375 0.0453125 0.07109375
0 0.7140625 0.18203125 0.01875 0.02734375
0 0.02109375 0.48203125 0.0421875 0.06015625
0 0.3375 0.234375 0.0296875 0.0375
0 0.54375 0.37890625 0.028125 0.04140625
0 0.47109375 0.715625 0.0328125 0.06015625
0 0.534375 0.43984375 0.0375 0.05390625
2 0.4765625 0.8625 0.021875 0.03359375