0 0.04921875 0.24609375 0.034375 0.05625
0 0.05625 0.390625 0.028125 0.03359375
0 0.51015625 0.08125 0.040625 0.05
0 0.56015625 0.23515625 0.0453125 0.05859375
0 0.9171875 0.109375 0.0328125 0.04765625
0 0.66015625 0.328125 0.0265625 0.03359375
0 0.6515625 0.43984375 0.021875 0.03359375
0 0.5515625 0.45 0.0359375 0.04140625
0 0.19765625 0.403125 0.0359375 0.04375
0 0.3109375 0.90546875 0.0453125 0.05859375
0 0.69296875 0.115625 0.03125 0.04140625
0 0.334375 0.2125 0.0359375 0.0375
0 0.66171875 0.671875 0.0296875 0.0375
0 0.74453125 0.64921875 0.0265625 0.03984375
0 0.70859375 0.528125 0.0390625 0.04765625
0 0.80234375 0.39140625 0.0390625 0.04609375
0 0.85546875 0.47890625 0.0296875 0.03359375
0 0.8453125 0.43984375 0.040625 0.05390625
0 0.61171875 0.075 0.0265625 0.025
0 0.8171875 0.54921875 0.028125 0.0375
0 0.8890625 0.93515625 0.0328125 0.04609375
0 0.97421875 0.79140625 0.0234375 0.04140625
0 0.8203125 0.72578125 0.028125 0.02734375
0 0.84296875 0.57734375 0.0265625 0.0375
0 0.69921875 0.85390625 0.03125 0.04765625
0 0.15234375 0.565625 0.028125 0.03984375
0 0.5453125 0.46328125 0.034375 0.05234375
0 0.29921875 0.24921875 0.0359375 0.05625
0 0.6375 0.51015625 0.025 0.03125
0 0.5859375 0.33203125 0.040625 0.05390625
0 0.571875 0.771875 0.0421875 0.05
0 0.98671875 0.728125 0.0265625 0.06015625
0 0.94453125 0.74609375 0.028125 0.0375
0 0.31171875 0.71171875 0.046875 0.05859375
0 0.84453125 0.47734375 0.0234375 0.03359375
0 0.20703125 0.01875 0.046875 0.0375
0 0.84140625 0.03828125 0.05 0.05859375
0 0.7125 0.19921875 0.01875 0.02734375
0 0.01796875 0.49296875 0.0359375 0.06484375
0 0.3265625 0.24765625 0.0265625 0.03125
0 0.54375 0.37890625 0.028125 0.04140625
0 0.47109375 0.715625 0.0328125 0.06015625
0 0.53359375 0.43984375 0.0375 0.05390625
2 0.4765625 0.8625 0.021875 0.03359375