0 0.02421875 0.275 0.034375 0.05625
0 0.05625 0.390625 0.028125 0.03359375
0 0.54609375 0.015625 0.040625 0.03125
0 0.54453125 0.27109375 0.0421875 0.05625
0 0.90078125 0.11171875 0.0328125 0.04765625
0 0.659375 0.33828125 0.0265625 0.03359375
0 0.61015625 0.45390625 0.0375 0.04375
0 0.54296875 0.459375 0.0359375 0.04140625
0 0.19375 0.40390625 0.0359375 0.04375
0 0.32421875 0.921875 0.0375 0.05390625
0 0.1125 0.09765625 0.0265625 0.0375
0 0.65859375 0.66796875 0.0296875 0.0375
0 0.7453125 0.65 0.0265625 0.03984375
0 0.646875 0.525 0.0390625 0.04765625
0 0.78203125 0.41953125 0.03125 0.03359375
0 0.853125 0.47890625 0.0296875 0.03359375
0 0.83359375 0.45546875 0.040625 0.05390625
0 0.60546875 0.07265625 0.0265625 0.025
0 0.8328125 0.72421875 0.0296875 0.03359375
0 0.86015625 0.9765625 0.0328125 0.046875
0 0.95078125 0.82890625 0.0234375 0.04140625
0 0.8203125 0.72578125 0.028125 0.02734375
0 0.82265625 0.5875 0.0265625 0.0375
0 0.675 0.859375 0.03125 0.04765625
0 0.13046875 0.56953125 0.028125 0.03984375
0 0.54375 0.46328125 0.034375 0.05234375
0 0.2796875 0.284375 0.0359375 0.05625
0 0.95859375 0.45703125 0.0203125 0.02734375
0 0.40546875 0.04921875 0.03125 0.04375
0 0.09921875 0.75390625 0.040625 0.04765625
0 0.640625 0.79140625 0.046875 0.05625
0 0.97734375 0.2 0.025 0.04375
0 0.4046875 0.9875 0.0375 0.025
0 0.32734375 0.84296875 0.0390625 0.05859375
0 0.72109375 0.86015625 0.0515625 0.07890625
0 0.15703125 0.121875 0.0453125 0.04609375
0 0.5734375 0.08125 0.0390625 0.04765625
0 0.68359375 0.23515625 0.01875 0.02734375
0 0.01328125 0.509375 0.0265625 0.05390625
0 0.29453125 0.28046875 0.0265625 0.03359375
0 0.54375 0.37890625 0.028125 0.04140625
0 0.47109375 0.715625 0.0328125 0.06015625
0 0.53203125 0.43984375 0.0375 0.05390625
2 0.4765625 0.8625 0.021875 0.03359375