0 0.05 0.24375 0.034375 0.05625
0 0.05625 0.390625 0.028125 0.03359375
0 0.496875 0.08359375 0.040625 0.05
0 0.5609375 0.234375 0.0453125 0.05859375
0 0.91875 0.11015625 0.0328125 0.04765625
0 0.66015625 0.328125 0.0265625 0.03359375
0 0.65234375 0.43828125 0.021875 0.03359375
0 0.55546875 0.46015625 0.0359375 0.04140625
0 0.19765625 0.403125 0.0359375 0.04375
0 0.30859375 0.90859375 0.04375 0.05625
0 0.675 0.13515625 0.0296875 0.03984375
0 0.3515625 0.26171875 0.0390625 0.04140625
0 0.6625 0.671875 0.0296875 0.0375
0 0.74453125 0.64921875 0.0265625 0.03984375
0 0.71015625 0.52578125 0.0375 0.04765625
0 0.8015625 0.390625 0.0390625 0.04609375
0 0.8546875 0.478125 0.0296875 0.03359375
0 0.8453125 0.43828125 0.040625 0.05390625
0 0.6109375 0.07578125 0.0265625 0.025
0 0.84296875 0.52578125 0.0265625 0.03515625
0 0.88984375 0.93125 0.0328125 0.04609375
0 0.975 0.78984375 0.0234375 0.04140625
0 0.8203125 0.72578125 0.028125 0.02734375
0 0.84375 0.57734375 0.0265625 0.0375
0 0.70078125 0.853125 0.03125 0.04765625
0 0.1546875 0.565625 0.028125 0.03984375
0 0.5453125 0.46328125 0.034375 0.05234375
0 0.3 0.24765625 0.0359375 0.05625
0 0.60703125 0.48046875 0.0234375 0.02734375
0 0.60234375 0.35 0.0328125 0.05390625
0 0.5890625 0.80234375 0.0421875 0.04765625
0 0.9734375 0.75546875 0.034375 0.05
0 0.94453125 0.71640625 0.028125 0.03515625
0 0.29765625 0.70546875 0.05 0.06484375
0 0.8609375 0.459375 0.0234375 0.03125
0 0.2 0.03984375 0.046875 0.06484375
0 0.7140625 0.196875 0.01875 0.02734375
0 0.01796875 0.49296875 0.0359375 0.06484375
0 0.328125 0.246875 0.028125 0.03125
0 0.54375 0.37890625 0.028125 0.04140625
0 0.47109375 0.715625 0.0328125 0.06015625
0 0.53359375 0.43984375 0.0375 0.05390625
2 0.4765625 0.8625 0.021875 0.03359375