0 0.03125 0.265625 0.034375 0.05625
0 0.05625 0.390625 0.028125 0.03359375
0 0.5296875 0.028125 0.040625 0.05625
0 0.54765625 0.271875 0.0421875 0.05625
0 0.903125 0.109375 0.0328125 0.04765625
0 0.66015625 0.33515625 0.0265625 0.03359375
0 0.621875 0.459375 0.0375 0.04375
0 0.54375 0.45703125 0.0359375 0.04140625
0 0.1953125 0.403125 0.0359375 0.04375
0 0.31796875 0.88984375 0.0453125 0.06015625
0 0.2046875 0.04375 0.0453125 0.05234375
0 0.65859375 0.66875 0.0296875 0.0375
0 0.7453125 0.65 0.0265625 0.03984375
0 0.665625 0.5375 0.0390625 0.04765625
0 0.7921875 0.41484375 0.03125 0.03359375
0 0.85390625 0.478125 0.0296875 0.03125
0 0.84140625 0.45078125 0.040625 0.05390625
0 0.60703125 0.07265625 0.0265625 0.025
0 0.840625 0.6875 0.034375 0.04375
0 0.8625 0.96796875 0.0328125 0.04609375
0 0.95625 0.81953125 0.0234375 0.04140625
0 0.8203125 0.72578125 0.028125 0.02734375
0 0.82890625 0.58046875 0.0265625 0.0375
0 0.678125 0.85859375 0.03125 0.04765625
0 0.13515625 0.56796875 0.028125 0.03984375
0 0.54375 0.46328125 0.034375 0.05234375
0 0.2828125 0.275 0.0359375 0.05625
0 0.84453125 0.44453125 0.021875 0.02734375
0 0.44296875 0.12734375 0.0390625 0.05234375
0 0.23203125 0.653125 0.046875 0.05390625
0 0.815625 0.99453125 0.01875 0.01015625
0 0.54765625 0.709375 0.046875 0.05625
0 0.84765625 0.8625 0.028125 0.0375
0 0.9828125 0.19375 0.025 0.04375
0 0.34375 0.94609375 0.0484375 0.06015625
0 0.0625 0.04375 0.0453125 0.05234375
0 0.54140625 0.02578125 0.0359375 0.04609375
0 0.69140625 0.22421875 0.01875 0.02734375
0 0.01328125 0.50390625 0.0265625 0.05390625
0 0.30703125 0.27265625 0.0265625 0.03359375
0 0.54375 0.37890625 0.028125 0.04140625
0 0.47109375 0.715625 0.0328125 0.06015625
0 0.5328125 0.43984375 0.0375 0.05390625
2 0.4765625 0.8625 0.021875 0.03359375