0 0.02265625 0.27890625 0.034375 0.05625
0 0.05625 0.390625 0.028125 0.03359375
0 0.54453125 0.271875 0.0421875 0.05625
0 0.89921875 0.11171875 0.03125 0.04765625
0 0.65859375 0.33984375 0.0265625 0.03359375
0 0.60625 0.44921875 0.0375 0.04375
0 0.54296875 0.459375 0.0359375 0.04140625
0 0.19375 0.40390625 0.0359375 0.04375
0 0.33671875 0.92734375 0.0390625 0.05390625
0 0.0859375 0.05234375 0.028125 0.03515625
0 0.65859375 0.66796875 0.0296875 0.0375
0 0.7453125 0.65 0.0265625 0.03984375
0 0.64296875 0.521875 0.0390625 0.04765625
0 0.7828125 0.42421875 0.03125 0.03359375
0 0.853125 0.478125 0.0296875 0.03359375
0 0.83046875 0.45625 0.040625 0.05390625
0 0.6046875 0.07265625 0.0265625 0.025
0 0.8328125 0.73984375 0.03125 0.04375
0 0.8578125 0.97890625 0.0328125 0.04140625
0 0.95 0.83046875 0.0234375 0.04140625
0 0.8203125 0.72578125 0.028125 0.02734375
0 0.82265625 0.58828125 0.0265625 0.0375
0 0.675 0.859375 0.03125 0.04765625
0 0.12890625 0.57109375 0.028125 0.03984375
0 0.54375 0.46328125 0.034375 0.05234375
0 0.27734375 0.2875 0.0359375 0.05625
0 0.98125 0.49453125 0.0203125 0.03125
0 0.396875 0.03671875 0.03125 0.04140625
0 0.11171875 0.821875 0.0390625 0.05625
0 0.66640625 0.81015625 0.046875 0.05625
0 0.97578125 0.203125 0.025 0.04375
0 0.38203125 0.94765625 0.0421875 0.05
0 0.315625 0.81640625 0.0390625 0.05859375
0 0.4984375 0.9890625 0.034375 0.021875
0 0.740625 0.803125 0.0515625 0.07890625
0 0.18125 0.14375 0.0484375 0.04765625
0 0.58515625 0.07578125 0.0421875 0.05234375
0 0.68203125 0.2375 0.01875 0.02734375
0 0.0125 0.509375 0.025 0.05390625
0 0.2921875 0.28125 0.0265625 0.03359375
0 0.54375 0.37890625 0.028125 0.04140625
0 0.47109375 0.715625 0.0328125 0.06015625
0 0.53203125 0.43984375 0.0375 0.05390625
2 0.4765625 0.8625 0.021875 0.03359375