0 0.0625 0.23359375 0.0328125 0.05390625
0 0.0578125 0.390625 0.028125 0.03359375
0 0.4296875 0.19140625 0.0421875 0.05625
0 0.5671875 0.22421875 0.0421875 0.05234375
0 0.884375 0.41796875 0.034375 0.03984375
0 0.9296875 0.11171875 0.0328125 0.04765625
0 0.66171875 0.32421875 0.0296875 0.03984375
0 0.659375 0.41953125 0.021875 0.03359375
0 0.5625 0.45703125 0.028125 0.04375
0 0.2015625 0.40625 0.0359375 0.04375
0 0.346875 0.90703125 0.04375 0.05625
0 0.371875 0.496875 0.0359375 0.03984375
0 0.47890625 0.49140625 0.025 0.03515625
0 0.66484375 0.67265625 0.0296875 0.0375
0 0.74609375 0.65078125 0.0265625 0.03984375
0 0.71953125 0.50078125 0.0296875 0.04375
0 0.82734375 0.390625 0.0234375 0.03125
0 0.853125 0.48046875 0.0296875 0.03359375
0 0.8578125 0.42578125 0.0359375 0.05390625
0 0.61171875 0.09375 0.0265625 0.03359375
0 0.83984375 0.41171875 0.01875 0.025
0 0.90078125 0.90546875 0.0328125 0.04609375
0 0.97890625 0.78984375 0.0234375 0.04140625
0 0.8203125 0.728125 0.028125 0.02734375
0 0.8609375 0.56484375 0.0265625 0.0375
0 0.70234375 0.85078125 0.03125 0.04765625
0 0.1640625 0.565625 0.028125 0.03984375
0 0.546875 0.46328125 0.034375 0.05234375
0 0.31015625 0.23671875 0.0390625 0.05625
0 0.353125 0.4375 0.04375 0.05
0 0.71953125 0.365625 0.021875 0.02734375
0 0.040625 0.534375 0.021875 0.03125
0 0.8109375 0.66640625 0.03125 0.04609375
0 0.96015625 0.30625 0.0234375 0.03984375
0 0.3109375 0.9 0.040625 0.05
0 0.08359375 0.9796875 0.0453125 0.040625
0 0.1875 0.02421875 0.0484375 0.04765625
0 0.02734375 0.565625 0.0390625 0.06875
0 0.48515625 0.99453125 0.0203125 0.01015625
0 0.71875 0.17890625 0.01875 0.02734375
0 0.02109375 0.48046875 0.0421875 0.06015625
0 0.340625 0.23046875 0.0296875 0.0375
0 0.54375 0.37890625 0.028125 0.04140625
0 0.47109375 0.715625 0.0328125 0.06015625
0 0.534375 0.43984375 0.0375 0.05390625
2 0.4765625 0.8625 0.021875 0.03359375