0 0.0546875 0.23828125 0.034375 0.05625
0 0.05546875 0.39296875 0.028125 0.03359375
0 0.45703125 0.14375 0.0390625 0.06640625
0 0.56484375 0.22734375 0.0453125 0.05390625
0 0.971875 0.47578125 0.028125 0.0375
0 0.92421875 0.11171875 0.0328125 0.04765625
0 0.66015625 0.32421875 0.0296875 0.03984375
0 0.65703125 0.43515625 0.021875 0.03359375
0 0.5578125 0.46171875 0.028125 0.04375
0 0.19765625 0.403125 0.0359375 0.04375
0 0.3265625 0.92109375 0.04375 0.05625
0 0.4859375 0.32421875 0.0375 0.03984375
0 0.45625 0.38203125 0.025 0.03125
0 0.6640625 0.67265625 0.0296875 0.0375
0 0.7453125 0.65 0.0265625 0.03984375
0 0.71796875 0.51484375 0.034375 0.04765625
0 0.8109375 0.39921875 0.025 0.03515625
0 0.853125 0.48046875 0.0296875 0.03359375
0 0.853125 0.428125 0.0390625 0.05390625
0 0.61171875 0.09140625 0.0265625 0.03359375
0 0.83046875 0.46484375 0.0203125 0.02734375
0 0.90078125 0.91640625 0.0328125 0.04609375
0 0.97734375 0.78828125 0.0234375 0.04140625
0 0.8203125 0.72734375 0.028125 0.02734375
0 0.85234375 0.57265625 0.0265625 0.0375
0 0.6953125 0.85078125 0.03125 0.04765625
0 0.1578125 0.565625 0.028125 0.03984375
0 0.54609375 0.46328125 0.034375 0.05234375
0 0.30625 0.24296875 0.0359375 0.05625
0 0.475 0.44375 0.040625 0.05390625
0 0.7140625 0.16875 0.01875 0.025
0 0.70234375 0.55234375 0.040625 0.05
0 0.81640625 0.93125 0.04375 0.05390625
0 0.83125 0.971875 0.0515625 0.05234375
0 0.959375 0.49140625 0.028125 0.03515625
0 0.09921875 0.92109375 0.0375 0.04375
0 0.1828125 0.84453125 0.04375 0.05234375
0 0.00859375 0.11796875 0.0171875 0.05625
0 0.11015625 0.92734375 0.0421875 0.05859375
0 0.9640625 0.309375 0.028125 0.03125
0 0.109375 0.33203125 0.0453125 0.07109375
0 0.7140625 0.17265625 0.01875 0.02734375
0 0.0203125 0.48359375 0.040625 0.0625
0 0.3359375 0.23671875 0.0296875 0.0375
0 0.54375 0.37890625 0.028125 0.04140625
0 0.47109375 0.715625 0.0328125 0.06015625
0 0.534375 0.43984375 0.0375 0.05390625
2 0.4765625 0.8625 0.021875 0.03359375