0 0.01796875 0.28828125 0.0328125 0.05625
0 0.05625 0.390625 0.028125 0.03359375
0 0.534375 0.27578125 0.0421875 0.05625
0 0.8921875 0.1125 0.028125 0.04609375
0 0.659375 0.34375 0.0265625 0.03359375
0 0.596875 0.43125 0.0375 0.04375
0 0.5421875 0.46015625 0.0359375 0.04140625
0 0.19296875 0.40625 0.0359375 0.04375
0 0.36171875 0.971875 0.0390625 0.05390625
0 0.040625 0.05078125 0.0328125 0.0375
0 0.65859375 0.66796875 0.0296875 0.0375
0 0.74609375 0.65078125 0.0265625 0.03984375
0 0.62265625 0.50703125 0.0390625 0.04765625
0 0.77890625 0.43203125 0.03125 0.03359375
0 0.85546875 0.47890625 0.0296875 0.03359375
0 0.8265625 0.46171875 0.040625 0.05390625
0 0.603125 0.07265625 0.0265625 0.025
0 0.83515625 0.78203125 0.034375 0.04609375
0 0.84921875 0.9859375 0.0328125 0.028125
0 0.94375 0.8375 0.0234375 0.04140625
0 0.8203125 0.72578125 0.028125 0.02734375
0 0.8171875 0.59375 0.0265625 0.0375
0 0.65859375 0.8625 0.0375 0.05390625
0 0.11875 0.575 0.028125 0.03984375
0 0.54375 0.46328125 0.034375 0.05234375
0 0.26796875 0.29765625 0.0359375 0.05625
0 0.76640625 0.85703125 0.0375 0.04375
0 0.96875 0.21171875 0.025 0.04375
0 0.40078125 0.74765625 0.0453125 0.0625
0 0.23203125 0.75625 0.04375 0.05859375
0 0.55234375 0.90390625 0.0359375 0.04140625
0 0.80703125 0.60078125 0.0484375 0.075
0 0.15546875 0.58359375 0.053125 0.05859375
0 0.26484375 0.22109375 0.0484375 0.04765625
0 0.6140625 0.11328125 0.034375 0.05
0 0.41484375 0.05 0.0234375 0.03359375
0 0.5515625 0.0125 0.0375 0.025
0 0.6734375 0.24609375 0.01875 0.02734375
0 0.009375 0.50703125 0.01875 0.04140625
0 0.2828125 0.28828125 0.0265625 0.03359375
0 0.54375 0.37890625 0.028125 0.04140625
0 0.47109375 0.715625 0.0328125 0.06015625
0 0.53203125 0.43984375 0.0375 0.05390625
2 0.4765625 0.8625 0.021875 0.03359375