0 0.0140625 0.290625 0.028125 0.05625
0 0.05625 0.39140625 0.028125 0.03359375
0 0.5296875 0.27734375 0.0421875 0.05625
0 0.88828125 0.1125 0.028125 0.04375
0 0.65859375 0.34375 0.0265625 0.03359375
0 0.5875 0.41328125 0.0375 0.04375
0 0.5421875 0.46171875 0.0359375 0.04140625
0 0.19296875 0.40703125 0.0359375 0.04375
0 0.35859375 0.98203125 0.0375 0.03515625
0 0.0078125 0.075 0.015625 0.04609375
0 0.65859375 0.66640625 0.0296875 0.0375
0 0.74609375 0.65078125 0.0265625 0.03984375
0 0.60625 0.48515625 0.0390625 0.04765625
0 0.778125 0.43828125 0.03125 0.03359375
0 0.85546875 0.48125 0.0296875 0.03359375
0 0.82578125 0.46640625 0.040625 0.05390625
0 0.60078125 0.075 0.0265625 0.025
0 0.83984375 0.81875 0.0234375 0.03359375
0 0.84609375 0.990625 0.0328125 0.01875
0 0.9390625 0.84296875 0.0234375 0.04140625
0 0.8203125 0.72578125 0.028125 0.02734375
0 0.815625 0.59609375 0.0265625 0.0375
0 0.6546875 0.859375 0.0375 0.05390625
0 0.109375 0.578125 0.028125 0.03984375
0 0.54375 0.46328125 0.034375 0.05234375
0 0.2609375 0.303125 0.0359375 0.05625
0 0.83515625 0.90859375 0.040625 0.05
0 0.96328125 0.21328125 0.025 0.04375
0 0.39453125 0.61640625 0.0453125 0.0625
0 0.1640625 0.73984375 0.04375 0.05859375
0 0.6046875 0.84375 0.0359375 0.04140625
0 0.85234375 0.45390625 0.0484375 0.06875
0 0.25546875 0.47890625 0.0453125 0.06015625
0 0.32734375 0.278125 0.0453125 0.04765625
0 0.6375 0.12734375 0.034375 0.04609375
0 0.3765625 0.10625 0.025 0.04140625
0 0.97578125 0.115625 0.03125 0.05234375
0 0.66640625 0.25390625 0.01875 0.02734375
0 0.0078125 0.509375 0.015625 0.04375
0 0.278125 0.29296875 0.0265625 0.03359375
0 0.54375 0.37890625 0.028125 0.04140625
0 0.47109375 0.715625 0.0328125 0.06015625
0 0.53125 0.43984375 0.0375 0.05390625
2 0.4765625 0.8625 0.021875 0.03359375
0 0.7234375 0.96796875 0.040625 0.05390625
0 0.059375 0.10703125 0.0421875 0.05859375