0 0.08671875 0.21875 0.03125 0.05390625
0 0.06484375 0.36953125 0.0265625 0.02890625
0 0.4140625 0.28359375 0.0390625 0.04609375
0 0.76484375 0.18125 0.0390625 0.04609375
0 0.57578125 0.21640625 0.040625 0.04765625
0 0.6859375 0.17578125 0.0359375 0.03984375
0 0.94765625 0.01953125 0.0234375 0.02890625
0 0.940625 0.10546875 0.0328125 0.04765625
0 0.66328125 0.32421875 0.0296875 0.03984375
0 0.66328125 0.38671875 0.021875 0.03359375
0 0.5734375 0.44296875 0.028125 0.04375
0 0.184375 0.22890625 0.04375 0.05859375
0 0.18515625 0.62890625 0.034375 0.04609375
0 0.2015625 0.41015625 0.034375 0.03984375
0 0.3265625 0.84921875 0.04375 0.05625
0 0.278125 0.78828125 0.025 0.04375
0 0.47109375 0.94453125 0.0359375 0.05234375
0 0.6546875 0.728125 0.03125 0.04375
0 0.66484375 0.67578125 0.0296875 0.0375
0 0.74765625 0.653125 0.0265625 0.03984375
0 0.72578125 0.47421875 0.0265625 0.04140625
0 0.76328125 0.6125 0.0375 0.05
0 0.84453125 0.36328125 0.028125 0.0375
0 0.85390625 0.478125 0.0296875 0.03359375
0 0.8609375 0.42421875 0.0359375 0.05390625
0 0.6140625 0.09609375 0.0265625 0.03359375
0 0.821875 0.25390625 0.025 0.03359375
0 0.9046875 0.87734375 0.0328125 0.04609375
0 0.98984375 0.990625 0.0171875 0.01875
0 0.9828125 0.78046875 0.0234375 0.04140625
0 0.82109375 0.73125 0.028125 0.02734375
0 0.80703125 0.88515625 0.0328125 0.04375
0 0.871875 0.55703125 0.0265625 0.0375
0 0.7015625 0.846875 0.03125 0.04765625
0 0.175 0.56328125 0.028125 0.03984375
0 0.7015625 0.47265625 0.0421875 0.05859375
0 0.55078125 0.465625 0.034375 0.05234375
0 0.31640625 0.21953125 0.028125 0.04140625
0 0.07109375 0.590625 0.0359375 0.04375
0 0.8921875 0.81171875 0.0203125 0.025
0 0.95390625 0.9375 0.0296875 0.0375
0 0.0296875 0.053125 0.0203125 0.02734375
0 0.7359375 0.159375 0.01875 0.02734375
0 0.025 0.45 0.0453125 0.06015625
0 0.34609375 0.20703125 0.0296875 0.0375
0 0.54375 0.37890625 0.028125 0.04140625
0 0.47109375 0.715625 0.0328125 0.06015625
0 0.5359375 0.43984375 0.0375 0.05390625
2 0.4765625 0.8625 0.021875 0.03359375