0 0.053125 0.23828125 0.034375 0.05625
0 0.05625 0.390625 0.028125 0.03359375
0 0.47578125 0.11015625 0.0453125 0.05234375
0 0.5625 0.23046875 0.0453125 0.05390625
0 0.9203125 0.11015625 0.0328125 0.04765625
0 0.66015625 0.32578125 0.028125 0.03515625
0 0.65234375 0.43515625 0.021875 0.03359375
0 0.56015625 0.46484375 0.0328125 0.0375
0 0.19765625 0.403125 0.0359375 0.04375
0 0.3109375 0.90703125 0.04375 0.05625
0 0.5796875 0.21328125 0.0375 0.04609375
0 0.3984375 0.26796875 0.0234375 0.03515625
0 0.66328125 0.671875 0.0296875 0.0375
0 0.74453125 0.64921875 0.0265625 0.03984375
0 0.7125 0.52109375 0.034375 0.04765625
0 0.80390625 0.390625 0.0359375 0.04375
0 0.85390625 0.47734375 0.0296875 0.03359375
0 0.8484375 0.43203125 0.040625 0.05390625
0 0.6109375 0.08359375 0.0265625 0.02890625
0 0.8234375 0.49140625 0.0234375 0.02890625
0 0.89765625 0.92109375 0.0328125 0.04609375
0 0.9765625 0.7875 0.0234375 0.04140625
0 0.8203125 0.72578125 0.028125 0.02734375
0 0.84765625 0.57421875 0.0265625 0.0375
0 0.69453125 0.853125 0.03125 0.04765625
0 0.15546875 0.565625 0.028125 0.03984375
0 0.5453125 0.46328125 0.034375 0.05234375
0 0.30234375 0.24609375 0.0359375 0.05625
0 0.55 0.465625 0.0234375 0.02734375
0 0.6625 0.01875 0.0203125 0.03125
0 0.62734375 0.45 0.03125 0.03984375
0 0.690625 0.85703125 0.0421875 0.05390625
0 0.90078125 0.853125 0.0453125 0.05859375
0 0.946875 0.60859375 0.028125 0.03515625
0 0.22890625 0.72734375 0.046875 0.05859375
0 0.02109375 0.88125 0.040625 0.05859375
0 0.903125 0.39765625 0.025 0.03515625
0 0.16328125 0.17109375 0.046875 0.07109375
0 0.7171875 0.18671875 0.01875 0.02734375
0 0.01875 0.48828125 0.0375 0.06640625
0 0.33203125 0.240625 0.0296875 0.03515625
0 0.54375 0.37890625 0.028125 0.04140625
0 0.47109375 0.715625 0.0328125 0.06015625
0 0.53359375 0.43984375 0.0375 0.05390625
2 0.4765625 0.8625 0.021875 0.03359375