0 0.028125 0.26875 0.034375 0.05625
0 0.05625 0.390625 0.028125 0.03359375
0 0.53359375 0.021875 0.040625 0.04375
0 0.54765625 0.26953125 0.0421875 0.05625
0 0.90234375 0.11015625 0.0328125 0.04765625
0 0.66015625 0.3375 0.0265625 0.03359375
0 0.61796875 0.45859375 0.0375 0.04375
0 0.54375 0.45859375 0.0359375 0.04140625
0 0.19453125 0.403125 0.0359375 0.04375
0 0.32265625 0.89921875 0.0421875 0.05859375
0 0.16953125 0.07109375 0.0359375 0.04140625
0 0.65859375 0.66875 0.0296875 0.0375
0 0.7453125 0.65 0.0265625 0.03984375
0 0.6578125 0.53203125 0.0390625 0.04765625
0 0.77734375 0.40546875 0.03125 0.03359375
0 0.85390625 0.47890625 0.0296875 0.03359375
0 0.840625 0.45234375 0.040625 0.05390625
0 0.60625 0.07265625 0.0265625 0.025
0 0.84296875 0.70703125 0.0296875 0.03984375
0 0.86015625 0.97265625 0.0328125 0.04609375
0 0.9546875 0.82421875 0.0234375 0.04140625
0 0.8203125 0.72578125 0.028125 0.02734375
0 0.82421875 0.58125 0.0265625 0.0375
0 0.675 0.859375 0.03125 0.04765625
0 0.13359375 0.56875 0.028125 0.03984375
0 0.54375 0.46328125 0.034375 0.05234375
0 0.28125 0.278125 0.0359375 0.05625
0 0.8828125 0.46953125 0.01875 0.02734375
0 0.42578125 0.09921875 0.03125 0.04765625
0 0.17578125 0.68046875 0.0453125 0.05390625
0 0.5875 0.74296875 0.046875 0.05625
0 0.8734375 0.92734375 0.025 0.03515625
0 0.9796875 0.196875 0.025 0.04375
0 0.3484375 0.90625 0.03125 0.05859375
0 0.69296875 0.98203125 0.0390625 0.03515625
0 0.09765625 0.07421875 0.0453125 0.05234375
0 0.5609375 0.04765625 0.0390625 0.04765625
0 0.6875 0.22890625 0.01875 0.02734375
0 0.01328125 0.50703125 0.0265625 0.05390625
0 0.3015625 0.27578125 0.0265625 0.03359375
0 0.54375 0.37890625 0.028125 0.04140625
0 0.47109375 0.715625 0.0328125 0.06015625
0 0.5328125 0.43984375 0.0375 0.05390625
2 0.4765625 0.8625 0.021875 0.03359375