0 0.04921875 0.24609375 0.034375 0.05625
0 0.05625 0.390625 0.028125 0.03359375
0 0.5046875 0.08046875 0.040625 0.05
0 0.5609375 0.234375 0.0453125 0.05859375
0 0.9171875 0.11015625 0.0328125 0.04765625
0 0.66015625 0.328125 0.0265625 0.03359375
0 0.6515625 0.43984375 0.021875 0.03359375
0 0.55078125 0.45390625 0.0359375 0.04140625
0 0.19765625 0.403125 0.0359375 0.04375
0 0.31171875 0.90625 0.0453125 0.05859375
0 0.69296875 0.121875 0.034375 0.04609375
0 0.33828125 0.22421875 0.0359375 0.03984375
0 0.6625 0.671875 0.0296875 0.0375
0 0.74453125 0.64921875 0.0265625 0.03984375
0 0.70859375 0.528125 0.0375 0.04765625
0 0.8015625 0.390625 0.0390625 0.04609375
0 0.8546875 0.478125 0.0296875 0.03359375
0 0.8453125 0.43984375 0.040625 0.05390625
0 0.61171875 0.075 0.0265625 0.025
0 0.8171875 0.540625 0.0328125 0.03984375
0 0.8890625 0.934375 0.0328125 0.04609375
0 0.97421875 0.79140625 0.0234375 0.04140625
0 0.8203125 0.72578125 0.028125 0.02734375
0 0.84296875 0.57734375 0.0265625 0.0375
0 0.69921875 0.85390625 0.03125 0.04765625
0 0.153125 0.565625 0.028125 0.03984375
0 0.5453125 0.46328125 0.034375 0.05234375
0 0.29921875 0.24921875 0.0359375 0.05625
0 0.62265625 0.51796875 0.0234375 0.02890625
0 0.58359375 0.34453125 0.0390625 0.04765625
0 0.57734375 0.78828125 0.0421875 0.05
0 0.9859375 0.73984375 0.028125 0.0625
0 0.9390625 0.7375 0.028125 0.0375
0 0.30625 0.71484375 0.0484375 0.06015625
0 0.84609375 0.465625 0.0234375 0.03125
0 0.2046875 0.02265625 0.046875 0.0453125
0 0.83515625 0.02890625 0.0453125 0.04609375
0 0.7125 0.19921875 0.01875 0.02734375
0 0.01796875 0.49296875 0.0359375 0.06484375
0 0.32734375 0.24765625 0.028125 0.03125
0 0.54375 0.37890625 0.028125 0.04140625
0 0.47109375 0.715625 0.0328125 0.06015625
0 0.53359375 0.43984375 0.0375 0.05390625
2 0.4765625 0.8625 0.021875 0.03359375