0 0.0796875 0.225 0.03125 0.05390625
0 0.059375 0.38125 0.028125 0.03125
0 0.4265625 0.265625 0.034375 0.05625
0 0.92734375 0.253125 0.0421875 0.04609375
0 0.5734375 0.21953125 0.040625 0.04765625
0 0.73125 0.26640625 0.03125 0.04140625
0 0.9390625 0.109375 0.0328125 0.04765625
0 0.66328125 0.32421875 0.0296875 0.03984375
0 0.66015625 0.39765625 0.021875 0.03125
0 0.5703125 0.44921875 0.028125 0.04375
0 0.246875 0.0875 0.0359375 0.05
0 0.12109375 0.82734375 0.0203125 0.03359375
0 0.2015625 0.409375 0.034375 0.03984375
0 0.3375 0.85390625 0.04375 0.05625
0 0.31953125 0.696875 0.0359375 0.05390625
0 0.475 0.9625 0.0375 0.05625
0 0.60546875 0.6375 0.0390625 0.05234375
0 0.66484375 0.675 0.0296875 0.0375
0 0.74765625 0.653125 0.0265625 0.03984375
0 0.72265625 0.48359375 0.028125 0.04375
0 0.69765625 0.76640625 0.0421875 0.05859375
0 0.8375 0.37109375 0.028125 0.0375
0 0.85390625 0.47890625 0.0296875 0.03359375
0 0.859375 0.42578125 0.0359375 0.05390625
0 0.61171875 0.096875 0.0265625 0.03359375
0 0.84296875 0.2875 0.0265625 0.03359375
0 0.9 0.88359375 0.0328125 0.04609375
0 0.98046875 0.78359375 0.0234375 0.04140625
0 0.8203125 0.73046875 0.028125 0.02734375
0 0.865625 0.56171875 0.0265625 0.0375
0 0.6921875 0.853125 0.03125 0.04765625
0 0.1703125 0.56484375 0.028125 0.03984375
0 0.6875 0.246875 0.0421875 0.05859375
0 0.54921875 0.46484375 0.034375 0.05234375
0 0.3140625 0.225 0.028125 0.04140625
0 0.12890625 0.46640625 0.0171875 0.03359375
0 0.7859375 0.74140625 0.01875 0.025
0 0.06484375 0.20859375 0.021875 0.03125
0 0.01640625 0.98125 0.0265625 0.0375
0 0.72421875 0.16875 0.01875 0.02734375
0 0.0234375 0.46015625 0.04375 0.06015625
0 0.3421875 0.215625 0.0296875 0.0375
0 0.54375 0.37890625 0.028125 0.04140625
0 0.47109375 0.715625 0.0328125 0.06015625
0 0.53515625 0.43984375 0.0375 0.05390625
2 0.4765625 0.8625 0.021875 0.03359375