0 0.0796875 0.225 0.03125 0.05390625
0 0.06015625 0.38046875 0.028125 0.03125
0 0.42578125 0.265625 0.034375 0.05625
0 0.92265625 0.25390625 0.0421875 0.04609375
0 0.5734375 0.21953125 0.040625 0.04765625
0 0.7265625 0.26953125 0.034375 0.04140625
0 0.9390625 0.109375 0.0328125 0.04765625
0 0.66328125 0.32421875 0.0296875 0.03984375
0 0.6609375 0.39765625 0.021875 0.03125
0 0.5703125 0.44921875 0.028125 0.04375
0 0.2390625 0.08203125 0.028125 0.04375
0 0.1296875 0.82265625 0.0234375 0.03515625
0 0.2015625 0.409375 0.034375 0.03984375
0 0.3375 0.853125 0.04375 0.05625
0 0.32421875 0.70546875 0.0390625 0.05234375
0 0.47421875 0.9625 0.0390625 0.05625
0 0.60703125 0.64375 0.0359375 0.04765625
0 0.66484375 0.675 0.0296875 0.0375
0 0.74765625 0.653125 0.0265625 0.03984375
0 0.72265625 0.48203125 0.028125 0.04375
0 0.69921875 0.7625 0.040625 0.05625
0 0.83828125 0.37109375 0.028125 0.0375
0 0.85390625 0.47890625 0.0296875 0.03359375
0 0.86015625 0.425 0.0359375 0.05390625
0 0.61171875 0.096875 0.0265625 0.03359375
0 0.84296875 0.28359375 0.0265625 0.03359375
0 0.9 0.88359375 0.0328125 0.04609375
0 0.98125 0.78203125 0.0234375 0.04140625
0 0.8203125 0.73046875 0.028125 0.02734375
0 0.86640625 0.56015625 0.0265625 0.0375
0 0.69296875 0.853125 0.03125 0.04765625
0 0.1703125 0.56484375 0.028125 0.03984375
0 0.68828125 0.253125 0.0421875 0.05859375
0 0.54921875 0.46484375 0.034375 0.05234375
0 0.3140625 0.225 0.028125 0.04140625
0 0.13515625 0.471875 0.0203125 0.03125
0 0.7875 0.746875 0.01875 0.025
0 0.06640625 0.203125 0.021875 0.03125
0 0.01484375 0.9796875 0.0296875 0.040625
0 0.725 0.16796875 0.01875 0.02734375
0 0.0234375 0.46015625 0.04375 0.06015625
0 0.3421875 0.21484375 0.0296875 0.0375
0 0.54375 0.37890625 0.028125 0.04140625
0 0.47109375 0.715625 0.0328125 0.06015625
0 0.53515625 0.43984375 0.0375 0.05390625
2 0.4765625 0.8625 0.021875 0.03359375