0 0.08046875 0.22265625 0.03125 0.05390625
0 0.0609375 0.378125 0.028125 0.03125
0 0.41640625 0.26640625 0.0359375 0.05625
0 0.8890625 0.24375 0.0421875 0.04609375
0 0.5734375 0.21953125 0.040625 0.04765625
0 0.72109375 0.23984375 0.0359375 0.03984375
0 0.9796875 0.01953125 0.0328125 0.0375
0 0.9390625 0.10859375 0.0328125 0.04765625
0 0.66328125 0.32421875 0.0296875 0.03984375
0 0.6609375 0.39453125 0.021875 0.03125
0 0.57109375 0.44765625 0.028125 0.04375
0 0.23671875 0.12421875 0.0328125 0.04375
0 0.1484375 0.790625 0.021875 0.03125
0 0.2015625 0.409375 0.034375 0.03984375
0 0.33515625 0.859375 0.04375 0.05625
0 0.30546875 0.725 0.028125 0.03515625
0 0.46953125 0.9625 0.040625 0.05625
0 0.61328125 0.65546875 0.0234375 0.02890625
0 0.66484375 0.675 0.0296875 0.0375
0 0.74765625 0.653125 0.0265625 0.03984375
0 0.7234375 0.48046875 0.0265625 0.04375
0 0.7171875 0.73828125 0.0375 0.04140625
0 0.8390625 0.37109375 0.028125 0.0375
0 0.85390625 0.478125 0.0296875 0.03359375
0 0.86015625 0.425 0.0359375 0.05390625
0 0.61171875 0.09609375 0.0265625 0.03359375
0 0.83359375 0.275 0.025 0.03125
0 0.9 0.88125 0.0328125 0.04609375
0 0.98125 0.78203125 0.0234375 0.04140625
0 0.8203125 0.73046875 0.028125 0.02734375
0 0.8671875 0.56015625 0.0265625 0.0375
0 0.69453125 0.85078125 0.03125 0.04765625
0 0.171875 0.56484375 0.028125 0.03984375
0 0.7015625 0.29296875 0.0421875 0.05859375
0 0.55 0.465625 0.034375 0.05234375
0 0.31484375 0.22421875 0.028125 0.04140625
0 0.11171875 0.48515625 0.025 0.04140625
0 0.79140625 0.77734375 0.01875 0.02265625
0 0.05703125 0.175 0.021875 0.03125
0 0.7265625 0.16640625 0.01875 0.02734375
0 0.0234375 0.45859375 0.0453125 0.06015625
0 0.34296875 0.2125 0.0296875 0.0375
0 0.54375 0.37890625 0.028125 0.04140625
0 0.47109375 0.715625 0.0328125 0.06015625
0 0.53515625 0.43984375 0.0375 0.05390625
2 0.4765625 0.8625 0.021875 0.03359375