0 0.08125 0.221875 0.03125 0.05390625
0 0.06171875 0.37578125 0.0265625 0.03125
0 0.4109375 0.26953125 0.034375 0.05625
0 0.86015625 0.22265625 0.0421875 0.04609375
0 0.5734375 0.21953125 0.040625 0.04765625
0 0.7109375 0.24453125 0.025 0.03125
0 0.97109375 0.034375 0.0296875 0.03125
0 0.93828125 0.10703125 0.0328125 0.04765625
0 0.66328125 0.32421875 0.0296875 0.03984375
0 0.66171875 0.39140625 0.0203125 0.03125
0 0.571875 0.446875 0.028125 0.04375
0 0.22421875 0.14375 0.0375 0.04765625
0 0.16328125 0.75390625 0.0296875 0.0375
0 0.2015625 0.41015625 0.034375 0.03984375
0 0.33203125 0.86015625 0.04375 0.05625
0 0.2859375 0.74140625 0.03125 0.05
0 0.46875 0.95390625 0.0390625 0.05234375
0 0.6140625 0.68359375 0.0328125 0.04375
0 0.66484375 0.67578125 0.0296875 0.0375
0 0.74765625 0.653125 0.0265625 0.03984375
0 0.72421875 0.478125 0.0265625 0.04375
0 0.73046875 0.71015625 0.0359375 0.04375
0 0.83984375 0.37109375 0.028125 0.0375
0 0.85390625 0.478125 0.0296875 0.03359375
0 0.86015625 0.425 0.0359375 0.05390625
0 0.61171875 0.09609375 0.0265625 0.03359375
0 0.82109375 0.28828125 0.025 0.03359375
0 0.89921875 0.87890625 0.0328125 0.04609375
0 0.98515625 0.99453125 0.0171875 0.01015625
0 0.98125 0.78203125 0.0234375 0.04140625
0 0.82109375 0.73125 0.028125 0.02734375
0 0.8015625 0.98828125 0.0328125 0.02265625
0 0.86796875 0.559375 0.0265625 0.0375
0 0.696875 0.84921875 0.03125 0.04765625
0 0.17265625 0.56328125 0.028125 0.03984375
0 0.7015625 0.33203125 0.0421875 0.05859375
0 0.55 0.465625 0.034375 0.05234375
0 0.31484375 0.22265625 0.028125 0.04140625
0 0.096875 0.51171875 0.0265625 0.03515625
0 0.8125 0.78203125 0.01875 0.02265625
0 0.05234375 0.14609375 0.021875 0.02890625
0 0.98046875 0.02421875 0.021875 0.03515625
0 0.728125 0.165625 0.01875 0.02734375
0 0.0234375 0.45625 0.0453125 0.06015625
0 0.34296875 0.21171875 0.0296875 0.0375
0 0.54375 0.37890625 0.028125 0.04140625
0 0.47109375 0.715625 0.0328125 0.06015625
0 0.53515625 0.43984375 0.0375 0.05390625
2 0.4765625 0.8625 0.021875 0.03359375