0 0.02734375 0.26875 0.034375 0.05625
0 0.05625 0.390625 0.028125 0.03359375
0 0.5328125 0.01953125 0.040625 0.0390625
0 0.54765625 0.26953125 0.0421875 0.05625
0 0.90234375 0.11015625 0.0328125 0.04765625
0 0.66015625 0.3375 0.0265625 0.03359375
0 0.6171875 0.45703125 0.0375 0.04375
0 0.54375 0.45859375 0.0359375 0.04140625
0 0.19453125 0.403125 0.0359375 0.04375
0 0.325 0.9 0.0421875 0.05859375
0 0.16640625 0.07578125 0.0296875 0.03359375
0 0.65859375 0.66875 0.0296875 0.0375
0 0.7453125 0.65 0.0265625 0.03984375
0 0.65703125 0.53203125 0.0390625 0.04765625
0 0.778125 0.40625 0.03125 0.03359375
0 0.85390625 0.47890625 0.0296875 0.03359375
0 0.840625 0.45234375 0.040625 0.05390625
0 0.60625 0.07265625 0.0265625 0.025
0 0.8421875 0.70859375 0.0328125 0.04140625
0 0.86015625 0.97265625 0.0328125 0.04609375
0 0.95390625 0.82421875 0.0234375 0.04140625
0 0.8203125 0.72578125 0.028125 0.02734375
0 0.82421875 0.58125 0.0265625 0.0375
0 0.675 0.859375 0.03125 0.04765625
0 0.13359375 0.56875 0.028125 0.03984375
0 0.54375 0.46328125 0.034375 0.05234375
0 0.28125 0.27890625 0.0359375 0.05625
0 0.89609375 0.47734375 0.01875 0.025
0 0.4140625 0.10234375 0.03125 0.04609375
0 0.171875 0.67890625 0.046875 0.05390625
0 0.5921875 0.74140625 0.046875 0.05625
0 0.87109375 0.93671875 0.025 0.03515625
0 0.9796875 0.196875 0.025 0.04375
0 0.3546875 0.90078125 0.0375 0.0625
0 0.69453125 0.978125 0.0421875 0.04375
0 0.10234375 0.07734375 0.0453125 0.05234375
0 0.5640625 0.05078125 0.0390625 0.04765625
0 0.6875 0.23046875 0.01875 0.02734375
0 0.01328125 0.50703125 0.0265625 0.05390625
0 0.30078125 0.27578125 0.0265625 0.03359375
0 0.54375 0.37890625 0.028125 0.04140625
0 0.47109375 0.715625 0.0328125 0.06015625
0 0.5328125 0.43984375 0.0375 0.05390625
2 0.4765625 0.8625 0.021875 0.03359375