0 0.03828125 0.25703125 0.034375 0.05625
0 0.05625 0.38984375 0.028125 0.03359375
0 0.515625 0.0375 0.040625 0.05859375
0 0.54921875 0.25078125 0.0421875 0.05625
0 0.90703125 0.10859375 0.0328125 0.04765625
0 0.66015625 0.33203125 0.0265625 0.03359375
0 0.63125 0.45546875 0.0375 0.04375
0 0.54453125 0.45625 0.0359375 0.04140625
0 0.19609375 0.403125 0.0359375 0.04375
0 0.3046875 0.88984375 0.0453125 0.06015625
0 0.253125 0.1 0.04375 0.04765625
0 0.6609375 0.67109375 0.0296875 0.0375
0 0.7453125 0.65 0.0265625 0.03984375
0 0.684375 0.54140625 0.0390625 0.04765625
0 0.7953125 0.40546875 0.03125 0.03359375
0 0.85390625 0.47734375 0.0296875 0.02890625
0 0.8421875 0.44765625 0.040625 0.05390625
0 0.60859375 0.07265625 0.0265625 0.025
0 0.8453125 0.63984375 0.034375 0.04609375
0 0.87265625 0.95859375 0.0328125 0.04609375
0 0.96171875 0.80859375 0.0234375 0.04140625
0 0.8203125 0.72578125 0.028125 0.02734375
0 0.83671875 0.57265625 0.0265625 0.0375
0 0.68515625 0.85625 0.03125 0.04765625
0 0.140625 0.56640625 0.028125 0.03984375
0 0.54453125 0.46328125 0.034375 0.05234375
0 0.28671875 0.26640625 0.0359375 0.05625
0 0.73359375 0.44453125 0.0265625 0.0375
0 0.49921875 0.21484375 0.0265625 0.0375
0 0.38359375 0.66640625 0.0390625 0.0625
0 0.8890625 0.88515625 0.025 0.03125
0 0.4359375 0.68046875 0.04375 0.05859375
0 0.78203125 0.6875 0.03125 0.03984375
0 0.01953125 0.0625 0.0390625 0.05625
0 0.93203125 0.275 0.0375 0.04609375
0 0.990625 0.18515625 0.01875 0.04375
0 0.69921875 0.21484375 0.01875 0.02734375
0 0.01484375 0.5 0.0296875 0.06015625
0 0.31484375 0.26328125 0.0265625 0.03359375
0 0.54375 0.37890625 0.028125 0.04140625
0 0.47109375 0.715625 0.0328125 0.06015625
0 0.5328125 0.43984375 0.0375 0.05390625
2 0.4765625 0.8625 0.021875 0.03359375