0 0.05546875 0.23828125 0.034375 0.05625
0 0.0546875 0.39375 0.028125 0.03359375
0 0.46171875 0.15625 0.0421875 0.0625
0 0.56484375 0.22734375 0.0453125 0.05390625
0 0.96328125 0.46171875 0.0296875 0.03359375
0 0.925 0.11171875 0.0328125 0.04765625
0 0.66015625 0.32421875 0.0296875 0.03984375
0 0.6578125 0.434375 0.021875 0.03359375
0 0.5578125 0.46171875 0.028125 0.04375
0 0.19765625 0.403125 0.0359375 0.04375
0 0.3296875 0.921875 0.040625 0.05390625
0 0.46484375 0.33984375 0.034375 0.03984375
0 0.45859375 0.40078125 0.0359375 0.04609375
0 0.6640625 0.67265625 0.0296875 0.0375
0 0.7453125 0.65 0.0265625 0.03984375
0 0.71875 0.51328125 0.034375 0.04765625
0 0.809375 0.39921875 0.025 0.03515625
0 0.85234375 0.48046875 0.0296875 0.03359375
0 0.85390625 0.42734375 0.0390625 0.05390625
0 0.61171875 0.09296875 0.0265625 0.03359375
0 0.83359375 0.45625 0.0203125 0.03125
0 0.90078125 0.915625 0.0328125 0.04609375
0 0.97734375 0.78828125 0.0234375 0.04140625
0 0.8203125 0.72734375 0.028125 0.02734375
0 0.8546875 0.57265625 0.0265625 0.0375
0 0.696875 0.85078125 0.03125 0.04765625
0 0.15859375 0.565625 0.028125 0.03984375
0 0.54609375 0.46328125 0.034375 0.05234375
0 0.30703125 0.24296875 0.0359375 0.05625
0 0.46328125 0.45078125 0.0453125 0.05390625
0 0.70390625 0.196875 0.01875 0.025
0 0.7078125 0.57265625 0.03125 0.03984375
0 0.83046875 0.93046875 0.0484375 0.06875
0 0.9640625 0.47265625 0.028125 0.03515625
0 0.13984375 0.903125 0.040625 0.05
0 0.1671875 0.86484375 0.0453125 0.05390625
0 0.0203125 0.109375 0.040625 0.06015625
0 0.12265625 0.940625 0.046875 0.05859375
0 0.9828125 0.30546875 0.025 0.03359375
0 0.103125 0.3625 0.04375 0.07109375
0 0.71484375 0.18125 0.01875 0.02734375
0 0.0203125 0.48359375 0.040625 0.0625
0 0.33671875 0.23515625 0.0296875 0.0375
0 0.54375 0.37890625 0.028125 0.04140625
0 0.47109375 0.715625 0.0328125 0.06015625
0 0.534375 0.43984375 0.0375 0.05390625
2 0.4765625 0.8625 0.021875 0.03359375