0 0.0453125 0.25 0.034375 0.05625
0 0.05625 0.38984375 0.028125 0.03359375
0 0.50625 0.06171875 0.040625 0.05625
0 0.55546875 0.23984375 0.04375 0.06015625
0 0.91171875 0.10703125 0.0328125 0.04765625
0 0.66015625 0.33046875 0.0265625 0.03359375
0 0.65703125 0.440625 0.021875 0.03359375
0 0.55234375 0.44765625 0.0359375 0.04140625
0 0.19765625 0.403125 0.0359375 0.04375
0 0.303125 0.89609375 0.0453125 0.0625
0 0.771875 0.07890625 0.03125 0.04140625
0 0.303125 0.175 0.021875 0.03125
0 0.66171875 0.671875 0.0296875 0.0375
0 0.74453125 0.64921875 0.0265625 0.03984375
0 0.703125 0.53515625 0.0390625 0.04765625
0 0.7984375 0.39453125 0.0390625 0.04609375
0 0.8546875 0.47890625 0.0296875 0.03359375
0 0.84453125 0.44453125 0.040625 0.05390625
0 0.6125 0.07265625 0.0265625 0.025
0 0.83984375 0.59140625 0.0234375 0.03125
0 0.88359375 0.94453125 0.0328125 0.04609375
0 0.971875 0.796875 0.0234375 0.04140625
0 0.8203125 0.72578125 0.028125 0.02734375
0 0.83984375 0.57421875 0.0265625 0.0375
0 0.69296875 0.85546875 0.03125 0.04765625
0 0.146875 0.565625 0.028125 0.03984375
0 0.54453125 0.46328125 0.034375 0.05234375
0 0.29765625 0.25078125 0.0359375 0.05625
0 0.67265625 0.43515625 0.0171875 0.02734375
0 0.54921875 0.28828125 0.0375 0.05
0 0.49921875 0.71640625 0.0375 0.05859375
0 0.9265625 0.80859375 0.025 0.04609375
0 0.3671875 0.69296875 0.046875 0.05390625
0 0.80625 0.56796875 0.03125 0.05234375
0 0.859375 0.15546875 0.0359375 0.05625
0 0.99453125 0.178125 0.0109375 0.03984375
0 0.7078125 0.20234375 0.01875 0.02734375
0 0.01640625 0.49453125 0.0328125 0.06015625
0 0.321875 0.25546875 0.0265625 0.02890625
0 0.54375 0.37890625 0.028125 0.04140625
0 0.47109375 0.715625 0.0328125 0.06015625
0 0.53359375 0.43984375 0.0375 0.05390625
2 0.4765625 0.8625 0.021875 0.03359375