0 0.07890625 0.228125 0.03125 0.05390625
0 0.05859375 0.384375 0.028125 0.03359375
0 0.41953125 0.26171875 0.034375 0.05625
0 0.96640625 0.25546875 0.0390625 0.04609375
0 0.5734375 0.22109375 0.040625 0.05
0 0.74375 0.28984375 0.0359375 0.05
0 0.93984375 0.11171875 0.0328125 0.04765625
0 0.66328125 0.32421875 0.0296875 0.03984375
0 0.659375 0.40078125 0.0203125 0.02890625
0 0.5703125 0.44921875 0.028125 0.04375
0 0.2703125 0.046875 0.0359375 0.05
0 0.11796875 0.88125 0.0265625 0.03515625
0 0.2015625 0.40859375 0.034375 0.03984375
0 0.34140625 0.86015625 0.04375 0.05625
0 0.33125 0.653125 0.0390625 0.05234375
0 0.475 0.971875 0.0453125 0.05390625
0 0.56953125 0.62421875 0.04375 0.05390625
0 0.66484375 0.675 0.0296875 0.0375
0 0.74765625 0.653125 0.0265625 0.03984375
0 0.721875 0.48671875 0.0296875 0.04375
0 0.69375 0.81875 0.034375 0.0375
0 0.8375 0.37265625 0.028125 0.0375
0 0.85390625 0.47890625 0.0296875 0.03359375
0 0.859375 0.42578125 0.0359375 0.05390625
0 0.61171875 0.096875 0.0265625 0.03359375
0 0.840625 0.30078125 0.0265625 0.03359375
0 0.90078125 0.88671875 0.0328125 0.04609375
0 0.98046875 0.78359375 0.0234375 0.04140625
0 0.8203125 0.73046875 0.028125 0.02734375
0 0.86484375 0.5625 0.0265625 0.0375
0 0.68984375 0.85625 0.03125 0.04765625
0 0.16875 0.565625 0.028125 0.03984375
0 0.68359375 0.18828125 0.0421875 0.05859375
0 0.5484375 0.46328125 0.034375 0.05234375
0 0.3125 0.22734375 0.028125 0.04140625
0 0.15859375 0.446875 0.025 0.03359375
0 0.775 0.70859375 0.01875 0.025
0 0.0734375 0.24609375 0.021875 0.03125
0 0.98359375 0.940625 0.0265625 0.03359375
0 0.721875 0.171875 0.01875 0.02734375
0 0.0234375 0.4625 0.04375 0.06015625
0 0.3421875 0.21796875 0.0296875 0.0375
0 0.54375 0.37890625 0.028125 0.04140625
0 0.47109375 0.715625 0.0328125 0.06015625
0 0.53515625 0.43984375 0.0375 0.05390625
2 0.4765625 0.8625 0.021875 0.03359375