0 0.10234375 0.215625 0.03125 0.05390625
0 0.065625 0.3625 0.0265625 0.02890625
0 0.4109375 0.31328125 0.034375 0.05625
0 0.6625 0.14296875 0.040625 0.04609375
0 0.58046875 0.20859375 0.040625 0.04765625
0 0.65078125 0.12421875 0.034375 0.0375
0 0.92421875 0.04375 0.03125 0.04375
0 0.94453125 0.10390625 0.0328125 0.04765625
0 0.66328125 0.32421875 0.0296875 0.03984375
0 0.66640625 0.38046875 0.021875 0.03359375
0 0.575 0.4375 0.028125 0.04375
0 0.11015625 0.24921875 0.0375 0.04765625
0 0.18515625 0.51015625 0.03125 0.03984375
0 0.20234375 0.409375 0.0328125 0.03984375
0 0.32109375 0.86640625 0.04375 0.05625
0 0.22890625 0.896875 0.0421875 0.04375
0 0.47578125 0.91796875 0.0296875 0.0375
0 0.6171875 0.76953125 0.0296875 0.04140625
0 0.66484375 0.67734375 0.0296875 0.0375
0 0.74765625 0.65234375 0.0265625 0.03984375
0 0.7296875 0.46796875 0.0265625 0.0375
0 0.78828125 0.51796875 0.0390625 0.05234375
0 0.84453125 0.35859375 0.028125 0.0375
0 0.85234375 0.48046875 0.0296875 0.03359375
0 0.8609375 0.421875 0.0359375 0.05390625
0 0.6171875 0.09453125 0.0265625 0.03359375
0 0.80625 0.23046875 0.0234375 0.03359375
0 0.9078125 0.87109375 0.0328125 0.04609375
0 0.9921875 0.9859375 0.015625 0.028125
0 0.984375 0.77578125 0.0234375 0.04140625
0 0.821875 0.73203125 0.028125 0.02734375
0 0.79921875 0.74765625 0.0328125 0.04375
0 0.87578125 0.553125 0.0265625 0.0375
0 0.7046875 0.846875 0.03125 0.04765625
0 0.17890625 0.56328125 0.028125 0.03984375
0 0.6625 0.61015625 0.0421875 0.05859375
0 0.55078125 0.465625 0.034375 0.05234375
0 0.31875 0.2125 0.028125 0.04140625
0 0.00703125 0.6125 0.0140625 0.02890625
0 0.975 0.83125 0.01875 0.02265625
0 0.73671875 0.15546875 0.01875 0.02734375
0 0.0265625 0.44296875 0.0453125 0.06015625
0 0.35 0.203125 0.0296875 0.0375
0 0.54375 0.37890625 0.028125 0.04140625
0 0.47109375 0.715625 0.0328125 0.06015625
0 0.5359375 0.43984375 0.0375 0.05390625
2 0.4765625 0.8625 0.021875 0.03359375