0 0.0578125 0.23671875 0.034375 0.05625
0 0.05625 0.39296875 0.028125 0.03359375
0 0.453125 0.165625 0.0484375 0.05859375
0 0.565625 0.225 0.04375 0.05
0 0.94453125 0.428125 0.0328125 0.03984375
0 0.9265625 0.11171875 0.0328125 0.04765625
0 0.6609375 0.32421875 0.0296875 0.03984375
0 0.6578125 0.42890625 0.021875 0.03359375
0 0.559375 0.46015625 0.028125 0.04375
0 0.19921875 0.40390625 0.0359375 0.04375
0 0.33515625 0.91640625 0.04375 0.05625
0 0.4296875 0.38203125 0.0375 0.04375
0 0.48984375 0.43125 0.0328125 0.04609375
0 0.6640625 0.67265625 0.0296875 0.0375
0 0.7453125 0.65 0.0265625 0.03984375
0 0.7203125 0.509375 0.034375 0.04765625
0 0.81171875 0.39453125 0.03125 0.04140625
0 0.85234375 0.48125 0.0296875 0.03359375
0 0.85546875 0.42578125 0.0375 0.05390625
0 0.61171875 0.09296875 0.0265625 0.03359375
0 0.84375 0.43515625 0.0203125 0.02890625
0 0.90078125 0.91484375 0.0328125 0.04609375
0 0.978125 0.78828125 0.0234375 0.04140625
0 0.8203125 0.72734375 0.028125 0.02734375
0 0.85703125 0.57109375 0.0265625 0.0375
0 0.6984375 0.85078125 0.03125 0.04765625
0 0.1609375 0.565625 0.028125 0.03984375
0 0.54609375 0.46328125 0.034375 0.05234375
0 0.3078125 0.240625 0.0375 0.05625
0 0.41953125 0.45078125 0.0375 0.05390625
0 0.7109375 0.246875 0.01875 0.02734375
0 0.740625 0.61171875 0.0375 0.05234375
0 0.87734375 0.94140625 0.04375 0.05859375
0 0.96015625 0.43046875 0.028125 0.04140625
0 0.190625 0.903125 0.040625 0.05
0 0.15546875 0.91484375 0.046875 0.05625
0 0.0625 0.084375 0.046875 0.06015625
0 0.16171875 0.97265625 0.0421875 0.05234375
0 0.07578125 0.425 0.0453125 0.07109375
0 0.00390625 0.64765625 0.0078125 0.03125
0 0.715625 0.18203125 0.01875 0.02734375
0 0.02109375 0.48203125 0.0421875 0.06015625
0 0.3375 0.234375 0.0296875 0.0375
0 0.54375 0.37890625 0.028125 0.04140625
0 0.47109375 0.715625 0.0328125 0.06015625
0 0.534375 0.43984375 0.0375 0.05390625
2 0.4765625 0.8625 0.021875 0.03359375