0 0.0890625 0.21875 0.03125 0.05390625
0 0.06484375 0.36796875 0.0265625 0.02890625
0 0.40703125 0.29140625 0.0375 0.05234375
0 0.746875 0.165625 0.0390625 0.04609375
0 0.5765625 0.215625 0.040625 0.04765625
0 0.66875 0.18125 0.025 0.03984375
0 0.9375 0.01875 0.0234375 0.025
0 0.94140625 0.10546875 0.0328125 0.04765625
0 0.66328125 0.32421875 0.0296875 0.03984375
0 0.6640625 0.38515625 0.021875 0.03359375
0 0.57421875 0.44140625 0.028125 0.04375
0 0.1703125 0.23671875 0.04375 0.05859375
0 0.1875 0.6 0.03125 0.04140625
0 0.2015625 0.409375 0.034375 0.03984375
0 0.32578125 0.859375 0.04375 0.05625
0 0.26484375 0.809375 0.0359375 0.04375
0 0.4640625 0.94375 0.034375 0.05
0 0.6515625 0.73671875 0.028125 0.04375
0 0.66484375 0.67578125 0.0296875 0.0375
0 0.74765625 0.653125 0.0265625 0.03984375
0 0.7265625 0.47265625 0.0265625 0.03984375
0 0.77578125 0.59140625 0.0390625 0.05234375
0 0.84453125 0.36171875 0.028125 0.0375
0 0.853125 0.478125 0.0296875 0.03359375
0 0.8609375 0.42265625 0.0359375 0.05390625
0 0.61484375 0.09609375 0.0265625 0.03359375
0 0.81640625 0.24765625 0.025 0.03359375
0 0.90546875 0.87578125 0.0328125 0.04609375
0 0.9921875 0.9890625 0.015625 0.021875
0 0.98359375 0.77890625 0.0234375 0.04140625
0 0.82109375 0.73125 0.028125 0.02734375
0 0.79765625 0.83984375 0.0328125 0.04375
0 0.8734375 0.55625 0.0265625 0.0375
0 0.70234375 0.846875 0.03125 0.04765625
0 0.17578125 0.56328125 0.028125 0.03984375
0 0.69140625 0.51015625 0.0421875 0.05859375
0 0.55078125 0.465625 0.034375 0.05234375
0 0.3171875 0.21875 0.028125 0.04140625
0 0.05625 0.59453125 0.0328125 0.0375
0 0.91171875 0.81875 0.0203125 0.025
0 0.98125 0.93515625 0.0234375 0.03359375
0 0.0171875 0.040625 0.01875 0.03125
0 0.7375 0.15703125 0.01875 0.02734375
0 0.0265625 0.44765625 0.0453125 0.06015625
0 0.346875 0.20625 0.0296875 0.0375
0 0.54375 0.37890625 0.028125 0.04140625
0 0.47109375 0.715625 0.0328125 0.06015625
0 0.5359375 0.43984375 0.0375 0.05390625
2 0.4765625 0.8625 0.021875 0.03359375