0 0.09765625 0.21953125 0.03125 0.05390625
0 0.06484375 0.365625 0.0265625 0.02890625
0 0.40234375 0.28828125 0.0359375 0.05625
0 0.7203125 0.15859375 0.04375 0.05234375
0 0.57734375 0.2125 0.040625 0.04765625
0 0.67109375 0.153125 0.034375 0.03984375
0 0.9296875 0.01796875 0.0234375 0.03125
0 0.9421875 0.10546875 0.0328125 0.04765625
0 0.66328125 0.32421875 0.0296875 0.03984375
0 0.66484375 0.384375 0.021875 0.03359375
0 0.57421875 0.440625 0.028125 0.04375
0 0.1484375 0.23515625 0.04375 0.05859375
0 0.18828125 0.57578125 0.03125 0.04140625
0 0.2015625 0.40859375 0.034375 0.03984375
0 0.325 0.86875 0.04375 0.05625
0 0.2515625 0.83828125 0.0390625 0.04765625
0 0.47109375 0.93125 0.0328125 0.04765625
0 0.64296875 0.7375 0.0265625 0.03515625
0 0.66484375 0.67578125 0.0296875 0.0375
0 0.74765625 0.653125 0.0265625 0.03984375
0 0.728125 0.471875 0.0265625 0.0375
0 0.79375 0.571875 0.034375 0.04375
0 0.8453125 0.359375 0.028125 0.0375
0 0.853125 0.47890625 0.0296875 0.03359375
0 0.8609375 0.42265625 0.0359375 0.05390625
0 0.615625 0.09609375 0.0265625 0.03359375
0 0.8046875 0.24375 0.025 0.03359375
0 0.90625 0.875 0.0328125 0.04609375
0 0.9921875 0.98828125 0.015625 0.02265625
0 0.98359375 0.778125 0.0234375 0.04140625
0 0.82109375 0.73125 0.028125 0.02734375
0 0.796875 0.815625 0.0328125 0.04375
0 0.87421875 0.55546875 0.0265625 0.0375
0 0.703125 0.846875 0.03125 0.04765625
0 0.1765625 0.56328125 0.028125 0.03984375
0 0.68359375 0.540625 0.0421875 0.05859375
0 0.55078125 0.465625 0.034375 0.05234375
0 0.3171875 0.21796875 0.028125 0.04140625
0 0.0390625 0.575 0.034375 0.0375
0 0.92734375 0.828125 0.0203125 0.025
0 0.98828125 0.91875 0.0203125 0.03125
0 0.0078125 0.02578125 0.015625 0.025
0 0.73828125 0.15625 0.01875 0.02734375
0 0.0265625 0.44609375 0.0453125 0.06015625
0 0.34765625 0.20546875 0.0296875 0.0375
0 0.54375 0.37890625 0.028125 0.04140625
0 0.47109375 0.715625 0.0328125 0.06015625
0 0.5359375 0.43984375 0.0375 0.05390625
2 0.4765625 0.8625 0.021875 0.03359375