0 0.10234375 0.21171875 0.03125 0.05390625
0 0.065625 0.36015625 0.0265625 0.02890625
0 0.40390625 0.30859375 0.0375 0.05
0 0.63203125 0.134375 0.0390625 0.04609375
0 0.5828125 0.20546875 0.040625 0.04765625
0 0.6484375 0.10078125 0.0375 0.03984375
0 0.92109375 0.06640625 0.03125 0.0375
0 0.94609375 0.10390625 0.0328125 0.04765625
0 0.66328125 0.32421875 0.0296875 0.03984375
0 0.66796875 0.378125 0.021875 0.03359375
0 0.57578125 0.43671875 0.028125 0.04375
0 0.090625 0.25546875 0.04375 0.05390625
0 0.19296875 0.46640625 0.0296875 0.0375
0 0.20234375 0.41015625 0.0328125 0.0375
0 0.3203125 0.865625 0.04375 0.05625
0 0.20703125 0.91796875 0.0359375 0.03984375
0 0.475 0.921875 0.028125 0.03515625
0 0.6328125 0.78359375 0.0421875 0.05234375
0 0.66484375 0.67734375 0.0296875 0.0375
0 0.74765625 0.65078125 0.0265625 0.03984375
0 0.73046875 0.46640625 0.0265625 0.0375
0 0.7984375 0.48125 0.0390625 0.05234375
0 0.84453125 0.35703125 0.028125 0.0375
0 0.85234375 0.48125 0.0296875 0.03359375
0 0.86171875 0.421875 0.0359375 0.05390625
0 0.61796875 0.09453125 0.0265625 0.03359375
0 0.8125 0.20703125 0.025 0.03515625
0 0.90859375 0.86796875 0.0328125 0.04609375
0 0.9921875 0.984375 0.015625 0.03125
0 0.98515625 0.775 0.0234375 0.04140625
0 0.821875 0.73203125 0.028125 0.02734375
0 0.803125 0.696875 0.03125 0.04375
0 0.8765625 0.55234375 0.0265625 0.0375
0 0.70546875 0.84609375 0.03125 0.04765625
0 0.18046875 0.56328125 0.028125 0.03984375
0 0.64140625 0.64921875 0.0421875 0.05859375
0 0.5515625 0.465625 0.034375 0.05234375
0 0.31953125 0.209375 0.028125 0.04140625
0 0.74296875 0.14765625 0.01875 0.02734375
0 0.02578125 0.440625 0.0453125 0.06015625
0 0.35234375 0.2 0.0296875 0.0375
0 0.54375 0.37890625 0.028125 0.04140625
0 0.47109375 0.715625 0.0328125 0.06015625
0 0.5359375 0.43984375 0.0375 0.05390625
2 0.4765625 0.8625 0.021875 0.03359375