0 0.0734375 0.22890625 0.0328125 0.05390625
0 0.05859375 0.38671875 0.028125 0.03359375
0 0.4265625 0.24375 0.0390625 0.05859375
0 0.57109375 0.22109375 0.040625 0.05
0 0.784375 0.31484375 0.0359375 0.03984375
0 0.93671875 0.11328125 0.0328125 0.04765625
0 0.66328125 0.32421875 0.0296875 0.03984375
0 0.6578125 0.40625 0.0203125 0.03125
0 0.56875 0.45078125 0.028125 0.04375
0 0.06015625 0.95625 0.0265625 0.03515625
0 0.2015625 0.40625 0.034375 0.04140625
0 0.34453125 0.865625 0.04375 0.05625
0 0.33671875 0.6125 0.0328125 0.04140625
0 0.478125 0.975 0.046875 0.05
0 0.55625 0.56953125 0.0359375 0.04609375
0 0.66484375 0.675 0.0296875 0.0375
0 0.746875 0.65234375 0.0265625 0.03984375
0 0.7203125 0.48984375 0.0296875 0.04375
0 0.6609375 0.90703125 0.0390625 0.04609375
0 0.8375 0.378125 0.028125 0.0375
0 0.85390625 0.48046875 0.0296875 0.03125
0 0.85859375 0.42734375 0.0359375 0.05390625
0 0.61171875 0.09765625 0.0265625 0.03359375
0 0.84453125 0.33203125 0.0234375 0.02890625
0 0.90078125 0.890625 0.0328125 0.04609375
0 0.9796875 0.78515625 0.0234375 0.04140625
0 0.8203125 0.72890625 0.028125 0.02734375
0 0.8640625 0.565625 0.0265625 0.0375
0 0.69921875 0.85234375 0.03125 0.04765625
0 0.16796875 0.565625 0.028125 0.03984375
0 0.6640625 0.071875 0.0421875 0.05859375
0 0.54765625 0.46328125 0.034375 0.05234375
0 0.31171875 0.23046875 0.028125 0.04140625
0 0.20625 0.46015625 0.04375 0.05234375
0 0.74765625 0.6375 0.01875 0.025
0 0.09296875 0.33671875 0.021875 0.03125
0 0.93125 0.87421875 0.0328125 0.04140625
0 0.98203125 0.05859375 0.0234375 0.03125
0 0.71875 0.17421875 0.01875 0.02734375
0 0.02265625 0.46796875 0.04375 0.06015625
0 0.34140625 0.22265625 0.0296875 0.0375
0 0.54375 0.37890625 0.028125 0.04140625
0 0.47109375 0.715625 0.0328125 0.06015625
0 0.53515625 0.43984375 0.0375 0.05390625
2 0.4765625 0.8625 0.021875 0.03359375