0 0.0796875 0.22578125 0.03125 0.05390625
0 0.059375 0.38203125 0.028125 0.03359375
0 0.42421875 0.26640625 0.034375 0.05625
0 0.94140625 0.24921875 0.0421875 0.04609375
0 0.5734375 0.22109375 0.040625 0.05
0 0.7421875 0.26796875 0.0296875 0.03984375
0 0.9390625 0.11015625 0.0328125 0.04765625
0 0.66328125 0.32421875 0.0296875 0.03984375
0 0.66015625 0.39921875 0.021875 0.03125
0 0.5703125 0.44921875 0.028125 0.04375
0 0.25390625 0.07421875 0.0328125 0.04765625
0 0.1203125 0.84765625 0.0265625 0.03515625
0 0.2015625 0.409375 0.034375 0.03984375
0 0.33828125 0.85546875 0.04375 0.05625
0 0.325 0.67578125 0.0375 0.04765625
0 0.4734375 0.965625 0.040625 0.05625
0 0.596875 0.63359375 0.0453125 0.05
0 0.66484375 0.675 0.0296875 0.0375
0 0.74765625 0.653125 0.0265625 0.03984375
0 0.72265625 0.484375 0.028125 0.04375
0 0.70390625 0.78828125 0.0390625 0.05
0 0.8375 0.37109375 0.028125 0.0375
0 0.85390625 0.47890625 0.0296875 0.03359375
0 0.859375 0.42578125 0.0359375 0.05390625
0 0.61171875 0.096875 0.0265625 0.03359375
0 0.834375 0.30234375 0.0265625 0.03359375
0 0.9 0.884375 0.0328125 0.04609375
0 0.98046875 0.78359375 0.0234375 0.04140625
0 0.8203125 0.73046875 0.028125 0.02734375
0 0.865625 0.56171875 0.0265625 0.0375
0 0.69140625 0.85546875 0.03125 0.04765625
0 0.16953125 0.565625 0.028125 0.03984375
0 0.68359375 0.22734375 0.0421875 0.05859375
0 0.5484375 0.46328125 0.034375 0.05234375
0 0.31328125 0.22578125 0.028125 0.04140625
0 0.13515625 0.45234375 0.0234375 0.03359375
0 0.7703125 0.734375 0.01875 0.025
0 0.0609375 0.21953125 0.021875 0.03125
0 0.01796875 0.98828125 0.0203125 0.02265625
0 0.7234375 0.16953125 0.01875 0.02734375
0 0.0234375 0.46171875 0.04375 0.06015625
0 0.3421875 0.21640625 0.0296875 0.0375
0 0.54375 0.37890625 0.028125 0.04140625
0 0.47109375 0.715625 0.0328125 0.06015625
0 0.53515625 0.43984375 0.0375 0.05390625
2 0.4765625 0.8625 0.021875 0.03359375