0 0.0203125 0.28671875 0.034375 0.05625
0 0.05625 0.390625 0.028125 0.03359375
0 0.540625 0.275 0.0421875 0.05625
0 0.8953125 0.1125 0.0296875 0.04609375
0 0.65859375 0.34296875 0.0265625 0.03359375
0 0.603125 0.44140625 0.0375 0.04375
0 0.54296875 0.46015625 0.0359375 0.04140625
0 0.19296875 0.40546875 0.0359375 0.04375
0 0.35234375 0.94765625 0.0390625 0.05390625
0 0.0734375 0.01640625 0.040625 0.0328125
0 0.65859375 0.66796875 0.0296875 0.0375
0 0.7453125 0.65 0.0265625 0.03984375
0 0.63125 0.51328125 0.0390625 0.04765625
0 0.78203125 0.43046875 0.0296875 0.03125
0 0.85390625 0.47734375 0.0296875 0.03359375
0 0.828125 0.45859375 0.040625 0.05390625
0 0.60390625 0.07265625 0.0265625 0.025
0 0.84140625 0.76875 0.0328125 0.04609375
0 0.853125 0.984375 0.0328125 0.03125
0 0.94609375 0.834375 0.0234375 0.04140625
0 0.8203125 0.72578125 0.028125 0.02734375
0 0.81953125 0.59375 0.0265625 0.0375
0 0.6671875 0.86015625 0.034375 0.05
0 0.1265625 0.571875 0.028125 0.03984375
0 0.54375 0.46328125 0.034375 0.05234375
0 0.27265625 0.29375 0.0359375 0.05625
0 0.37421875 0.01171875 0.0265625 0.02265625
0 0.09609375 0.92421875 0.0484375 0.05625
0 0.71484375 0.82578125 0.0453125 0.05390625
0 0.97265625 0.20859375 0.025 0.04375
0 0.38671875 0.8375 0.0421875 0.0625
0 0.27265625 0.76953125 0.04375 0.0625
0 0.53125 0.946875 0.0359375 0.03984375
0 0.77578125 0.6875 0.0546875 0.07890625
0 0.08984375 0.56796875 0.053125 0.05859375
0 0.2265625 0.178125 0.0484375 0.04765625
0 0.609375 0.08359375 0.0390625 0.04765625
0 0.44375 0.015625 0.0328125 0.025
0 0.55625 0.01015625 0.028125 0.0203125
0 0.67734375 0.24296875 0.01875 0.02734375
0 0.0109375 0.509375 0.021875 0.04765625
0 0.28671875 0.28515625 0.0265625 0.03359375
0 0.54375 0.37890625 0.028125 0.04140625
0 0.47109375 0.715625 0.0328125 0.06015625
0 0.53203125 0.43984375 0.0375 0.05390625
2 0.4765625 0.8625 0.021875 0.03359375