0 0.103125 0.20546875 0.03125 0.05390625
0 0.06640625 0.35703125 0.0265625 0.02890625
0 0.3984375 0.30546875 0.0375 0.05625
0 0.58359375 0.125 0.0390625 0.04609375
0 0.57890625 0.209375 0.040625 0.04765625
0 0.634375 0.065625 0.034375 0.03984375
0 0.896875 0.065625 0.03125 0.03515625
0 0.9484375 0.103125 0.0328125 0.04765625
0 0.66328125 0.32421875 0.0296875 0.03984375
0 0.6703125 0.375 0.021875 0.03359375
0 0.5765625 0.434375 0.028125 0.04375
0 0.0546875 0.27265625 0.0421875 0.05234375
0 0.17890625 0.40546875 0.0265625 0.03515625
0 0.2046875 0.41015625 0.03125 0.0375
0 0.32265625 0.87265625 0.04375 0.05390625
0 0.1796875 0.940625 0.040625 0.04609375
0 0.48515625 0.909375 0.025 0.03359375
0 0.6640625 0.80078125 0.028125 0.03984375
0 0.66484375 0.67734375 0.0296875 0.0375
0 0.74765625 0.64921875 0.0265625 0.03984375
0 0.73359375 0.4625 0.0265625 0.0375
0 0.7890625 0.43203125 0.0390625 0.05234375
0 0.8484375 0.34921875 0.028125 0.0375
0 0.85234375 0.478125 0.0296875 0.03359375
0 0.86171875 0.41953125 0.0359375 0.05390625
0 0.61953125 0.09375 0.0265625 0.03359375
0 0.81328125 0.19140625 0.025 0.03515625
0 0.91015625 0.8625 0.0328125 0.04609375
0 0.99140625 0.98203125 0.0171875 0.03515625
0 0.98671875 0.77265625 0.0234375 0.04140625
0 0.821875 0.73203125 0.028125 0.02734375
0 0.80234375 0.625 0.0328125 0.04375
0 0.87734375 0.55 0.0265625 0.0375
0 0.70625 0.84453125 0.03125 0.04765625
0 0.1828125 0.56328125 0.028125 0.03984375
0 0.609375 0.69921875 0.0421875 0.05859375
0 0.5515625 0.465625 0.034375 0.05234375
0 0.3203125 0.20546875 0.028125 0.04140625
0 0.7328125 0.13984375 0.01875 0.02734375
0 0.02734375 0.43359375 0.0453125 0.05625
0 0.3546875 0.196875 0.0296875 0.0375
0 0.54375 0.37890625 0.028125 0.04140625
0 0.47109375 0.715625 0.0328125 0.06015625
0 0.5359375 0.43984375 0.0375 0.05390625
2 0.4765625 0.8625 0.021875 0.03359375