0 0.10234375 0.21484375 0.03125 0.05390625
0 0.065625 0.3625 0.0265625 0.02890625
0 0.4109375 0.3125 0.034375 0.05390625
0 0.66015625 0.14140625 0.0390625 0.04609375
0 0.58125 0.20859375 0.040625 0.04765625
0 0.65078125 0.12265625 0.034375 0.0375
0 0.92421875 0.04375 0.03125 0.04375
0 0.9453125 0.10390625 0.0328125 0.04765625
0 0.66328125 0.32421875 0.0296875 0.03984375
0 0.66640625 0.38046875 0.021875 0.03359375
0 0.575 0.4375 0.028125 0.04375
0 0.109375 0.25 0.0375 0.04765625
0 0.1875 0.50859375 0.0296875 0.0375
0 0.20234375 0.409375 0.0328125 0.0375
0 0.32109375 0.86640625 0.04375 0.05625
0 0.22578125 0.90078125 0.040625 0.04140625
0 0.47578125 0.91796875 0.0296875 0.03515625
0 0.61875 0.77265625 0.03125 0.04140625
0 0.66484375 0.67734375 0.0296875 0.0375
0 0.74765625 0.65234375 0.0265625 0.03984375
0 0.7296875 0.46796875 0.0265625 0.0375
0 0.78828125 0.51640625 0.0390625 0.05234375
0 0.84453125 0.35859375 0.028125 0.0375
0 0.85234375 0.48046875 0.0296875 0.03359375
0 0.86171875 0.421875 0.0359375 0.05390625
0 0.6171875 0.09453125 0.0265625 0.03359375
0 0.80546875 0.22890625 0.0234375 0.03359375
0 0.9078125 0.87109375 0.0328125 0.04609375
0 0.9921875 0.98515625 0.015625 0.02890625
0 0.984375 0.77578125 0.0234375 0.04140625
0 0.821875 0.73203125 0.028125 0.02734375
0 0.796875 0.74609375 0.0328125 0.04375
0 0.87578125 0.553125 0.0265625 0.0375
0 0.7046875 0.846875 0.03125 0.04765625
0 0.17890625 0.56328125 0.028125 0.03984375
0 0.66171875 0.6125 0.0421875 0.05859375
0 0.55078125 0.465625 0.034375 0.05234375
0 0.31875 0.2125 0.028125 0.04140625
0 0.0078125 0.615625 0.015625 0.03125
0 0.9765625 0.83203125 0.01875 0.025
0 0.7359375 0.15546875 0.01875 0.02734375
0 0.0265625 0.44296875 0.0453125 0.06015625
0 0.35078125 0.20234375 0.0296875 0.0375
0 0.54375 0.37890625 0.028125 0.04140625
0 0.47109375 0.715625 0.0328125 0.06015625
0 0.5359375 0.43984375 0.0375 0.05390625
2 0.4765625 0.8625 0.021875 0.03359375