0 0.01171875 0.29921875 0.0234375 0.05625
0 0.05625 0.39140625 0.028125 0.03359375
0 0.52265625 0.28046875 0.0421875 0.05625
0 0.88671875 0.1125 0.028125 0.04140625
0 0.66015625 0.34375 0.0265625 0.03359375
0 0.58359375 0.39453125 0.0375 0.04375
0 0.54140625 0.4625 0.0359375 0.04140625
0 0.19453125 0.40703125 0.0359375 0.04375
0 0.66015625 0.66875 0.0296875 0.0375
0 0.74609375 0.65078125 0.0265625 0.03984375
0 0.58984375 0.45859375 0.034375 0.03984375
0 0.77578125 0.43984375 0.03125 0.03359375
0 0.85546875 0.48125 0.0296875 0.03359375
0 0.82109375 0.475 0.040625 0.05390625
0 0.60078125 0.075 0.0265625 0.025
0 0.83359375 0.88046875 0.0234375 0.03515625
0 0.9359375 0.84921875 0.0234375 0.04140625
0 0.8203125 0.72578125 0.028125 0.02734375
0 0.81171875 0.61796875 0.0265625 0.0375
0 0.653125 0.85859375 0.0375 0.05390625
0 0.1078125 0.578125 0.028125 0.03984375
0 0.54375 0.46328125 0.034375 0.05234375
0 0.25859375 0.31328125 0.0359375 0.05625
0 0.9171875 0.9890625 0.0375 0.021875
0 0.9640625 0.21953125 0.025 0.04375
0 0.39296875 0.446875 0.046875 0.0625
0 0.06875 0.728125 0.0375 0.04765625
0 0.6859375 0.796875 0.0359375 0.04375
0 0.9234375 0.24609375 0.0453125 0.07109375
0 0.3390625 0.31171875 0.0453125 0.06015625
0 0.4078125 0.36328125 0.04375 0.04765625
0 0.678125 0.14765625 0.0421875 0.05
0 0.30859375 0.16796875 0.03125 0.03359375
0 0.94921875 0.23984375 0.028125 0.03515625
0 0.659375 0.265625 0.01875 0.02734375
0 0.0078125 0.5125 0.015625 0.03984375
0 0.27578125 0.29609375 0.0265625 0.03359375
0 0.54375 0.37890625 0.028125 0.04140625
0 0.47109375 0.715625 0.0328125 0.06015625
0 0.53125 0.43984375 0.0375 0.05390625
2 0.4765625 0.8625 0.021875 0.03359375
0 0.784375 0.82421875 0.0421875 0.06015625
0 0.165625 0.12109375 0.034375 0.04140625