0 0.01796875 0.28828125 0.0328125 0.05625
0 0.05625 0.390625 0.028125 0.03359375
0 0.53515625 0.27578125 0.0421875 0.05625
0 0.8921875 0.1125 0.0296875 0.04609375
0 0.65859375 0.34375 0.0265625 0.03359375
0 0.59765625 0.43125 0.0375 0.04375
0 0.5421875 0.46015625 0.0359375 0.04140625
0 0.19296875 0.40625 0.0359375 0.04375
0 0.36171875 0.96953125 0.0390625 0.05390625
0 0.04453125 0.046875 0.0328125 0.0375
0 0.65859375 0.66796875 0.0296875 0.0375
0 0.74609375 0.65078125 0.0265625 0.03984375
0 0.6234375 0.50859375 0.0390625 0.04765625
0 0.7796875 0.43125 0.03125 0.03359375
0 0.8546875 0.478125 0.0296875 0.03359375
0 0.8265625 0.46015625 0.040625 0.05390625
0 0.603125 0.07265625 0.0265625 0.025
0 0.83203125 0.78046875 0.034375 0.04609375
0 0.85078125 0.9859375 0.0328125 0.028125
0 0.94375 0.83671875 0.0234375 0.04140625
0 0.8203125 0.72578125 0.028125 0.02734375
0 0.81796875 0.59375 0.0265625 0.0375
0 0.659375 0.8625 0.0375 0.05390625
0 0.11953125 0.57421875 0.028125 0.03984375
0 0.54375 0.46328125 0.034375 0.05234375
0 0.26875 0.29765625 0.0359375 0.05625
0 0.7625 0.85625 0.0375 0.04140625
0 0.96953125 0.21015625 0.025 0.04375
0 0.39375 0.753125 0.0421875 0.0625
0 0.234375 0.759375 0.04375 0.05859375
0 0.54921875 0.90546875 0.0359375 0.04140625
0 0.80546875 0.60625 0.0484375 0.07265625
0 0.15234375 0.58359375 0.053125 0.05859375
0 0.2625 0.21796875 0.0484375 0.04765625
0 0.6140625 0.1125 0.034375 0.05
0 0.4171875 0.05 0.025 0.03359375
0 0.5515625 0.0125 0.0375 0.025
0 0.6734375 0.24609375 0.01875 0.02734375
0 0.009375 0.50703125 0.01875 0.04140625
0 0.2828125 0.2875 0.0265625 0.03359375
0 0.54375 0.37890625 0.028125 0.04140625
0 0.47109375 0.715625 0.0328125 0.06015625
0 0.53203125 0.43984375 0.0375 0.05390625
2 0.4765625 0.8625 0.021875 0.03359375