0 0.0546875 0.23828125 0.034375 0.05625
0 0.0546875 0.39375 0.028125 0.03359375
0 0.45703125 0.146875 0.0390625 0.06640625
0 0.56484375 0.22734375 0.0453125 0.05390625
0 0.96640625 0.47734375 0.028125 0.0375
0 0.92421875 0.11171875 0.0328125 0.04765625
0 0.66015625 0.32421875 0.0296875 0.03984375
0 0.6578125 0.43515625 0.021875 0.03359375
0 0.5578125 0.46171875 0.028125 0.04375
0 0.19765625 0.403125 0.0359375 0.04375
0 0.3265625 0.92265625 0.04375 0.05625
0 0.4734375 0.32421875 0.0375 0.0375
0 0.4453125 0.39140625 0.025 0.03359375
0 0.6640625 0.67265625 0.0296875 0.0375
0 0.7453125 0.65 0.0265625 0.03984375
0 0.71796875 0.51484375 0.034375 0.04765625
0 0.8109375 0.39921875 0.025 0.03515625
0 0.853125 0.48046875 0.0296875 0.03359375
0 0.85390625 0.42734375 0.0390625 0.05390625
0 0.61171875 0.09140625 0.0265625 0.03359375
0 0.82578125 0.4625 0.0203125 0.02890625
0 0.90078125 0.91640625 0.0328125 0.04609375
0 0.97734375 0.78828125 0.0234375 0.04140625
0 0.8203125 0.72734375 0.028125 0.02734375
0 0.853125 0.57265625 0.0265625 0.0375
0 0.69609375 0.85078125 0.03125 0.04765625
0 0.1578125 0.565625 0.028125 0.03984375
0 0.54609375 0.46328125 0.034375 0.05234375
0 0.30703125 0.24296875 0.0359375 0.05625
0 0.47734375 0.45546875 0.040625 0.05234375
0 0.7171875 0.17734375 0.01875 0.025
0 0.70625 0.56640625 0.040625 0.05
0 0.815625 0.91953125 0.046875 0.05234375
0 0.825 0.97578125 0.0515625 0.04765625
0 0.959375 0.48828125 0.028125 0.03515625
0 0.11015625 0.91796875 0.0390625 0.04609375
0 0.1796875 0.84921875 0.04375 0.05234375
0 0.01015625 0.11328125 0.0203125 0.06015625
0 0.11328125 0.93046875 0.0421875 0.05859375
0 0.97109375 0.31015625 0.0265625 0.03359375
0 0.1078125 0.33984375 0.0453125 0.07109375
0 0.71484375 0.17578125 0.01875 0.02734375
0 0.0203125 0.48359375 0.040625 0.0625
0 0.3359375 0.23671875 0.0296875 0.0375
0 0.54375 0.37890625 0.028125 0.04140625
0 0.47109375 0.715625 0.0328125 0.06015625
0 0.534375 0.43984375 0.0375 0.05390625
2 0.4765625 0.8625 0.021875 0.03359375