0 0.07109375 0.22890625 0.0328125 0.05390625
0 0.05859375 0.3875 0.028125 0.03359375
0 0.425 0.23984375 0.0390625 0.05859375
0 0.5703125 0.22109375 0.040625 0.05
0 0.7953125 0.34296875 0.03125 0.03984375
0 0.9359375 0.1125 0.0328125 0.04765625
0 0.66328125 0.32421875 0.0296875 0.03984375
0 0.65703125 0.40703125 0.0203125 0.03125
0 0.5671875 0.453125 0.028125 0.04375
0 0.0265625 0.98203125 0.025 0.02734375
0 0.2015625 0.40546875 0.034375 0.04140625
0 0.35 0.875 0.04375 0.05625
0 0.3609375 0.59765625 0.0375 0.0375
0 0.47734375 0.9828125 0.0421875 0.034375
0 0.54609375 0.55234375 0.0390625 0.05625
0 0.66484375 0.67421875 0.0296875 0.0375
0 0.746875 0.65234375 0.0265625 0.03984375
0 0.71953125 0.490625 0.0296875 0.04375
0 0.65625 0.94609375 0.0421875 0.05234375
0 0.83671875 0.38203125 0.028125 0.0375
0 0.85390625 0.47890625 0.0296875 0.03359375
0 0.85859375 0.42734375 0.0359375 0.05390625
0 0.61171875 0.096875 0.0265625 0.03359375
0 0.85 0.3375 0.021875 0.02734375
0 0.90078125 0.89296875 0.0328125 0.04609375
0 0.9796875 0.78671875 0.0234375 0.04140625
0 0.8203125 0.72890625 0.028125 0.02734375
0 0.86328125 0.56640625 0.0265625 0.0375
0 0.70078125 0.85078125 0.03125 0.04765625
0 0.16796875 0.565625 0.028125 0.03984375
0 0.6671875 0.021875 0.0421875 0.03984375
0 0.546875 0.46328125 0.034375 0.05234375
0 0.31171875 0.23203125 0.028125 0.04140625
0 0.23359375 0.46875 0.0390625 0.05
0 0.740625 0.59453125 0.01875 0.025
0 0.08828125 0.375 0.021875 0.03125
0 0.8953125 0.84765625 0.034375 0.04609375
0 0.96640625 0.109375 0.028125 0.03515625
0 0.4875 0.98125 0.040625 0.0375
0 0.71953125 0.175 0.01875 0.02734375
0 0.02265625 0.46953125 0.04375 0.06015625
0 0.34140625 0.225 0.0296875 0.0375
0 0.54375 0.37890625 0.028125 0.04140625
0 0.47109375 0.715625 0.0328125 0.06015625
0 0.53515625 0.43984375 0.0375 0.05390625
2 0.4765625 0.8625 0.021875 0.03359375