0 0.05 0.24453125 0.034375 0.05625
0 0.05625 0.390625 0.028125 0.03359375
0 0.496875 0.08203125 0.040625 0.05
0 0.5609375 0.234375 0.0453125 0.05859375
0 0.91875 0.11015625 0.0328125 0.04765625
0 0.66015625 0.328125 0.0265625 0.03359375
0 0.65234375 0.43828125 0.021875 0.03359375
0 0.55546875 0.46015625 0.0359375 0.04140625
0 0.19765625 0.403125 0.0359375 0.04375
0 0.309375 0.90859375 0.0453125 0.05859375
0 0.675 0.13203125 0.028125 0.0375
0 0.34921875 0.26484375 0.0390625 0.04140625
0 0.6625 0.671875 0.0296875 0.0375
0 0.74453125 0.64921875 0.0265625 0.03984375
0 0.71015625 0.52578125 0.0375 0.04765625
0 0.8015625 0.390625 0.0390625 0.04609375
0 0.8546875 0.478125 0.0296875 0.03359375
0 0.8453125 0.43828125 0.040625 0.05390625
0 0.6109375 0.07578125 0.0265625 0.025
0 0.8421875 0.528125 0.028125 0.0375
0 0.88984375 0.93125 0.0328125 0.04609375
0 0.975 0.790625 0.0234375 0.04140625
0 0.8203125 0.72578125 0.028125 0.02734375
0 0.84375 0.57734375 0.0265625 0.0375
0 0.70078125 0.853125 0.03125 0.04765625
0 0.1546875 0.565625 0.028125 0.03984375
0 0.5453125 0.46328125 0.034375 0.05234375
0 0.3 0.24765625 0.0359375 0.05625
0 0.6109375 0.47890625 0.0234375 0.02734375
0 0.59921875 0.35 0.0328125 0.05234375
0 0.58671875 0.80078125 0.0421875 0.04765625
0 0.975 0.75390625 0.034375 0.05
0 0.9453125 0.71796875 0.028125 0.03515625
0 0.2984375 0.70625 0.05 0.06484375
0 0.86015625 0.46015625 0.0234375 0.03125
0 0.2 0.0375 0.046875 0.0625
0 0.71328125 0.19765625 0.01875 0.02734375
0 0.01796875 0.49296875 0.0359375 0.06484375
0 0.328125 0.246875 0.028125 0.03125
0 0.54375 0.37890625 0.028125 0.04140625
0 0.47109375 0.715625 0.0328125 0.06015625
0 0.53359375 0.43984375 0.0375 0.05390625
2 0.4765625 0.8625 0.021875 0.03359375