0 0.021875 0.28203125 0.034375 0.05625
0 0.05625 0.390625 0.028125 0.03359375
0 0.54453125 0.27265625 0.0421875 0.05625
0 0.89765625 0.11171875 0.03125 0.04765625
0 0.65859375 0.340625 0.0265625 0.03359375
0 0.6046875 0.44609375 0.0375 0.04375
0 0.54296875 0.459375 0.0359375 0.04140625
0 0.19375 0.40390625 0.0359375 0.04375
0 0.34296875 0.92734375 0.0390625 0.05390625
0 0.08984375 0.03671875 0.034375 0.04375
0 0.65859375 0.66796875 0.0296875 0.0375
0 0.7453125 0.65 0.0265625 0.03984375
0 0.6390625 0.51953125 0.0390625 0.04765625
0 0.7828125 0.42578125 0.03125 0.03359375
0 0.85390625 0.47734375 0.0296875 0.03359375
0 0.82890625 0.45703125 0.040625 0.05390625
0 0.6046875 0.07265625 0.0265625 0.025
0 0.8375 0.75234375 0.034375 0.04609375
0 0.85546875 0.9796875 0.0328125 0.040625
0 0.9484375 0.83125 0.0234375 0.04140625
0 0.8203125 0.72578125 0.028125 0.02734375
0 0.821875 0.58984375 0.0265625 0.0375
0 0.67421875 0.859375 0.03125 0.04765625
0 0.128125 0.57109375 0.028125 0.03984375
0 0.54375 0.46328125 0.034375 0.05234375
0 0.27578125 0.28984375 0.0359375 0.05625
0 0.37421875 0.046875 0.028125 0.03984375
0 0.09765625 0.86796875 0.0421875 0.0625
0 0.68359375 0.81015625 0.046875 0.05625
0 0.975 0.20390625 0.025 0.04375
0 0.3828125 0.91640625 0.0421875 0.0625
0 0.2921875 0.80234375 0.0421875 0.06484375
0 0.503125 0.978125 0.0328125 0.03984375
0 0.746875 0.771875 0.0515625 0.07890625
0 0.0171875 0.56484375 0.034375 0.05
0 0.1953125 0.15546875 0.0484375 0.04765625
0 0.5921875 0.08359375 0.0421875 0.05390625
0 0.4828125 0.01171875 0.0375 0.01875
0 0.68046875 0.23828125 0.01875 0.02734375
0 0.0125 0.51171875 0.025 0.05390625
0 0.290625 0.28203125 0.0265625 0.03359375
0 0.54375 0.37890625 0.028125 0.04140625
0 0.47109375 0.715625 0.0328125 0.06015625
0 0.53203125 0.43984375 0.0375 0.05390625
2 0.4765625 0.8625 0.021875 0.03359375