0 0.04296875 0.253125 0.034375 0.05625
0 0.05625 0.38984375 0.028125 0.03359375
0 0.51875 0.05703125 0.040625 0.05234375
0 0.55390625 0.24140625 0.040625 0.06015625
0 0.909375 0.10703125 0.0328125 0.04765625
0 0.66015625 0.33046875 0.0265625 0.03359375
0 0.65625 0.44140625 0.021875 0.03359375
0 0.54921875 0.45078125 0.0359375 0.04140625
0 0.196875 0.403125 0.0359375 0.04375
0 0.30390625 0.89140625 0.0453125 0.0625
0 0.80234375 0.040625 0.034375 0.03515625
0 0.3109375 0.12890625 0.0234375 0.03984375
0 0.6609375 0.67109375 0.0296875 0.0375
0 0.7453125 0.65 0.0265625 0.03984375
0 0.69609375 0.53828125 0.0390625 0.04765625
0 0.796875 0.39765625 0.0375 0.03984375
0 0.85390625 0.478125 0.028125 0.03125
0 0.84375 0.44609375 0.040625 0.05390625
0 0.6109375 0.07265625 0.0265625 0.025
0 0.8453125 0.62265625 0.028125 0.03984375
0 0.8796875 0.94921875 0.0328125 0.04609375
0 0.9671875 0.80234375 0.0234375 0.04140625
0 0.8203125 0.72578125 0.028125 0.02734375
0 0.840625 0.57109375 0.0265625 0.0375
0 0.68984375 0.85546875 0.03125 0.04765625
0 0.14375 0.565625 0.028125 0.03984375
0 0.54453125 0.46328125 0.034375 0.05234375
0 0.29375 0.25703125 0.0359375 0.05625
0 0.696875 0.43515625 0.0265625 0.02734375
0 0.52890625 0.25390625 0.028125 0.04375
0 0.4765625 0.66953125 0.0390625 0.05
0 0.9171875 0.8375 0.025 0.04375
0 0.3921875 0.69375 0.046875 0.05859375
0 0.784375 0.58984375 0.03125 0.03984375
0 0.8640625 0.221875 0.0421875 0.05390625
0 0.99375 0.17890625 0.0125 0.04140625
0 0.70625 0.20625 0.01875 0.02734375
0 0.015625 0.496875 0.03125 0.06015625
0 0.31953125 0.25859375 0.0265625 0.03125
0 0.54375 0.37890625 0.028125 0.04140625
0 0.47109375 0.715625 0.0328125 0.06015625
0 0.5328125 0.43984375 0.0375 0.05390625
2 0.4765625 0.8625 0.021875 0.03359375