0 0.034375 0.2625 0.034375 0.05625
0 0.05625 0.38984375 0.028125 0.03359375
0 0.521875 0.034375 0.040625 0.05625
0 0.54765625 0.26484375 0.0421875 0.05625
0 0.9046875 0.109375 0.0328125 0.04765625
0 0.66015625 0.33359375 0.0265625 0.03359375
0 0.62578125 0.459375 0.0375 0.04375
0 0.54375 0.45703125 0.0359375 0.04140625
0 0.1953125 0.403125 0.0359375 0.04375
0 0.3109375 0.89140625 0.0453125 0.06015625
0 0.21796875 0.07578125 0.021875 0.03359375
0 0.659375 0.66953125 0.0296875 0.0375
0 0.7453125 0.65 0.0265625 0.03984375
0 0.6734375 0.54296875 0.0390625 0.04765625
0 0.790625 0.40859375 0.03125 0.03359375
0 0.85390625 0.47734375 0.0296875 0.02890625
0 0.84140625 0.45 0.040625 0.05390625
0 0.6078125 0.07265625 0.0265625 0.025
0 0.84453125 0.67265625 0.0359375 0.04609375
0 0.865625 0.96328125 0.0328125 0.04609375
0 0.95859375 0.81484375 0.0234375 0.04140625
0 0.8203125 0.72578125 0.028125 0.02734375
0 0.834375 0.57890625 0.0265625 0.0375
0 0.68046875 0.85703125 0.03125 0.04765625
0 0.1375 0.56796875 0.028125 0.03984375
0 0.54375 0.46328125 0.034375 0.05234375
0 0.284375 0.271875 0.0359375 0.05625
0 0.8046875 0.41015625 0.0203125 0.02734375
0 0.47578125 0.15234375 0.0421875 0.05234375
0 0.28828125 0.65078125 0.0453125 0.05234375
0 0.8484375 0.965625 0.025 0.03515625
0 0.5046875 0.68671875 0.0453125 0.05390625
0 0.82578125 0.79296875 0.028125 0.03984375
0 0.9859375 0.19296875 0.021875 0.04375
0 0.31640625 0.971875 0.046875 0.05625
0 0.025 0.028125 0.0421875 0.04609375
0 0.5265625 0.01328125 0.03125 0.0265625
0 0.69453125 0.22109375 0.01875 0.02734375
0 0.0140625 0.503125 0.028125 0.05625
0 0.31015625 0.26875 0.0265625 0.03359375
0 0.54375 0.37890625 0.028125 0.04140625
0 0.47109375 0.715625 0.0328125 0.06015625
0 0.5328125 0.43984375 0.0375 0.05390625
2 0.4765625 0.8625 0.021875 0.03359375