0 0.103125 0.20703125 0.03125 0.05390625
0 0.06640625 0.35703125 0.0265625 0.02890625
0 0.39765625 0.309375 0.0390625 0.05625
0 0.59609375 0.12578125 0.0390625 0.04609375
0 0.5796875 0.20859375 0.040625 0.04765625
0 0.63125 0.084375 0.028125 0.03984375
0 0.90234375 0.06484375 0.028125 0.02890625
0 0.9484375 0.103125 0.0328125 0.04765625
0 0.66328125 0.32421875 0.0296875 0.03984375
0 0.66953125 0.37578125 0.021875 0.03359375
0 0.5765625 0.434375 0.028125 0.04375
0 0.065625 0.26875 0.0421875 0.05234375
0 0.18046875 0.42421875 0.0265625 0.03515625
0 0.20390625 0.41015625 0.03125 0.0375
0 0.32109375 0.871875 0.04375 0.05625
0 0.1890625 0.93984375 0.0375 0.04609375
0 0.48125 0.90546875 0.025 0.03359375
0 0.65625 0.78828125 0.0375 0.05234375
0 0.66484375 0.67734375 0.0296875 0.0375
0 0.74765625 0.65 0.0265625 0.03984375
0 0.73203125 0.46484375 0.0265625 0.0375
0 0.78828125 0.44296875 0.0390625 0.05234375
0 0.84765625 0.35390625 0.028125 0.0375
0 0.85234375 0.47890625 0.0296875 0.03359375
0 0.86171875 0.42109375 0.0359375 0.05390625
0 0.61875 0.09375 0.0265625 0.03359375
0 0.8140625 0.20546875 0.025 0.03515625
0 0.91015625 0.865625 0.0328125 0.04609375
0 0.99140625 0.9828125 0.0171875 0.034375
0 0.9859375 0.77421875 0.0234375 0.04140625
0 0.821875 0.73203125 0.028125 0.02734375
0 0.79765625 0.64296875 0.03125 0.04375
0 0.87734375 0.55078125 0.0265625 0.0375
0 0.70625 0.84453125 0.03125 0.04765625
0 0.18203125 0.56328125 0.028125 0.03984375
0 0.61640625 0.68515625 0.0421875 0.05859375
0 0.5515625 0.465625 0.034375 0.05234375
0 0.31953125 0.20625 0.028125 0.04140625
0 0.7328125 0.140625 0.01875 0.02734375
0 0.0265625 0.43515625 0.0453125 0.05859375
0 0.35390625 0.19765625 0.0296875 0.0375
0 0.54375 0.37890625 0.028125 0.04140625
0 0.47109375 0.715625 0.0328125 0.06015625
0 0.5359375 0.43984375 0.0375 0.05390625
2 0.4765625 0.8625 0.021875 0.03359375