0 0.03828125 0.25859375 0.034375 0.05625
0 0.05625 0.38984375 0.028125 0.03359375
0 0.521875 0.040625 0.040625 0.05625
0 0.5484375 0.253125 0.0421875 0.05625
0 0.90625 0.10859375 0.0328125 0.04765625
0 0.66015625 0.33203125 0.0265625 0.03359375
0 0.63046875 0.45625 0.0375 0.04375
0 0.54453125 0.45625 0.0359375 0.04140625
0 0.19609375 0.403125 0.0359375 0.04375
0 0.30546875 0.88828125 0.0453125 0.06015625
0 0.2484375 0.11171875 0.0359375 0.04375
0 0.66015625 0.67109375 0.0296875 0.0375
0 0.7453125 0.65 0.0265625 0.03984375
0 0.6828125 0.54140625 0.0390625 0.04765625
0 0.7953125 0.40546875 0.03125 0.03359375
0 0.85390625 0.47734375 0.0296875 0.02890625
0 0.8421875 0.44765625 0.040625 0.05390625
0 0.60859375 0.07265625 0.0265625 0.025
0 0.85 0.640625 0.034375 0.04609375
0 0.871875 0.959375 0.0328125 0.04609375
0 0.9609375 0.809375 0.0234375 0.04140625
0 0.8203125 0.72578125 0.028125 0.02734375
0 0.83671875 0.57578125 0.0265625 0.0375
0 0.684375 0.85625 0.03125 0.04765625
0 0.140625 0.56640625 0.028125 0.03984375
0 0.54453125 0.46328125 0.034375 0.05234375
0 0.28671875 0.26796875 0.0359375 0.05625
0 0.74765625 0.42265625 0.021875 0.02890625
0 0.503125 0.20546875 0.0328125 0.04765625
0 0.36640625 0.65 0.040625 0.05234375
0 0.88515625 0.90703125 0.025 0.0375
0 0.44765625 0.68984375 0.04375 0.06015625
0 0.7953125 0.71171875 0.03125 0.03984375
0 0.0109375 0.07578125 0.021875 0.05234375
0 0.93515625 0.303125 0.034375 0.04765625
0 0.9890625 0.18671875 0.0203125 0.04375
0 0.6984375 0.215625 0.01875 0.02734375
0 0.01484375 0.50078125 0.0296875 0.06015625
0 0.3140625 0.26484375 0.0265625 0.03359375
0 0.54375 0.37890625 0.028125 0.04140625
0 0.47109375 0.715625 0.0328125 0.06015625
0 0.5328125 0.43984375 0.0375 0.05390625
2 0.4765625 0.8625 0.021875 0.03359375