0 0.01328125 0.29453125 0.0265625 0.05625
0 0.05625 0.39140625 0.028125 0.03359375
0 0.5265625 0.278125 0.0421875 0.05625
0 0.8890625 0.11015625 0.028125 0.04140625
0 0.65859375 0.34375 0.0265625 0.03359375
0 0.58515625 0.40078125 0.0375 0.04375
0 0.54140625 0.4625 0.0359375 0.04140625
0 0.19375 0.40703125 0.0359375 0.04375
0 0.659375 0.66796875 0.0296875 0.0375
0 0.74609375 0.65078125 0.0265625 0.03984375
0 0.59609375 0.47265625 0.0390625 0.04765625
0 0.77734375 0.43984375 0.03125 0.03359375
0 0.85546875 0.48125 0.0296875 0.03359375
0 0.82265625 0.47109375 0.040625 0.05390625
0 0.60078125 0.075 0.0265625 0.025
0 0.8265625 0.85859375 0.025 0.02734375
0 0.93671875 0.846875 0.0234375 0.04140625
0 0.8203125 0.72578125 0.028125 0.02734375
0 0.81328125 0.61484375 0.0265625 0.0375
0 0.653125 0.85859375 0.0375 0.05390625
0 0.10859375 0.578125 0.028125 0.03984375
0 0.54375 0.46328125 0.034375 0.05234375
0 0.259375 0.31015625 0.0359375 0.05625
0 0.8921875 0.95703125 0.0390625 0.04609375
0 0.9640625 0.21796875 0.025 0.04375
0 0.390625 0.51953125 0.0453125 0.0625
0 0.103125 0.70546875 0.046875 0.05859375
0 0.646875 0.81875 0.0359375 0.03984375
0 0.88203125 0.334375 0.0484375 0.06640625
0 0.3140625 0.38046875 0.0453125 0.05859375
0 0.375 0.32890625 0.04375 0.04765625
0 0.66328125 0.13125 0.046875 0.05625
0 0.3359375 0.14765625 0.025 0.0375
0 0.971875 0.2 0.0265625 0.03359375
0 0.6625 0.26015625 0.01875 0.02734375
0 0.0078125 0.51171875 0.015625 0.03984375
0 0.27578125 0.29609375 0.0265625 0.03359375
0 0.54375 0.37890625 0.028125 0.04140625
0 0.47109375 0.715625 0.0328125 0.06015625
0 0.53125 0.43984375 0.0375 0.05390625
2 0.4765625 0.8625 0.021875 0.03359375
0 0.7625 0.88125 0.0375 0.04609375
0 0.125 0.125 0.0359375 0.04609375