0 0.05703125 0.23671875 0.034375 0.05625
0 0.05546875 0.39296875 0.028125 0.03359375
0 0.4546875 0.165625 0.0484375 0.05625
0 0.565625 0.225 0.04375 0.05
0 0.94765625 0.428125 0.03125 0.0375
0 0.9265625 0.11171875 0.0328125 0.04765625
0 0.6609375 0.32421875 0.0296875 0.03984375
0 0.6578125 0.43046875 0.021875 0.03359375
0 0.559375 0.46015625 0.028125 0.04375
0 0.19921875 0.40390625 0.0359375 0.04375
0 0.334375 0.91640625 0.04375 0.05625
0 0.42890625 0.37265625 0.0359375 0.04375
0 0.48671875 0.42734375 0.0359375 0.04765625
0 0.6640625 0.67265625 0.0296875 0.0375
0 0.7453125 0.65 0.0265625 0.03984375
0 0.7203125 0.509375 0.034375 0.04765625
0 0.8109375 0.39453125 0.03125 0.03984375
0 0.85234375 0.48125 0.0296875 0.03359375
0 0.85546875 0.42578125 0.0375 0.05390625
0 0.61171875 0.09296875 0.0265625 0.03359375
0 0.84609375 0.43515625 0.0203125 0.02890625
0 0.90078125 0.915625 0.0328125 0.04609375
0 0.978125 0.78828125 0.0234375 0.04140625
0 0.8203125 0.72734375 0.028125 0.02734375
0 0.85625 0.571875 0.0265625 0.0375
0 0.6984375 0.85078125 0.03125 0.04765625
0 0.1609375 0.565625 0.028125 0.03984375
0 0.54609375 0.46328125 0.034375 0.05234375
0 0.3078125 0.240625 0.0375 0.05625
0 0.425 0.44453125 0.040625 0.05234375
0 0.7109375 0.24140625 0.01875 0.025
0 0.73359375 0.6125 0.0359375 0.05
0 0.8734375 0.95234375 0.04375 0.05859375
0 0.95703125 0.43515625 0.028125 0.04140625
0 0.18515625 0.90546875 0.040625 0.05
0 0.15546875 0.909375 0.046875 0.05625
0 0.05859375 0.08828125 0.046875 0.06015625
0 0.16640625 0.965625 0.0421875 0.06015625
0 0.07890625 0.41953125 0.0453125 0.07109375
0 0.0046875 0.65390625 0.009375 0.03515625
0 0.71484375 0.18203125 0.01875 0.02734375
0 0.02109375 0.48203125 0.0421875 0.06015625
0 0.3375 0.234375 0.0296875 0.0375
0 0.54375 0.37890625 0.028125 0.04140625
0 0.47109375 0.715625 0.0328125 0.06015625
0 0.534375 0.43984375 0.0375 0.05390625
2 0.4765625 0.8625 0.021875 0.03359375