0 0.05 0.24375 0.034375 0.05625
0 0.05625 0.390625 0.028125 0.03359375
0 0.49609375 0.084375 0.040625 0.05
0 0.5609375 0.23359375 0.0453125 0.05625
0 0.91875 0.11171875 0.0328125 0.04765625
0 0.66015625 0.328125 0.0265625 0.03359375
0 0.65234375 0.43828125 0.021875 0.03359375
0 0.55703125 0.4625 0.0359375 0.04140625
0 0.19765625 0.403125 0.0359375 0.04375
0 0.3078125 0.90859375 0.04375 0.05625
0 0.66953125 0.140625 0.034375 0.03984375
0 0.35703125 0.25234375 0.0390625 0.04140625
0 0.6625 0.671875 0.0296875 0.0375
0 0.74453125 0.64921875 0.0265625 0.03984375
0 0.71015625 0.52578125 0.0375 0.04765625
0 0.8015625 0.390625 0.0390625 0.04609375
0 0.8546875 0.478125 0.0296875 0.03359375
0 0.8453125 0.4375 0.040625 0.05390625
0 0.6109375 0.07578125 0.0265625 0.025
0 0.8421875 0.52109375 0.0265625 0.03359375
0 0.88984375 0.93125 0.0328125 0.04609375
0 0.975 0.78984375 0.0234375 0.04140625
0 0.8203125 0.72578125 0.028125 0.02734375
0 0.84453125 0.57734375 0.0265625 0.0375
0 0.70078125 0.853125 0.03125 0.04765625
0 0.1546875 0.565625 0.028125 0.03984375
0 0.5453125 0.46328125 0.034375 0.05234375
0 0.3 0.24765625 0.0359375 0.05625
0 0.60546875 0.484375 0.0234375 0.02734375
0 0.60390625 0.35703125 0.0390625 0.05390625
0 0.596875 0.80390625 0.0421875 0.04765625
0 0.96953125 0.75703125 0.0359375 0.05234375
0 0.94375 0.71171875 0.028125 0.03515625
0 0.2953125 0.703125 0.05 0.06484375
0 0.86328125 0.45859375 0.0234375 0.03125
0 0.19921875 0.04453125 0.046875 0.06640625
0 0.7140625 0.196875 0.01875 0.02734375
0 0.01875 0.49140625 0.0375 0.06640625
0 0.328125 0.246875 0.028125 0.03125
0 0.54375 0.37890625 0.028125 0.04140625
0 0.47109375 0.715625 0.0328125 0.06015625
0 0.53359375 0.43984375 0.0375 0.05390625
2 0.4765625 0.8625 0.021875 0.03359375