0 0.08046875 0.22421875 0.03125 0.05390625
0 0.06015625 0.37890625 0.028125 0.03125
0 0.4203125 0.26484375 0.0359375 0.05625
0 0.90390625 0.24765625 0.0421875 0.04609375
0 0.5734375 0.21953125 0.040625 0.04765625
0 0.72421875 0.25234375 0.0390625 0.04375
0 0.98203125 0.01328125 0.0328125 0.0265625
0 0.9390625 0.109375 0.0328125 0.04765625
0 0.66328125 0.32421875 0.0296875 0.03984375
0 0.6609375 0.396875 0.021875 0.03125
0 0.57109375 0.44765625 0.028125 0.04375
0 0.25078125 0.11796875 0.0390625 0.05234375
0 0.128125 0.79921875 0.025 0.03515625
0 0.2015625 0.409375 0.034375 0.03984375
0 0.33671875 0.85703125 0.04375 0.05625
0 0.30234375 0.71015625 0.025 0.04140625
0 0.4734375 0.959375 0.0390625 0.05859375
0 0.62265625 0.64765625 0.021875 0.03359375
0 0.66484375 0.675 0.0296875 0.0375
0 0.74765625 0.653125 0.0265625 0.03984375
0 0.7234375 0.48125 0.028125 0.04375
0 0.70390625 0.74765625 0.0375 0.04375
0 0.83828125 0.37109375 0.028125 0.0375
0 0.85390625 0.47890625 0.0296875 0.03359375
0 0.86015625 0.425 0.0359375 0.05390625
0 0.61171875 0.09609375 0.0265625 0.03359375
0 0.840625 0.271875 0.025 0.03125
0 0.9 0.88203125 0.0328125 0.04609375
0 0.98125 0.78203125 0.0234375 0.04140625
0 0.8203125 0.73046875 0.028125 0.02734375
0 0.86640625 0.56015625 0.0265625 0.0375
0 0.69375 0.85234375 0.03125 0.04765625
0 0.17109375 0.56484375 0.028125 0.03984375
0 0.6921875 0.275 0.0421875 0.05859375
0 0.55 0.465625 0.034375 0.05234375
0 0.3140625 0.225 0.028125 0.04140625
0 0.11796875 0.471875 0.0203125 0.02734375
0 0.79140625 0.76484375 0.01875 0.02265625
0 0.05625 0.18828125 0.021875 0.03125
0 0.72578125 0.16640625 0.01875 0.02734375
0 0.0234375 0.459375 0.0453125 0.06015625
0 0.3421875 0.21328125 0.0296875 0.0375
0 0.54375 0.37890625 0.028125 0.04140625
0 0.47109375 0.715625 0.0328125 0.06015625
0 0.53515625 0.43984375 0.0375 0.05390625
2 0.4765625 0.8625 0.021875 0.03359375