0 0.015625 0.290625 0.03125 0.05625
0 0.05625 0.39140625 0.028125 0.03359375
0 0.53046875 0.27734375 0.0421875 0.05625
0 0.8890625 0.1125 0.028125 0.04375
0 0.66015625 0.34375 0.0265625 0.03359375
0 0.5890625 0.41796875 0.0375 0.04375
0 0.5421875 0.46171875 0.0359375 0.04140625
0 0.19296875 0.40703125 0.0359375 0.04375
0 0.36171875 0.9828125 0.0390625 0.034375
0 0.00625 0.05546875 0.0125 0.04375
0 0.65859375 0.66640625 0.0296875 0.0375
0 0.74609375 0.65078125 0.0265625 0.03984375
0 0.61015625 0.49140625 0.0390625 0.04609375
0 0.778125 0.4375 0.03125 0.03359375
0 0.85546875 0.48046875 0.0296875 0.03359375
0 0.8265625 0.465625 0.040625 0.05390625
0 0.6015625 0.075 0.0265625 0.025
0 0.828125 0.80390625 0.0203125 0.02890625
0 0.84609375 0.9890625 0.0328125 0.021875
0 0.93984375 0.84140625 0.0234375 0.04140625
0 0.8203125 0.72578125 0.028125 0.02734375
0 0.81640625 0.59296875 0.0265625 0.0375
0 0.65546875 0.86015625 0.0375 0.05390625
0 0.11015625 0.578125 0.028125 0.03984375
0 0.54375 0.46328125 0.034375 0.05234375
0 0.2625 0.30078125 0.0359375 0.05625
0 0.81328125 0.9 0.0390625 0.05390625
0 0.96484375 0.21328125 0.025 0.04375
0 0.38671875 0.65859375 0.0453125 0.0625
0 0.18671875 0.74375 0.04375 0.05390625
0 0.590625 0.85703125 0.0359375 0.04609375
0 0.84296875 0.49453125 0.0484375 0.06640625
0 0.24140625 0.521875 0.0453125 0.05625
0 0.31015625 0.259375 0.0484375 0.04765625
0 0.63515625 0.09765625 0.034375 0.04609375
0 0.37734375 0.06953125 0.0328125 0.04765625
0 0.9921875 0.084375 0.015625 0.03984375
0 0.66796875 0.25234375 0.01875 0.02734375
0 0.0078125 0.509375 0.015625 0.04375
0 0.27890625 0.29140625 0.0265625 0.03359375
0 0.54375 0.37890625 0.028125 0.04140625
0 0.47109375 0.715625 0.0328125 0.06015625
0 0.53203125 0.43984375 0.0375 0.05390625
2 0.4765625 0.8625 0.021875 0.03359375
0 0.70546875 0.98203125 0.0390625 0.03515625
0 0.028125 0.09140625 0.0390625 0.05390625