0 0.0125 0.29296875 0.025 0.05625
0 0.05625 0.39140625 0.028125 0.03359375
0 0.528125 0.278125 0.0421875 0.05625
0 0.8875 0.1125 0.028125 0.04140625
0 0.6578125 0.34375 0.0265625 0.03359375
0 0.5859375 0.40625 0.0375 0.04375
0 0.54140625 0.46171875 0.0359375 0.04140625
0 0.19375 0.40703125 0.0359375 0.04375
0 0.3578125 0.990625 0.0375 0.01875
0 0.00859375 0.09609375 0.0171875 0.03984375
0 0.65859375 0.66640625 0.0296875 0.0375
0 0.74609375 0.65078125 0.0265625 0.03984375
0 0.6 0.47734375 0.0390625 0.04140625
0 0.778125 0.43984375 0.03125 0.03359375
0 0.85546875 0.48125 0.0296875 0.03359375
0 0.82421875 0.46796875 0.040625 0.05390625
0 0.60078125 0.075 0.0265625 0.025
0 0.8328125 0.83984375 0.025 0.0375
0 0.84296875 0.9921875 0.0296875 0.015625
0 0.93828125 0.84453125 0.0234375 0.04140625
0 0.8203125 0.72578125 0.028125 0.02734375
0 0.8125 0.609375 0.0265625 0.0375
0 0.653125 0.85859375 0.0375 0.05390625
0 0.10859375 0.578125 0.028125 0.03984375
0 0.54375 0.46328125 0.034375 0.05234375
0 0.259375 0.30625 0.0359375 0.05625
0 0.86640625 0.934375 0.028125 0.04140625
0 0.9640625 0.215625 0.025 0.04375
0 0.3953125 0.57265625 0.0453125 0.0625
0 0.1390625 0.71015625 0.05 0.05859375
0 0.6265625 0.825 0.0359375 0.03984375
0 0.86484375 0.39609375 0.0484375 0.06640625
0 0.2921875 0.4375 0.0453125 0.06015625
0 0.35234375 0.29921875 0.04375 0.04765625
0 0.64921875 0.140625 0.046875 0.04609375
0 0.340625 0.109375 0.0265625 0.03515625
0 0.97890625 0.165625 0.028125 0.04375
0 0.66328125 0.25859375 0.01875 0.02734375
0 0.0078125 0.51015625 0.015625 0.04140625
0 0.2765625 0.29453125 0.0265625 0.03359375
0 0.54375 0.37890625 0.028125 0.04140625
0 0.47109375 0.715625 0.0328125 0.06015625
0 0.53125 0.43984375 0.0375 0.05390625
2 0.4765625 0.8625 0.021875 0.03359375
0 0.75625 0.93828125 0.040625 0.05234375
0 0.09296875 0.13203125 0.0390625 0.05390625