0 0.06015625 0.23515625 0.034375 0.05625
0 0.05703125 0.39140625 0.028125 0.03359375
0 0.44140625 0.178125 0.04375 0.06640625
0 0.56640625 0.225 0.04375 0.05
0 0.9171875 0.43046875 0.0375 0.04765625
0 0.928125 0.11171875 0.0328125 0.04765625
0 0.66171875 0.32421875 0.0296875 0.03984375
0 0.65859375 0.425 0.021875 0.03359375
0 0.5609375 0.459375 0.028125 0.04375
0 0.20078125 0.40546875 0.0359375 0.04375
0 0.33984375 0.91015625 0.04375 0.05625
0 0.4140625 0.45 0.0375 0.03984375
0 0.46796875 0.465625 0.0296875 0.04140625
0 0.66484375 0.67265625 0.0296875 0.0375
0 0.74609375 0.65078125 0.0265625 0.03984375
0 0.721875 0.50078125 0.034375 0.04765625
0 0.81484375 0.38828125 0.03125 0.03984375
0 0.853125 0.48046875 0.0296875 0.03359375
0 0.85703125 0.425 0.0359375 0.05390625
0 0.61171875 0.09375 0.0265625 0.03359375
0 0.8359375 0.43046875 0.0203125 0.02890625
0 0.90078125 0.91171875 0.0328125 0.04609375
0 0.978125 0.78984375 0.0234375 0.04140625
0 0.8203125 0.72734375 0.028125 0.02734375
0 0.85859375 0.56640625 0.0265625 0.0375
0 0.7015625 0.85078125 0.03125 0.04765625
0 0.16328125 0.565625 0.028125 0.03984375
0 0.546875 0.46328125 0.034375 0.05234375
0 0.309375 0.23828125 0.0375 0.05625
0 0.3828125 0.45390625 0.040625 0.05234375
0 0.73203125 0.309375 0.021875 0.02734375
0 0.0203125 0.5875 0.021875 0.03359375
0 0.77265625 0.64609375 0.025 0.0375
0 0.92421875 0.97578125 0.0375 0.04765625
0 0.9671875 0.36484375 0.028125 0.0375
0 0.24296875 0.89375 0.040625 0.05
0 0.1078125 0.9375 0.0390625 0.05
0 0.121875 0.05 0.046875 0.05625
0 0.04609375 0.49375 0.0421875 0.07109375
0 0.71796875 0.18046875 0.01875 0.02734375
0 0.02109375 0.48125 0.0421875 0.06015625
0 0.3390625 0.23203125 0.0296875 0.0375
0 0.54375 0.37890625 0.028125 0.04140625
0 0.47109375 0.715625 0.0328125 0.06015625
0 0.534375 0.43984375 0.0375 0.05390625
2 0.4765625 0.8625 0.021875 0.03359375