0 0.05390625 0.23828125 0.034375 0.05625
0 0.05625 0.39140625 0.028125 0.03359375
0 0.4671875 0.13984375 0.053125 0.05859375
0 0.5640625 0.228125 0.0453125 0.05390625
0 0.984375 0.4875 0.03125 0.05
0 0.92265625 0.11171875 0.0328125 0.04765625
0 0.66015625 0.325 0.0296875 0.0375
0 0.65546875 0.43515625 0.021875 0.03359375
0 0.55859375 0.4625 0.0296875 0.04140625
0 0.19765625 0.403125 0.0359375 0.04375
0 0.325 0.91171875 0.04375 0.05625
0 0.49765625 0.27734375 0.0375 0.04609375
0 0.4625 0.33046875 0.0296875 0.0375
0 0.6640625 0.67265625 0.0296875 0.0375
0 0.7453125 0.65 0.0265625 0.03984375
0 0.71640625 0.51640625 0.034375 0.04765625
0 0.809375 0.39609375 0.0265625 0.03515625
0 0.853125 0.47890625 0.0296875 0.03359375
0 0.85234375 0.428125 0.0390625 0.05390625
0 0.61171875 0.09140625 0.0265625 0.03359375
0 0.83359375 0.46484375 0.0203125 0.025
0 0.90078125 0.91640625 0.0328125 0.04609375
0 0.97734375 0.78828125 0.0234375 0.04140625
0 0.8203125 0.72578125 0.028125 0.02734375
0 0.84921875 0.57265625 0.0265625 0.0375
0 0.69453125 0.85234375 0.03125 0.04765625
0 0.15625 0.565625 0.028125 0.03984375
0 0.54609375 0.46328125 0.034375 0.05234375
0 0.30546875 0.24375 0.0359375 0.05625
0 0.49765625 0.46015625 0.040625 0.05
0 0.70078125 0.13515625 0.01875 0.025
0 0.6703125 0.534375 0.040625 0.05234375
0 0.77734375 0.91015625 0.040625 0.05625
0 0.84296875 0.95234375 0.0390625 0.05390625
0 0.96171875 0.51484375 0.028125 0.03515625
0 0.05859375 0.940625 0.0328125 0.03984375
0 0.18359375 0.81796875 0.040625 0.05390625
0 0.0921875 0.90859375 0.04375 0.06015625
0 0.940625 0.33671875 0.03125 0.03125
0 0.1171875 0.2875 0.046875 0.07109375
0 0.7078125 0.16875 0.01875 0.02734375
0 0.01953125 0.484375 0.0390625 0.06484375
0 0.33515625 0.2375 0.0296875 0.0375
0 0.54375 0.37890625 0.028125 0.04140625
0 0.47109375 0.715625 0.0328125 0.06015625
0 0.534375 0.43984375 0.0375 0.05390625
2 0.4765625 0.8625 0.021875 0.03359375