0 0.02578125 0.27109375 0.034375 0.05625
0 0.05625 0.390625 0.028125 0.03359375
0 0.54140625 0.01796875 0.040625 0.03515625
0 0.546875 0.26953125 0.0421875 0.05625
0 0.9015625 0.11015625 0.0328125 0.04765625
0 0.659375 0.33828125 0.0265625 0.03359375
0 0.61484375 0.45703125 0.0375 0.04375
0 0.54375 0.45859375 0.0359375 0.04140625
0 0.19453125 0.403125 0.0359375 0.04375
0 0.33203125 0.90703125 0.0421875 0.05625
0 0.14765625 0.071875 0.0234375 0.03125
0 0.65859375 0.66875 0.0296875 0.0375
0 0.7453125 0.65 0.0265625 0.03984375
0 0.653125 0.52890625 0.0390625 0.04765625
0 0.78046875 0.4125 0.03125 0.03359375
0 0.85390625 0.47890625 0.0296875 0.03359375
0 0.83828125 0.453125 0.040625 0.05390625
0 0.60625 0.07265625 0.0265625 0.025
0 0.84453125 0.71328125 0.034375 0.04609375
0 0.86015625 0.97421875 0.0328125 0.04609375
0 0.953125 0.82578125 0.0234375 0.04140625
0 0.8203125 0.72578125 0.028125 0.02734375
0 0.8234375 0.58359375 0.0265625 0.0375
0 0.675 0.859375 0.03125 0.04765625
0 0.13203125 0.56953125 0.028125 0.03984375
0 0.54375 0.46328125 0.034375 0.05234375
0 0.28046875 0.28125 0.0359375 0.05625
0 0.91171875 0.49765625 0.01875 0.02734375
0 0.4140625 0.084375 0.025 0.03125
0 0.1375 0.69140625 0.04375 0.05390625
0 0.61171875 0.775 0.046875 0.05625
0 0.896875 0.95625 0.025 0.03515625
0 0.97890625 0.19765625 0.025 0.04375
0 0.353125 0.871875 0.046875 0.06484375
0 0.69921875 0.93203125 0.0453125 0.06015625
0 0.12265625 0.09296875 0.0421875 0.04609375
0 0.5671875 0.04921875 0.0390625 0.04765625
0 0.6859375 0.23203125 0.01875 0.02734375
0 0.01328125 0.509375 0.0265625 0.05390625
0 0.2984375 0.278125 0.0265625 0.03359375
0 0.54375 0.37890625 0.028125 0.04140625
0 0.47109375 0.715625 0.0328125 0.06015625
0 0.5328125 0.43984375 0.0375 0.05390625
2 0.4765625 0.8625 0.021875 0.03359375