0 0.0890625 0.21875 0.03125 0.05390625
0 0.06484375 0.36796875 0.0265625 0.02890625
0 0.40703125 0.29140625 0.0375 0.05234375
0 0.7484375 0.16640625 0.0390625 0.04609375
0 0.5765625 0.215625 0.040625 0.04765625
0 0.66953125 0.18125 0.0234375 0.0375
0 0.93828125 0.01875 0.0234375 0.025
0 0.94140625 0.10546875 0.0328125 0.04765625
0 0.66328125 0.32421875 0.0296875 0.03984375
0 0.6640625 0.38515625 0.021875 0.03359375
0 0.57421875 0.44140625 0.028125 0.04375
0 0.17109375 0.234375 0.04375 0.05859375
0 0.18359375 0.60078125 0.03125 0.04140625
0 0.2015625 0.409375 0.034375 0.03984375
0 0.32578125 0.85859375 0.04375 0.05625
0 0.265625 0.80546875 0.0375 0.04375
0 0.4640625 0.94609375 0.034375 0.05
0 0.653125 0.73671875 0.028125 0.04375
0 0.66484375 0.67578125 0.0296875 0.0375
0 0.74765625 0.653125 0.0265625 0.03984375
0 0.7265625 0.47265625 0.0265625 0.03984375
0 0.77421875 0.59296875 0.0375 0.05234375
0 0.84453125 0.36171875 0.028125 0.0375
0 0.853125 0.478125 0.0296875 0.03359375
0 0.8609375 0.42265625 0.0359375 0.05390625
0 0.61484375 0.09609375 0.0265625 0.03359375
0 0.8171875 0.24765625 0.025 0.03359375
0 0.90546875 0.87734375 0.0328125 0.04609375
0 0.9921875 0.9890625 0.015625 0.021875
0 0.9828125 0.77890625 0.0234375 0.04140625
0 0.82109375 0.73125 0.028125 0.02734375
0 0.796875 0.84140625 0.0328125 0.04375
0 0.87265625 0.55625 0.0265625 0.0375
0 0.70234375 0.846875 0.03125 0.04765625
0 0.175 0.56328125 0.028125 0.03984375
0 0.6921875 0.50859375 0.0421875 0.05859375
0 0.55078125 0.465625 0.034375 0.05234375
0 0.3171875 0.21875 0.028125 0.04140625
0 0.05625 0.58984375 0.03125 0.0375
0 0.909375 0.82109375 0.0203125 0.025
0 0.98046875 0.93515625 0.025 0.03359375
0 0.0171875 0.04140625 0.01875 0.02890625
0 0.7375 0.15703125 0.01875 0.02734375
0 0.02578125 0.44765625 0.0453125 0.06015625
0 0.346875 0.20625 0.0296875 0.0375
0 0.54375 0.37890625 0.028125 0.04140625
0 0.47109375 0.715625 0.0328125 0.06015625
0 0.5359375 0.43984375 0.0375 0.05390625
2 0.4765625 0.8625 0.021875 0.03359375