0 0.0625 0.23359375 0.0328125 0.05390625
0 0.0578125 0.390625 0.028125 0.03359375
0 0.43125 0.1875 0.0421875 0.05625
0 0.5671875 0.22421875 0.0421875 0.05234375
0 0.8875 0.40859375 0.034375 0.03984375
0 0.92890625 0.11171875 0.0328125 0.04765625
0 0.66171875 0.32421875 0.0296875 0.03984375
0 0.659375 0.42109375 0.021875 0.03359375
0 0.5625 0.45859375 0.028125 0.04375
0 0.2015625 0.40625 0.0359375 0.04375
0 0.34609375 0.90625 0.04375 0.05625
0 0.3765625 0.49140625 0.0375 0.0375
0 0.4765625 0.490625 0.025 0.03515625
0 0.66484375 0.67265625 0.0296875 0.0375
0 0.74609375 0.65078125 0.0265625 0.03984375
0 0.71953125 0.50078125 0.0296875 0.04375
0 0.8265625 0.390625 0.0234375 0.03125
0 0.853125 0.48046875 0.0296875 0.03359375
0 0.85703125 0.425 0.0359375 0.05390625
0 0.61171875 0.09375 0.0265625 0.03359375
0 0.8359375 0.41015625 0.01875 0.02265625
0 0.90078125 0.90625 0.0328125 0.04609375
0 0.97890625 0.78984375 0.0234375 0.04140625
0 0.8203125 0.728125 0.028125 0.02734375
0 0.86015625 0.56484375 0.0265625 0.0375
0 0.70234375 0.85078125 0.03125 0.04765625
0 0.1640625 0.565625 0.028125 0.03984375
0 0.546875 0.46328125 0.034375 0.05234375
0 0.31015625 0.23671875 0.0390625 0.05625
0 0.35 0.44140625 0.0453125 0.05234375
0 0.7171875 0.35859375 0.021875 0.02734375
0 0.0296875 0.53203125 0.021875 0.03125
0 0.8 0.68359375 0.034375 0.04140625
0 0.978125 0.98203125 0.034375 0.03515625
0 0.95703125 0.31171875 0.0234375 0.03984375
0 0.3046875 0.88984375 0.040625 0.05
0 0.090625 0.97890625 0.046875 0.04140625
0 0.1765625 0.021875 0.0484375 0.04375
0 0.03046875 0.55703125 0.040625 0.06875
0 0.48515625 0.99453125 0.0203125 0.01015625
0 0.71875 0.17890625 0.01875 0.02734375
0 0.02109375 0.48046875 0.0421875 0.06015625
0 0.33984375 0.23125 0.0296875 0.0375
0 0.54375 0.37890625 0.028125 0.04140625
0 0.47109375 0.715625 0.0328125 0.06015625
0 0.534375 0.43984375 0.0375 0.05390625
2 0.4765625 0.8625 0.021875 0.03359375