0 0.04609375 0.25 0.034375 0.05625
0 0.05625 0.38984375 0.028125 0.03359375
0 0.50390625 0.06484375 0.040625 0.05859375
0 0.55625 0.23828125 0.04375 0.06015625
0 0.9125 0.10703125 0.0328125 0.04765625
0 0.66015625 0.32890625 0.0265625 0.03359375
0 0.65625 0.43984375 0.021875 0.03359375
0 0.55234375 0.44765625 0.0359375 0.04140625
0 0.19765625 0.403125 0.0359375 0.04375
0 0.30625 0.9 0.0453125 0.0625
0 0.75390625 0.07578125 0.0328125 0.04140625
0 0.31171875 0.17265625 0.0234375 0.03359375
0 0.66171875 0.671875 0.0296875 0.0375
0 0.74453125 0.64921875 0.0265625 0.03984375
0 0.70390625 0.534375 0.0390625 0.04765625
0 0.79921875 0.39375 0.0390625 0.04609375
0 0.8546875 0.47890625 0.0296875 0.03359375
0 0.8453125 0.44375 0.040625 0.05390625
0 0.6125 0.07265625 0.0265625 0.025
0 0.82734375 0.59296875 0.0265625 0.03515625
0 0.884375 0.94375 0.0328125 0.04609375
0 0.97265625 0.79609375 0.0234375 0.04140625
0 0.8203125 0.72578125 0.028125 0.02734375
0 0.83984375 0.575 0.0265625 0.0375
0 0.69453125 0.85546875 0.03125 0.04765625
0 0.14765625 0.565625 0.028125 0.03984375
0 0.54453125 0.46328125 0.034375 0.05234375
0 0.29765625 0.25078125 0.0359375 0.05625
0 0.67265625 0.45625 0.01875 0.02890625
0 0.54765625 0.315625 0.0359375 0.05234375
0 0.5125 0.72265625 0.040625 0.0625
0 0.9296875 0.796875 0.025 0.04140625
0 0.3578125 0.68984375 0.0453125 0.05390625
0 0.81484375 0.55234375 0.0296875 0.05234375
0 0.8359375 0.140625 0.034375 0.05625
0 0.99453125 0.178125 0.0109375 0.03984375
0 0.70859375 0.20078125 0.01875 0.02734375
0 0.01640625 0.49453125 0.0328125 0.06015625
0 0.32265625 0.25390625 0.0265625 0.02890625
0 0.54375 0.37890625 0.028125 0.04140625
0 0.47109375 0.715625 0.0328125 0.06015625
0 0.53359375 0.43984375 0.0375 0.05390625
2 0.4765625 0.8625 0.021875 0.03359375