0 0.0515625 0.240625 0.034375 0.05625
0 0.05625 0.390625 0.028125 0.03359375
0 0.49921875 0.115625 0.0453125 0.05625
0 0.56171875 0.23125 0.0453125 0.05390625
0 0.91953125 0.109375 0.0328125 0.04765625
0 0.66015625 0.32734375 0.0265625 0.03359375
0 0.653125 0.4375 0.021875 0.03359375
0 0.56171875 0.47109375 0.0296875 0.04140625
0 0.19765625 0.403125 0.0359375 0.04375
0 0.3046875 0.90546875 0.04375 0.05625
0 0.6109375 0.17109375 0.0328125 0.04765625
0 0.384375 0.24453125 0.025 0.03359375
0 0.6625 0.671875 0.0296875 0.0375
0 0.74453125 0.64921875 0.0265625 0.03984375
0 0.71328125 0.521875 0.0359375 0.04765625
0 0.80234375 0.38984375 0.0390625 0.04609375
0 0.8546875 0.478125 0.0296875 0.03359375
0 0.84609375 0.434375 0.040625 0.05390625
0 0.61015625 0.07890625 0.0265625 0.02734375
0 0.825 0.5125 0.0234375 0.03515625
0 0.89140625 0.92265625 0.0328125 0.04609375
0 0.97578125 0.7875 0.0234375 0.04140625
0 0.8203125 0.72578125 0.028125 0.02734375
0 0.846875 0.575 0.0265625 0.0375
0 0.6984375 0.853125 0.03125 0.04765625
0 0.15546875 0.565625 0.028125 0.03984375
0 0.5453125 0.46328125 0.034375 0.05234375
0 0.3015625 0.246875 0.0359375 0.05625
0 0.58203125 0.47734375 0.0234375 0.02734375
0 0.6171875 0.41171875 0.0390625 0.04765625
0 0.64609375 0.83203125 0.0421875 0.04765625
0 0.93515625 0.821875 0.046875 0.05859375
0 0.946875 0.66015625 0.028125 0.03515625
0 0.26484375 0.7125 0.046875 0.05625
0 0.875 0.41484375 0.0234375 0.03125
0 0.17734375 0.11796875 0.046875 0.07109375
0 0.71640625 0.19140625 0.01875 0.02734375
0 0.01875 0.490625 0.0375 0.06640625
0 0.33046875 0.24296875 0.0296875 0.03515625
0 0.54375 0.37890625 0.028125 0.04140625
0 0.47109375 0.715625 0.0328125 0.06015625
0 0.53359375 0.43984375 0.0375 0.05390625
2 0.4765625 0.8625 0.021875 0.03359375