0 0.021875 0.28125 0.034375 0.05625
0 0.05625 0.390625 0.028125 0.03359375
0 0.54453125 0.27265625 0.0421875 0.05625
0 0.8984375 0.11171875 0.03125 0.04765625
0 0.65859375 0.340625 0.0265625 0.03359375
0 0.6046875 0.44609375 0.0375 0.04375
0 0.54296875 0.459375 0.0359375 0.04140625
0 0.19375 0.40390625 0.0359375 0.04375
0 0.3421875 0.92734375 0.0390625 0.05390625
0 0.0921875 0.0375 0.034375 0.04609375
0 0.65859375 0.66796875 0.0296875 0.0375
0 0.7453125 0.65 0.0265625 0.03984375
0 0.63984375 0.51953125 0.0390625 0.04765625
0 0.7828125 0.42578125 0.03125 0.03359375
0 0.85390625 0.47734375 0.0296875 0.03359375
0 0.8296875 0.45625 0.040625 0.05390625
0 0.6046875 0.07265625 0.0265625 0.025
0 0.83828125 0.746875 0.0328125 0.04375
0 0.85703125 0.9796875 0.0328125 0.040625
0 0.94921875 0.83125 0.0234375 0.04140625
0 0.8203125 0.72578125 0.028125 0.02734375
0 0.821875 0.58984375 0.0265625 0.0375
0 0.675 0.859375 0.03125 0.04765625
0 0.12890625 0.57109375 0.028125 0.03984375
0 0.54375 0.46328125 0.034375 0.05234375
0 0.2765625 0.28984375 0.0359375 0.05625
0 0.99375 0.47109375 0.0125 0.02890625
0 0.37890625 0.04609375 0.0296875 0.03984375
0 0.09296875 0.85078125 0.0421875 0.06015625
0 0.68125 0.809375 0.046875 0.05625
0 0.975 0.20390625 0.025 0.04375
0 0.3859375 0.921875 0.0421875 0.06015625
0 0.2984375 0.79765625 0.0421875 0.0625
0 0.50078125 0.9796875 0.0328125 0.040625
0 0.7453125 0.77890625 0.0515625 0.07890625
0 0.01953125 0.54765625 0.0359375 0.05859375
0 0.19296875 0.153125 0.0484375 0.04765625
0 0.59140625 0.08125 0.0421875 0.05390625
0 0.484375 0.009375 0.0375 0.01875
0 0.68125 0.23828125 0.01875 0.02734375
0 0.0125 0.51015625 0.025 0.05390625
0 0.290625 0.28203125 0.0265625 0.03359375
0 0.54375 0.37890625 0.028125 0.04140625
0 0.47109375 0.715625 0.0328125 0.06015625
0 0.53203125 0.43984375 0.0375 0.05390625
2 0.4765625 0.8625 0.021875 0.03359375