0 0.0234375 0.27734375 0.034375 0.05625
0 0.05625 0.390625 0.028125 0.03359375
0 0.54375 0.01328125 0.040625 0.0265625
0 0.54453125 0.27109375 0.0421875 0.05625
0 0.9 0.11171875 0.0328125 0.04765625
0 0.65859375 0.33984375 0.0265625 0.03359375
0 0.60859375 0.45234375 0.0375 0.04375
0 0.54296875 0.459375 0.0359375 0.04140625
0 0.19375 0.40390625 0.0359375 0.04375
0 0.328125 0.92734375 0.0375 0.05390625
0 0.0921875 0.07734375 0.025 0.03359375
0 0.65859375 0.66796875 0.0296875 0.0375
0 0.7453125 0.65 0.0265625 0.03984375
0 0.6453125 0.52421875 0.0390625 0.04765625
0 0.7828125 0.42109375 0.03125 0.03359375
0 0.85234375 0.47890625 0.0296875 0.03359375
0 0.83203125 0.45546875 0.040625 0.05390625
0 0.60546875 0.07265625 0.0265625 0.025
0 0.84765625 0.72421875 0.034375 0.02890625
0 0.859375 0.978125 0.0328125 0.04375
0 0.95078125 0.82890625 0.0234375 0.04140625
0 0.8203125 0.72578125 0.028125 0.02734375
0 0.82265625 0.58984375 0.0265625 0.0375
0 0.675 0.859375 0.03125 0.04765625
0 0.1296875 0.57109375 0.028125 0.03984375
0 0.54375 0.46328125 0.034375 0.05234375
0 0.27890625 0.28671875 0.0359375 0.05625
0 0.975 0.48359375 0.0203125 0.02734375
0 0.39140625 0.053125 0.028125 0.04140625
0 0.10859375 0.79609375 0.0421875 0.05625
0 0.64921875 0.809375 0.046875 0.05625
0 0.9765625 0.20078125 0.025 0.04375
0 0.39453125 0.97578125 0.0421875 0.04765625
0 0.3203125 0.82734375 0.0390625 0.05859375
0 0.73046875 0.83359375 0.0515625 0.07890625
0 0.16796875 0.13359375 0.0484375 0.04765625
0 0.578125 0.07890625 0.0390625 0.04765625
0 0.68359375 0.23515625 0.01875 0.02734375
0 0.01328125 0.50859375 0.0265625 0.05390625
0 0.29375 0.28125 0.0265625 0.03359375
0 0.54375 0.37890625 0.028125 0.04140625
0 0.47109375 0.715625 0.0328125 0.06015625
0 0.53203125 0.43984375 0.0375 0.05390625
2 0.4765625 0.8625 0.021875 0.03359375