0 0.06796875 0.23046875 0.0328125 0.05390625
0 0.059375 0.38828125 0.028125 0.03359375
0 0.421875 0.225 0.0390625 0.06015625
0 0.56875 0.22265625 0.0421875 0.05234375
0 0.834375 0.353125 0.0328125 0.03984375
0 0.934375 0.11171875 0.0328125 0.04765625
0 0.66328125 0.32421875 0.0296875 0.03984375
0 0.65625 0.41015625 0.021875 0.03359375
0 0.565625 0.45546875 0.028125 0.04375
0 0.2015625 0.40546875 0.034375 0.04140625
0 0.353125 0.89375 0.04375 0.05859375
0 0.3515625 0.5875 0.03125 0.04375
0 0.48125 0.97890625 0.0421875 0.0375
0 0.50703125 0.5625 0.028125 0.03359375
0 0.66484375 0.67421875 0.0296875 0.0375
0 0.746875 0.65234375 0.0265625 0.03984375
0 0.71796875 0.49296875 0.0296875 0.04375
0 0.6328125 0.9890625 0.0375 0.021875
0 0.83359375 0.38515625 0.028125 0.0375
0 0.85390625 0.47890625 0.0296875 0.03359375
0 0.85859375 0.42734375 0.0359375 0.05390625
0 0.61171875 0.09609375 0.0265625 0.03359375
0 0.84765625 0.365625 0.021875 0.02890625
0 0.90078125 0.896875 0.0328125 0.04609375
0 0.9796875 0.7875 0.0234375 0.04140625
0 0.8203125 0.72890625 0.028125 0.02734375
0 0.8625 0.565625 0.0265625 0.0375
0 0.703125 0.85078125 0.03125 0.04765625
0 0.16640625 0.565625 0.028125 0.03984375
0 0.546875 0.46328125 0.034375 0.05234375
0 0.31171875 0.234375 0.03125 0.04609375
0 0.26640625 0.42734375 0.0390625 0.05390625
0 0.7328125 0.51171875 0.01875 0.025
0 0.071875 0.43359375 0.021875 0.03125
0 0.87734375 0.77734375 0.0390625 0.05
0 0.965625 0.18203125 0.0234375 0.03984375
0 0.42578125 0.953125 0.040625 0.05
0 0.7203125 0.17734375 0.01875 0.02734375
0 0.021875 0.47421875 0.0421875 0.06015625
0 0.34140625 0.22734375 0.0296875 0.0375
0 0.54375 0.37890625 0.028125 0.04140625
0 0.47109375 0.715625 0.0328125 0.06015625
0 0.534375 0.43984375 0.0375 0.05390625
2 0.4765625 0.8625 0.021875 0.03359375