0 0.07421875 0.22890625 0.03125 0.05390625
0 0.0578125 0.38671875 0.028125 0.03359375
0 0.42421875 0.24609375 0.0390625 0.05625
0 0.57109375 0.22109375 0.040625 0.05
0 0.77421875 0.32734375 0.028125 0.04375
0 0.9375 0.11328125 0.0328125 0.04765625
0 0.66328125 0.32421875 0.0296875 0.03984375
0 0.6578125 0.40625 0.0203125 0.03125
0 0.56875 0.45078125 0.028125 0.04375
0 0.31015625 0.01328125 0.0359375 0.0265625
0 0.06015625 0.94609375 0.0265625 0.03515625
0 0.2015625 0.40625 0.034375 0.04140625
0 0.34375 0.8625 0.04375 0.05625
0 0.33984375 0.61953125 0.0296875 0.03515625
0 0.478125 0.9734375 0.046875 0.053125
0 0.5546875 0.57890625 0.0265625 0.03984375
0 0.66484375 0.675 0.0296875 0.0375
0 0.746875 0.65234375 0.0265625 0.03984375
0 0.7203125 0.48984375 0.0296875 0.04375
0 0.66875 0.89765625 0.0375 0.04609375
0 0.8375 0.378125 0.028125 0.0375
0 0.85390625 0.48046875 0.0296875 0.03125
0 0.859375 0.42578125 0.0359375 0.05390625
0 0.61171875 0.09765625 0.0265625 0.03359375
0 0.84375 0.32265625 0.025 0.03125
0 0.90078125 0.890625 0.0328125 0.04609375
0 0.9796875 0.78515625 0.0234375 0.04140625
0 0.8203125 0.72890625 0.028125 0.02734375
0 0.8640625 0.565625 0.0265625 0.0375
0 0.69765625 0.85234375 0.03125 0.04765625
0 0.16796875 0.565625 0.028125 0.03984375
0 0.6640625 0.090625 0.0421875 0.05859375
0 0.54765625 0.46328125 0.034375 0.05234375
0 0.31171875 0.23046875 0.028125 0.04140625
0 0.20390625 0.44140625 0.04375 0.05234375
0 0.75 0.64609375 0.01875 0.025
0 0.096875 0.32421875 0.021875 0.02890625
0 0.946875 0.871875 0.03125 0.03984375
0 0.98046875 0.05078125 0.0234375 0.02890625
0 0.71875 0.17421875 0.01875 0.02734375
0 0.02265625 0.46640625 0.04375 0.06015625
0 0.34140625 0.22265625 0.0296875 0.0375
0 0.54375 0.37890625 0.028125 0.04140625
0 0.47109375 0.715625 0.0328125 0.06015625
0 0.53515625 0.43984375 0.0375 0.05390625
2 0.4765625 0.8625 0.021875 0.03359375