0 0.0859375 0.21875 0.03125 0.05390625
0 0.0640625 0.37109375 0.0265625 0.02890625
0 0.4171875 0.28515625 0.0375 0.04765625
0 0.78046875 0.18203125 0.040625 0.04765625
0 0.575 0.21640625 0.040625 0.04765625
0 0.67734375 0.20390625 0.0328125 0.05234375
0 0.953125 0.025 0.0234375 0.025
0 0.940625 0.10625 0.0328125 0.04765625
0 0.66328125 0.32421875 0.0296875 0.03984375
0 0.66328125 0.38671875 0.021875 0.03359375
0 0.5734375 0.44296875 0.028125 0.04375
0 0.18203125 0.21875 0.04375 0.05859375
0 0.184375 0.64765625 0.03125 0.04140625
0 0.2015625 0.41171875 0.034375 0.03984375
0 0.32734375 0.85078125 0.04375 0.05625
0 0.2796875 0.76875 0.0359375 0.05
0 0.4703125 0.94765625 0.0375 0.05234375
0 0.65703125 0.71875 0.0359375 0.04765625
0 0.66484375 0.67578125 0.0296875 0.0375
0 0.74765625 0.653125 0.0265625 0.03984375
0 0.72421875 0.475 0.0265625 0.04140625
0 0.765625 0.63125 0.0359375 0.05
0 0.84453125 0.36484375 0.028125 0.0375
0 0.85390625 0.47734375 0.0296875 0.03359375
0 0.8609375 0.42421875 0.0359375 0.05390625
0 0.6140625 0.09609375 0.0265625 0.03359375
0 0.8078125 0.26328125 0.025 0.03125
0 0.90390625 0.878125 0.0328125 0.04609375
0 0.98828125 0.990625 0.0171875 0.01875
0 0.98203125 0.78046875 0.0234375 0.04140625
0 0.82109375 0.73125 0.028125 0.02734375
0 0.8015625 0.89921875 0.0328125 0.04375
0 0.87109375 0.55859375 0.0265625 0.0375
0 0.70078125 0.846875 0.03125 0.04765625
0 0.17421875 0.56328125 0.028125 0.03984375
0 0.70625 0.45 0.0421875 0.05859375
0 0.55078125 0.465625 0.034375 0.05234375
0 0.31640625 0.22109375 0.028125 0.04140625
0 0.07734375 0.56796875 0.0375 0.04375
0 0.87265625 0.8125 0.0203125 0.025
0 0.940625 0.940625 0.025 0.03515625
0 0.02578125 0.075 0.021875 0.03359375
0 0.73515625 0.16015625 0.01875 0.02734375
0 0.025 0.45234375 0.0453125 0.06015625
0 0.3453125 0.20703125 0.0296875 0.0375
0 0.54375 0.37890625 0.028125 0.04140625
0 0.47109375 0.715625 0.0328125 0.06015625
0 0.53515625 0.43984375 0.0375 0.05390625
2 0.4765625 0.8625 0.021875 0.03359375