0 0.053125 0.23828125 0.034375 0.05625
0 0.05625 0.39140625 0.028125 0.03359375
0 0.47421875 0.11875 0.0453125 0.05625
0 0.5625 0.23046875 0.0453125 0.05390625
0 0.92109375 0.11015625 0.0328125 0.04765625
0 0.66015625 0.32578125 0.028125 0.03515625
0 0.6546875 0.43359375 0.021875 0.03359375
0 0.559375 0.46328125 0.03125 0.03984375
0 0.19765625 0.403125 0.0359375 0.04375
0 0.3125 0.909375 0.04375 0.05625
0 0.56484375 0.221875 0.0328125 0.04375
0 0.4078125 0.28203125 0.0234375 0.03359375
0 0.66328125 0.671875 0.0296875 0.0375
0 0.74453125 0.64921875 0.0265625 0.03984375
0 0.7125 0.51953125 0.034375 0.04765625
0 0.803125 0.39296875 0.0328125 0.03984375
0 0.85390625 0.47734375 0.0296875 0.03359375
0 0.84921875 0.43125 0.040625 0.05390625
0 0.6109375 0.08515625 0.0265625 0.02890625
0 0.81875 0.484375 0.0234375 0.025
0 0.8984375 0.91953125 0.0328125 0.04609375
0 0.9765625 0.7875 0.0234375 0.04140625
0 0.8203125 0.72578125 0.028125 0.02734375
0 0.84765625 0.57265625 0.0265625 0.0375
0 0.69375 0.853125 0.03125 0.04765625
0 0.15546875 0.565625 0.028125 0.03984375
0 0.5453125 0.46328125 0.034375 0.05234375
0 0.303125 0.24453125 0.0359375 0.05625
0 0.53828125 0.45 0.0203125 0.03359375
0 0.659375 0.04296875 0.0203125 0.025
0 0.6515625 0.453125 0.0328125 0.04140625
0 0.70859375 0.865625 0.0421875 0.05390625
0 0.9015625 0.87578125 0.04375 0.06015625
0 0.94140625 0.59296875 0.028125 0.03515625
0 0.2171875 0.74921875 0.046875 0.06015625
0 0.0390625 0.89375 0.04375 0.05859375
0 0.90390625 0.38125 0.03125 0.04375
0 0.153125 0.190625 0.046875 0.07109375
0 0.71796875 0.18515625 0.01875 0.02734375
0 0.01875 0.4875 0.0375 0.06640625
0 0.3328125 0.240625 0.0296875 0.03515625
0 0.54375 0.37890625 0.028125 0.04140625
0 0.47109375 0.715625 0.0328125 0.06015625
0 0.53359375 0.43984375 0.0375 0.05390625
2 0.4765625 0.8625 0.021875 0.03359375