0 0.0203125 0.28671875 0.034375 0.05625
0 0.05625 0.390625 0.028125 0.03359375
0 0.54140625 0.275 0.0421875 0.05625
0 0.89609375 0.11171875 0.03125 0.04765625
0 0.65859375 0.34140625 0.0265625 0.03359375
0 0.60390625 0.44296875 0.0375 0.04375
0 0.54296875 0.459375 0.0359375 0.04140625
0 0.19296875 0.40546875 0.0359375 0.04375
0 0.3515625 0.94453125 0.0390625 0.05390625
0 0.0828125 0.01796875 0.0359375 0.03515625
0 0.65859375 0.66796875 0.0296875 0.0375
0 0.7453125 0.65 0.0265625 0.03984375
0 0.63359375 0.51484375 0.0390625 0.04765625
0 0.78203125 0.43046875 0.028125 0.03125
0 0.85390625 0.47734375 0.0296875 0.03359375
0 0.828125 0.45859375 0.040625 0.05390625
0 0.6046875 0.07265625 0.0265625 0.025
0 0.83359375 0.76328125 0.0328125 0.04375
0 0.85390625 0.9828125 0.0328125 0.034375
0 0.946875 0.83359375 0.0234375 0.04140625
0 0.8203125 0.72578125 0.028125 0.02734375
0 0.8203125 0.59296875 0.0265625 0.0375
0 0.66875 0.86015625 0.034375 0.05
0 0.1265625 0.571875 0.028125 0.03984375
0 0.54375 0.46328125 0.034375 0.05234375
0 0.2734375 0.29296875 0.0359375 0.05625
0 0.3703125 0.02421875 0.0390625 0.04609375
0 0.0796875 0.91328125 0.04375 0.05390625
0 0.70859375 0.82578125 0.046875 0.05625
0 0.9734375 0.20703125 0.025 0.04375
0 0.37578125 0.859375 0.04375 0.0625
0 0.27421875 0.77265625 0.04375 0.06484375
0 0.525 0.953125 0.034375 0.03984375
0 0.76640625 0.70859375 0.0515625 0.07890625
0 0.0765625 0.55390625 0.053125 0.05859375
0 0.21953125 0.17265625 0.0484375 0.04765625
0 0.60703125 0.08359375 0.040625 0.04765625
0 0.453125 0.00546875 0.0296875 0.01015625
0 0.678125 0.24140625 0.01875 0.02734375
0 0.01171875 0.51171875 0.0234375 0.05234375
0 0.2875 0.284375 0.0265625 0.03359375
0 0.54375 0.37890625 0.028125 0.04140625
0 0.47109375 0.715625 0.0328125 0.06015625
0 0.53203125 0.43984375 0.0375 0.05390625
2 0.4765625 0.8625 0.021875 0.03359375