0 0.08125 0.22265625 0.03125 0.05390625
0 0.0609375 0.378125 0.028125 0.03125
0 0.4140625 0.26796875 0.034375 0.05625
0 0.88203125 0.24140625 0.0421875 0.04609375
0 0.5734375 0.21953125 0.040625 0.04765625
0 0.72109375 0.234375 0.0296875 0.0375
0 0.98046875 0.02265625 0.03125 0.03515625
0 0.93828125 0.10859375 0.0328125 0.04765625
0 0.66328125 0.32421875 0.0296875 0.03984375
0 0.6609375 0.39375 0.021875 0.03125
0 0.57109375 0.44765625 0.028125 0.04375
0 0.2359375 0.13046875 0.0359375 0.05625
0 0.1515625 0.78125 0.0265625 0.03515625
0 0.2015625 0.41015625 0.034375 0.03984375
0 0.334375 0.859375 0.04375 0.05625
0 0.3125 0.7375 0.0359375 0.03984375
0 0.46875 0.965625 0.040625 0.05390625
0 0.6109375 0.66328125 0.0265625 0.03359375
0 0.66484375 0.675 0.0296875 0.0375
0 0.74765625 0.653125 0.0265625 0.03984375
0 0.7234375 0.47890625 0.0265625 0.04375
0 0.7234375 0.734375 0.0375 0.04140625
0 0.8390625 0.37109375 0.028125 0.0375
0 0.85390625 0.478125 0.0296875 0.03359375
0 0.86015625 0.425 0.0359375 0.05390625
0 0.61171875 0.09609375 0.0265625 0.03359375
0 0.83125 0.28046875 0.025 0.03125
0 0.89921875 0.88125 0.0328125 0.04609375
0 0.98125 0.78203125 0.0234375 0.04140625
0 0.8203125 0.73046875 0.028125 0.02734375
0 0.8671875 0.559375 0.0265625 0.0375
0 0.6953125 0.85 0.03125 0.04765625
0 0.171875 0.56484375 0.028125 0.03984375
0 0.7046875 0.3 0.0421875 0.05859375
0 0.55 0.465625 0.034375 0.05234375
0 0.31484375 0.22421875 0.028125 0.04140625
0 0.1140625 0.48828125 0.0328125 0.04375
0 0.79296875 0.78125 0.01875 0.02265625
0 0.053125 0.16640625 0.021875 0.03125
0 0.9953125 0.009375 0.009375 0.01875
0 0.7265625 0.16640625 0.01875 0.02734375
0 0.0234375 0.45859375 0.0453125 0.06015625
0 0.34296875 0.2125 0.0296875 0.0375
0 0.54375 0.37890625 0.028125 0.04140625
0 0.47109375 0.715625 0.0328125 0.06015625
0 0.53515625 0.43984375 0.0375 0.05390625
2 0.4765625 0.8625 0.021875 0.03359375