0 0.046875 0.24921875 0.034375 0.05625
0 0.05625 0.38984375 0.028125 0.03359375
0 0.509375 0.08046875 0.040625 0.06015625
0 0.5578125 0.2375 0.04375 0.06015625
0 0.9140625 0.10703125 0.0328125 0.04765625
0 0.66015625 0.32890625 0.0265625 0.03359375
0 0.6546875 0.43984375 0.021875 0.03359375
0 0.55234375 0.44765625 0.0359375 0.04140625
0 0.19765625 0.403125 0.0359375 0.04375
0 0.30703125 0.9 0.0453125 0.0625
0 0.73671875 0.090625 0.0328125 0.04375
0 0.32734375 0.17734375 0.0234375 0.03515625
0 0.66171875 0.671875 0.0296875 0.0375
0 0.74453125 0.64921875 0.0265625 0.03984375
0 0.70546875 0.53203125 0.0390625 0.04765625
0 0.80078125 0.39375 0.0390625 0.04609375
0 0.85546875 0.47890625 0.0296875 0.03359375
0 0.8453125 0.44375 0.040625 0.05390625
0 0.61328125 0.07265625 0.0265625 0.025
0 0.82265625 0.58046875 0.0265625 0.0375
0 0.8859375 0.94140625 0.0328125 0.04609375
0 0.9734375 0.79453125 0.0234375 0.04140625
0 0.8203125 0.72578125 0.028125 0.02734375
0 0.840625 0.575 0.0265625 0.0375
0 0.6953125 0.85546875 0.03125 0.04765625
0 0.14921875 0.565625 0.028125 0.03984375
0 0.54453125 0.46328125 0.034375 0.05234375
0 0.2984375 0.25 0.0359375 0.05625
0 0.6625 0.46015625 0.021875 0.025
0 0.56796875 0.30546875 0.0359375 0.04765625
0 0.5265625 0.73203125 0.0421875 0.05390625
0 0.925 0.78359375 0.028125 0.04140625
0 0.34375 0.684375 0.04375 0.05234375
0 0.828125 0.52421875 0.0234375 0.03125
0 0.84765625 0.11484375 0.0375 0.05859375
0 0.9953125 0.178125 0.009375 0.03984375
0 0.709375 0.2 0.01875 0.02734375
0 0.0171875 0.49375 0.034375 0.0625
0 0.32421875 0.25234375 0.0265625 0.02890625
0 0.54375 0.37890625 0.028125 0.04140625
0 0.47109375 0.715625 0.0328125 0.06015625
0 0.53359375 0.43984375 0.0375 0.05390625
2 0.4765625 0.8625 0.021875 0.03359375