0 0.01953125 0.28671875 0.034375 0.05625
0 0.05625 0.390625 0.028125 0.03359375
0 0.53984375 0.27578125 0.0421875 0.05625
0 0.8953125 0.1125 0.0296875 0.04609375
0 0.65859375 0.34296875 0.0265625 0.03359375
0 0.603125 0.44140625 0.0375 0.04375
0 0.54296875 0.46015625 0.0359375 0.04140625
0 0.19296875 0.40546875 0.0359375 0.04375
0 0.35234375 0.95 0.0390625 0.05390625
0 0.06953125 0.02265625 0.0390625 0.04140625
0 0.65859375 0.66796875 0.0296875 0.0375
0 0.7453125 0.65 0.0265625 0.03984375
0 0.63046875 0.51328125 0.0390625 0.04765625
0 0.78125 0.43046875 0.0296875 0.03125
0 0.85390625 0.47734375 0.0296875 0.03359375
0 0.82734375 0.459375 0.040625 0.05390625
0 0.60390625 0.07265625 0.0265625 0.025
0 0.8375 0.76484375 0.034375 0.04609375
0 0.853125 0.984375 0.0328125 0.03125
0 0.94609375 0.834375 0.0234375 0.04140625
0 0.8203125 0.72578125 0.028125 0.02734375
0 0.81953125 0.59375 0.0265625 0.0375
0 0.66640625 0.86171875 0.034375 0.05234375
0 0.12578125 0.571875 0.028125 0.03984375
0 0.54375 0.46328125 0.034375 0.05234375
0 0.271875 0.29375 0.0359375 0.05625
0 0.375 0.00703125 0.021875 0.0140625
0 0.09453125 0.94296875 0.05 0.0625
0 0.71796875 0.82578125 0.0453125 0.05234375
0 0.97265625 0.20859375 0.025 0.04375
0 0.38046875 0.8375 0.0421875 0.0625
0 0.26875 0.77109375 0.04375 0.0625
0 0.534375 0.94609375 0.0359375 0.03984375
0 0.78046875 0.690625 0.0546875 0.07734375
0 0.096875 0.5625 0.053125 0.05859375
0 0.22890625 0.18046875 0.0484375 0.04765625
0 0.61015625 0.08203125 0.0390625 0.04765625
0 0.44140625 0.02421875 0.0328125 0.03125
0 0.55625 0.0125 0.028125 0.025
0 0.6765625 0.24296875 0.01875 0.02734375
0 0.0109375 0.509375 0.021875 0.04765625
0 0.28671875 0.28515625 0.0265625 0.03359375
0 0.54375 0.37890625 0.028125 0.04140625
0 0.47109375 0.715625 0.0328125 0.06015625
0 0.53203125 0.43984375 0.0375 0.05390625
2 0.4765625 0.8625 0.021875 0.03359375