0 0.01796875 0.2875 0.0328125 0.05625
0 0.05625 0.390625 0.028125 0.03359375
0 0.5359375 0.27578125 0.0421875 0.05625
0 0.89296875 0.1125 0.0296875 0.04609375
0 0.65859375 0.34375 0.0265625 0.03359375
0 0.59921875 0.434375 0.0375 0.04375
0 0.5421875 0.46015625 0.0359375 0.04140625
0 0.19296875 0.40625 0.0359375 0.04375
0 0.3609375 0.96484375 0.0390625 0.05390625
0 0.05 0.0375 0.0375 0.04609375
0 0.65859375 0.66796875 0.0296875 0.0375
0 0.7453125 0.65 0.0265625 0.03984375
0 0.62578125 0.509375 0.0390625 0.04765625
0 0.78046875 0.43125 0.03125 0.03359375
0 0.8546875 0.478125 0.0296875 0.03359375
0 0.8265625 0.46015625 0.040625 0.05390625
0 0.60390625 0.07265625 0.0265625 0.025
0 0.840625 0.78125 0.0375 0.05625
0 0.8515625 0.98515625 0.0328125 0.02890625
0 0.94453125 0.83671875 0.0234375 0.04140625
0 0.8203125 0.72578125 0.028125 0.02734375
0 0.81875 0.59375 0.0265625 0.0375
0 0.6609375 0.86171875 0.0359375 0.05234375
0 0.12109375 0.57421875 0.028125 0.03984375
0 0.54375 0.46328125 0.034375 0.05234375
0 0.26953125 0.296875 0.0359375 0.05625
0 0.075 0.9828125 0.0375 0.034375
0 0.75546875 0.83046875 0.0265625 0.03515625
0 0.9703125 0.21015625 0.025 0.04375
0 0.38671875 0.77734375 0.04375 0.0625
0 0.24453125 0.77890625 0.04375 0.05859375
0 0.546875 0.91484375 0.0359375 0.03984375
0 0.8 0.62890625 0.0484375 0.07109375
0 0.13671875 0.57890625 0.053125 0.05859375
0 0.25234375 0.21015625 0.0484375 0.05
0 0.61328125 0.10625 0.0328125 0.04765625
0 0.42890625 0.05546875 0.0265625 0.03515625
0 0.5515625 0.0125 0.0375 0.025
0 0.67421875 0.24453125 0.01875 0.02734375
0 0.01015625 0.50625 0.0203125 0.04140625
0 0.284375 0.2875 0.0265625 0.03359375
0 0.54375 0.37890625 0.028125 0.04140625
0 0.47109375 0.715625 0.0328125 0.06015625
0 0.53203125 0.43984375 0.0375 0.05390625
2 0.4765625 0.8625 0.021875 0.03359375