0 0.02265625 0.278125 0.034375 0.05625
0 0.05625 0.390625 0.028125 0.03359375
0 0.54375 0.01015625 0.040625 0.0203125
0 0.54453125 0.271875 0.0421875 0.05625
0 0.89921875 0.11171875 0.0328125 0.04765625
0 0.65859375 0.33984375 0.0265625 0.03359375
0 0.60703125 0.45 0.0375 0.04375
0 0.54296875 0.459375 0.0359375 0.04140625
0 0.19375 0.40390625 0.0359375 0.04375
0 0.33359375 0.92734375 0.0390625 0.05390625
0 0.09140625 0.059375 0.025 0.03125
0 0.65859375 0.66796875 0.0296875 0.0375
0 0.7453125 0.65 0.0265625 0.03984375
0 0.64375 0.52265625 0.0390625 0.04765625
0 0.7828125 0.42265625 0.03125 0.03359375
0 0.853125 0.478125 0.0296875 0.03359375
0 0.83125 0.45625 0.040625 0.05390625
0 0.6046875 0.07265625 0.0265625 0.025
0 0.8421875 0.74140625 0.0328125 0.04375
0 0.85859375 0.978125 0.0328125 0.04375
0 0.95 0.83046875 0.0234375 0.04140625
0 0.8203125 0.72578125 0.028125 0.02734375
0 0.82265625 0.5875 0.0265625 0.0375
0 0.675 0.859375 0.03125 0.04765625
0 0.1296875 0.57109375 0.028125 0.03984375
0 0.54375 0.46328125 0.034375 0.05234375
0 0.278125 0.2875 0.0359375 0.05625
0 0.98671875 0.46796875 0.0203125 0.02734375
0 0.39375 0.04765625 0.0296875 0.04140625
0 0.10078125 0.809375 0.034375 0.04609375
0 0.659375 0.81171875 0.046875 0.05625
0 0.9765625 0.20234375 0.025 0.04375
0 0.37734375 0.96484375 0.0421875 0.05390625
0 0.3171875 0.82421875 0.0390625 0.05859375
0 0.484375 0.99765625 0.034375 0.00390625
0 0.7375 0.81640625 0.0515625 0.07890625
0 0.17578125 0.13984375 0.0484375 0.04765625
0 0.58203125 0.075 0.040625 0.05
0 0.6828125 0.23671875 0.01875 0.02734375
0 0.0125 0.509375 0.025 0.05390625
0 0.29296875 0.28125 0.0265625 0.03359375
0 0.54375 0.37890625 0.028125 0.04140625
0 0.47109375 0.715625 0.0328125 0.06015625
0 0.53203125 0.43984375 0.0375 0.05390625
2 0.4765625 0.8625 0.021875 0.03359375