0 0.0484375 0.246875 0.034375 0.05625
0 0.05625 0.390625 0.028125 0.03359375
0 0.51171875 0.08359375 0.040625 0.05
0 0.56015625 0.23515625 0.0453125 0.06015625
0 0.91640625 0.109375 0.0328125 0.04765625
0 0.66015625 0.328125 0.0265625 0.03359375
0 0.6515625 0.43984375 0.021875 0.03359375
0 0.55234375 0.44140625 0.0359375 0.04140625
0 0.19765625 0.403125 0.0359375 0.04375
0 0.31015625 0.90390625 0.0453125 0.05859375
0 0.703125 0.103125 0.034375 0.04375
0 0.325 0.20625 0.0296875 0.02890625
0 0.66171875 0.671875 0.0296875 0.0375
0 0.74453125 0.64921875 0.0265625 0.03984375
0 0.7078125 0.52890625 0.0390625 0.04765625
0 0.80234375 0.39140625 0.0390625 0.04609375
0 0.85546875 0.47890625 0.0296875 0.03359375
0 0.8453125 0.440625 0.040625 0.05390625
0 0.6125 0.07421875 0.0265625 0.025
0 0.8234375 0.55703125 0.025 0.03359375
0 0.8890625 0.9375 0.0328125 0.04609375
0 0.97421875 0.79296875 0.0234375 0.04140625
0 0.8203125 0.72578125 0.028125 0.02734375
0 0.8421875 0.57734375 0.0265625 0.0375
0 0.6984375 0.85390625 0.03125 0.04765625
0 0.1515625 0.565625 0.028125 0.03984375
0 0.5453125 0.46328125 0.034375 0.05234375
0 0.29921875 0.24921875 0.0359375 0.05625
0 0.62890625 0.475 0.0234375 0.04140625
0 0.58828125 0.325 0.034375 0.04609375
0 0.55703125 0.77109375 0.0421875 0.05234375
0 0.9859375 0.70703125 0.028125 0.06015625
0 0.9421875 0.753125 0.028125 0.0375
0 0.31796875 0.70234375 0.046875 0.05625
0 0.84296875 0.49609375 0.0234375 0.0375
0 0.2125 0.0125 0.046875 0.025
0 0.82578125 0.05390625 0.0421875 0.05625
0 0.71171875 0.19921875 0.01875 0.02734375
0 0.01796875 0.49296875 0.0359375 0.06484375
0 0.3265625 0.24921875 0.0265625 0.02890625
0 0.54375 0.37890625 0.028125 0.04140625
0 0.47109375 0.715625 0.0328125 0.06015625
0 0.53359375 0.43984375 0.0375 0.05390625
2 0.4765625 0.8625 0.021875 0.03359375