0 0.0609375 0.234375 0.034375 0.05625
0 0.05703125 0.39140625 0.028125 0.03359375
0 0.4421875 0.18671875 0.0421875 0.06640625
0 0.56640625 0.225 0.04375 0.05
0 0.9046875 0.42421875 0.0375 0.04765625
0 0.928125 0.11171875 0.0328125 0.04765625
0 0.66171875 0.32421875 0.0296875 0.03984375
0 0.65859375 0.42421875 0.021875 0.03359375
0 0.56171875 0.45859375 0.028125 0.04375
0 0.20078125 0.40625 0.0359375 0.04375
0 0.340625 0.90859375 0.04375 0.05625
0 0.3953125 0.45078125 0.0390625 0.05
0 0.46796875 0.475 0.028125 0.03984375
0 0.66484375 0.67265625 0.0296875 0.0375
0 0.74609375 0.65078125 0.0265625 0.03984375
0 0.72109375 0.50234375 0.03125 0.04609375
0 0.821875 0.39140625 0.025 0.03359375
0 0.853125 0.48046875 0.0296875 0.03359375
0 0.85703125 0.425 0.0359375 0.05390625
0 0.61171875 0.09375 0.0265625 0.03359375
0 0.8296875 0.42578125 0.0203125 0.02890625
0 0.90078125 0.91015625 0.0328125 0.04609375
0 0.978125 0.78984375 0.0234375 0.04140625
0 0.8203125 0.728125 0.028125 0.02734375
0 0.859375 0.565625 0.0265625 0.0375
0 0.7015625 0.85078125 0.03125 0.04765625
0 0.16328125 0.565625 0.028125 0.03984375
0 0.546875 0.46328125 0.034375 0.05234375
0 0.309375 0.23828125 0.0375 0.05625
0 0.37421875 0.44921875 0.0390625 0.05
0 0.7265625 0.325 0.021875 0.02734375
0 0.01484375 0.5625 0.021875 0.03125
0 0.7890625 0.63671875 0.028125 0.04375
0 0.9421875 0.9625 0.0375 0.04609375
0 0.96875 0.353125 0.028125 0.0375
0 0.25625 0.88515625 0.040625 0.05
0 0.103125 0.95078125 0.04375 0.05625
0 0.1375 0.03984375 0.046875 0.05625
0 0.040625 0.509375 0.0421875 0.06640625
0 0.71796875 0.17890625 0.01875 0.02734375
0 0.02109375 0.48125 0.0421875 0.06015625
0 0.33984375 0.23125 0.0296875 0.0375
0 0.54375 0.37890625 0.028125 0.04140625
0 0.47109375 0.715625 0.0328125 0.06015625
0 0.534375 0.43984375 0.0375 0.05390625
2 0.4765625 0.8625 0.021875 0.03359375