0 0.06015625 0.23515625 0.034375 0.05625
0 0.05703125 0.39140625 0.028125 0.03359375
0 0.4421875 0.18125 0.0421875 0.06640625
0 0.56640625 0.225 0.04375 0.05
0 0.91171875 0.43046875 0.0375 0.05
0 0.928125 0.11171875 0.0328125 0.04765625
0 0.66171875 0.32421875 0.0296875 0.03984375
0 0.65859375 0.42421875 0.021875 0.03359375
0 0.5609375 0.45859375 0.028125 0.04375
0 0.20078125 0.40546875 0.0359375 0.04375
0 0.340625 0.909375 0.04375 0.05625
0 0.40625 0.44609375 0.0421875 0.05
0 0.46796875 0.46953125 0.028125 0.03984375
0 0.66484375 0.67265625 0.0296875 0.0375
0 0.74609375 0.65078125 0.0265625 0.03984375
0 0.721875 0.50234375 0.0328125 0.04609375
0 0.81796875 0.390625 0.028125 0.0375
0 0.853125 0.48046875 0.0296875 0.03359375
0 0.85703125 0.425 0.0359375 0.05390625
0 0.61171875 0.09375 0.0265625 0.03359375
0 0.8328125 0.43125 0.0203125 0.02890625
0 0.90078125 0.91015625 0.0328125 0.04609375
0 0.978125 0.78984375 0.0234375 0.04140625
0 0.8203125 0.72734375 0.028125 0.02734375
0 0.859375 0.56640625 0.0265625 0.0375
0 0.7015625 0.85078125 0.03125 0.04765625
0 0.16328125 0.565625 0.028125 0.03984375
0 0.546875 0.46328125 0.034375 0.05234375
0 0.309375 0.23828125 0.0375 0.05625
0 0.3828125 0.45078125 0.040625 0.05234375
0 0.73203125 0.32109375 0.021875 0.02734375
0 0.021875 0.57890625 0.021875 0.03359375
0 0.78046875 0.63125 0.025 0.04140625
0 0.9265625 0.9796875 0.0375 0.040625
0 0.9734375 0.35625 0.028125 0.0375
0 0.24765625 0.890625 0.040625 0.05
0 0.103125 0.94296875 0.0390625 0.05234375
0 0.12890625 0.04453125 0.046875 0.05625
0 0.0421875 0.5 0.0421875 0.07109375
0 0.71796875 0.18046875 0.01875 0.02734375
0 0.02109375 0.48125 0.0421875 0.06015625
0 0.3390625 0.23203125 0.0296875 0.0375
0 0.54375 0.37890625 0.028125 0.04140625
0 0.47109375 0.715625 0.0328125 0.06015625
0 0.534375 0.43984375 0.0375 0.05390625
2 0.4765625 0.8625 0.021875 0.03359375