0 0.0609375 0.234375 0.034375 0.05625
0 0.05703125 0.39140625 0.028125 0.03359375
0 0.4421875 0.1875 0.0421875 0.06640625
0 0.56640625 0.225 0.04375 0.05
0 0.9046875 0.42109375 0.0375 0.04765625
0 0.928125 0.11171875 0.0328125 0.04765625
0 0.66171875 0.32421875 0.0296875 0.03984375
0 0.65859375 0.42421875 0.021875 0.03359375
0 0.56171875 0.45859375 0.028125 0.04375
0 0.20078125 0.40625 0.0359375 0.04375
0 0.34140625 0.90859375 0.04375 0.05625
0 0.39296875 0.45390625 0.0390625 0.04609375
0 0.46796875 0.47578125 0.0265625 0.0375
0 0.66484375 0.67265625 0.0296875 0.0375
0 0.74609375 0.65078125 0.0265625 0.03984375
0 0.72109375 0.50234375 0.03125 0.04609375
0 0.82265625 0.39140625 0.025 0.03359375
0 0.853125 0.48046875 0.0296875 0.03359375
0 0.85703125 0.425 0.0359375 0.05390625
0 0.61171875 0.09375 0.0265625 0.03359375
0 0.82890625 0.425 0.0203125 0.02890625
0 0.90078125 0.909375 0.0328125 0.04609375
0 0.978125 0.78984375 0.0234375 0.04140625
0 0.8203125 0.728125 0.028125 0.02734375
0 0.859375 0.565625 0.0265625 0.0375
0 0.7015625 0.85078125 0.03125 0.04765625
0 0.16328125 0.565625 0.028125 0.03984375
0 0.546875 0.46328125 0.034375 0.05234375
0 0.309375 0.2375 0.0390625 0.05625
0 0.3734375 0.44609375 0.0390625 0.05
0 0.725 0.32578125 0.021875 0.02734375
0 0.01484375 0.5625 0.021875 0.03125
0 0.78671875 0.63984375 0.028125 0.04609375
0 0.9453125 0.959375 0.0375 0.04765625
0 0.96796875 0.35546875 0.0265625 0.0375
0 0.2578125 0.88515625 0.040625 0.05
0 0.10390625 0.95234375 0.0453125 0.05859375
0 0.1390625 0.03828125 0.046875 0.05625
0 0.040625 0.51171875 0.0421875 0.06640625
0 0.71796875 0.17890625 0.01875 0.02734375
0 0.02109375 0.48125 0.0421875 0.06015625
0 0.33984375 0.23125 0.0296875 0.0375
0 0.54375 0.37890625 0.028125 0.04140625
0 0.47109375 0.715625 0.0328125 0.06015625
0 0.534375 0.43984375 0.0375 0.05390625
2 0.4765625 0.8625 0.021875 0.03359375