0 0.01875 0.2875 0.0328125 0.05625
0 0.05625 0.390625 0.028125 0.03359375
0 0.53671875 0.27578125 0.0421875 0.05625
0 0.89375 0.1125 0.0296875 0.04609375
0 0.65859375 0.34375 0.0265625 0.03359375
0 0.60078125 0.43671875 0.0375 0.04375
0 0.5421875 0.46015625 0.0359375 0.04140625
0 0.19296875 0.40625 0.0359375 0.04375
0 0.36015625 0.96171875 0.0390625 0.05390625
0 0.05234375 0.03125 0.0390625 0.04375
0 0.65859375 0.66796875 0.0296875 0.0375
0 0.7453125 0.65 0.0265625 0.03984375
0 0.6265625 0.51015625 0.0390625 0.04765625
0 0.78046875 0.43125 0.03125 0.03359375
0 0.8546875 0.478125 0.0296875 0.03359375
0 0.82734375 0.459375 0.040625 0.05390625
0 0.60390625 0.07265625 0.0265625 0.025
0 0.8453125 0.77421875 0.0359375 0.04609375
0 0.8515625 0.98515625 0.0328125 0.02890625
0 0.94453125 0.83515625 0.0234375 0.04140625
0 0.8203125 0.72578125 0.028125 0.02734375
0 0.81953125 0.59375 0.0265625 0.0375
0 0.6625 0.86171875 0.0359375 0.05234375
0 0.121875 0.57421875 0.028125 0.03984375
0 0.54375 0.46328125 0.034375 0.05234375
0 0.2703125 0.29609375 0.0359375 0.05625
0 0.07734375 0.971875 0.0484375 0.05625
0 0.7453125 0.81953125 0.034375 0.03984375
0 0.9703125 0.209375 0.025 0.04375
0 0.39140625 0.78984375 0.0453125 0.05859375
0 0.25 0.75859375 0.04375 0.05859375
0 0.54453125 0.91953125 0.0359375 0.03984375
0 0.796875 0.640625 0.0484375 0.06875
0 0.128125 0.57578125 0.053125 0.05859375
0 0.2484375 0.209375 0.0484375 0.05625
0 0.61328125 0.10234375 0.0328125 0.04765625
0 0.43046875 0.03984375 0.0296875 0.0375
0 0.5515625 0.0125 0.0375 0.025
0 0.675 0.24453125 0.01875 0.02734375
0 0.01015625 0.50625 0.0203125 0.04140625
0 0.284375 0.28671875 0.0265625 0.03359375
0 0.54375 0.37890625 0.028125 0.04140625
0 0.47109375 0.715625 0.0328125 0.06015625
0 0.53203125 0.43984375 0.0375 0.05390625
2 0.4765625 0.8625 0.021875 0.03359375