0 0.04375 0.25234375 0.034375 0.05625
0 0.05625 0.38984375 0.028125 0.03359375
0 0.5125 0.059375 0.040625 0.05390625
0 0.5546875 0.240625 0.0421875 0.06015625
0 0.9109375 0.10703125 0.0328125 0.04765625
0 0.66015625 0.33046875 0.0265625 0.03359375
0 0.659375 0.44140625 0.021875 0.03359375
0 0.5515625 0.44921875 0.0359375 0.04140625
0 0.19765625 0.403125 0.0359375 0.04375
0 0.3015625 0.89609375 0.0453125 0.05859375
0 0.7859375 0.06015625 0.028125 0.0375
0 0.29921875 0.15 0.03125 0.03984375
0 0.66171875 0.671875 0.0296875 0.0375
0 0.74453125 0.64921875 0.0265625 0.03984375
0 0.70078125 0.53671875 0.0390625 0.04765625
0 0.79765625 0.39609375 0.0390625 0.04609375
0 0.85390625 0.478125 0.028125 0.03125
0 0.84453125 0.44453125 0.040625 0.05390625
0 0.61171875 0.07265625 0.0265625 0.025
0 0.85859375 0.603125 0.0265625 0.03515625
0 0.88203125 0.94609375 0.0328125 0.04609375
0 0.96953125 0.79921875 0.0234375 0.04140625
0 0.8203125 0.72578125 0.028125 0.02734375
0 0.83984375 0.57265625 0.0265625 0.0375
0 0.69140625 0.85546875 0.03125 0.04765625
0 0.1453125 0.565625 0.028125 0.03984375
0 0.54453125 0.46328125 0.034375 0.05234375
0 0.29609375 0.25390625 0.0359375 0.05625
0 0.66640625 0.421875 0.0203125 0.02734375
0 0.53359375 0.28125 0.0359375 0.04609375
0 0.48515625 0.69296875 0.0390625 0.05625
0 0.9140625 0.81875 0.025 0.04140625
0 0.378125 0.68671875 0.046875 0.05625
0 0.796875 0.58671875 0.03125 0.03984375
0 0.8484375 0.18671875 0.0375 0.05
0 0.99453125 0.178125 0.0109375 0.03984375
0 0.70703125 0.203125 0.01875 0.02734375
0 0.01640625 0.49453125 0.0328125 0.06015625
0 0.32109375 0.25625 0.0265625 0.03125
0 0.54375 0.37890625 0.028125 0.04140625
0 0.47109375 0.715625 0.0328125 0.06015625
0 0.53359375 0.43984375 0.0375 0.05390625
2 0.4765625 0.8625 0.021875 0.03359375