0 0.015625 0.290625 0.0296875 0.05625
0 0.05625 0.39140625 0.028125 0.03359375
0 0.53125 0.27578125 0.0421875 0.05625
0 0.88984375 0.1125 0.028125 0.04609375
0 0.66015625 0.34375 0.0265625 0.03359375
0 0.590625 0.41953125 0.0375 0.04375
0 0.5421875 0.46171875 0.0359375 0.04140625
0 0.19296875 0.40703125 0.0359375 0.04375
0 0.36171875 0.9796875 0.0390625 0.040625
0 0.00859375 0.03125 0.0171875 0.03359375
0 0.65859375 0.66640625 0.0296875 0.0375
0 0.74609375 0.65078125 0.0265625 0.03984375
0 0.6125 0.49375 0.0390625 0.04609375
0 0.77734375 0.43671875 0.03125 0.03359375
0 0.85546875 0.48046875 0.0296875 0.03359375
0 0.8265625 0.46484375 0.040625 0.05390625
0 0.6015625 0.07421875 0.0265625 0.025
0 0.83203125 0.79765625 0.0328125 0.04140625
0 0.84765625 0.98828125 0.0328125 0.02265625
0 0.940625 0.840625 0.0234375 0.04140625
0 0.8203125 0.72578125 0.028125 0.02734375
0 0.8171875 0.59296875 0.0265625 0.0375
0 0.65625 0.86171875 0.0375 0.05390625
0 0.11171875 0.57734375 0.028125 0.03984375
0 0.54375 0.46328125 0.034375 0.05234375
0 0.2640625 0.30078125 0.0359375 0.05625
0 0.81640625 0.875 0.0265625 0.04140625
0 0.96640625 0.2125 0.025 0.04375
0 0.384375 0.66953125 0.0453125 0.0625
0 0.2046875 0.73203125 0.04375 0.05625
0 0.5765625 0.86015625 0.0359375 0.04375
0 0.8375 0.51796875 0.0484375 0.06640625
0 0.22578125 0.53828125 0.0453125 0.05390625
0 0.2984375 0.25234375 0.0484375 0.04765625
0 0.63203125 0.09609375 0.034375 0.04609375
0 0.37890625 0.05859375 0.0390625 0.04765625
0 0.98203125 0.07109375 0.0296875 0.05390625
0 0.66875 0.25078125 0.01875 0.02734375
0 0.0078125 0.509375 0.015625 0.04375
0 0.2796875 0.290625 0.0265625 0.03359375
0 0.54375 0.37890625 0.028125 0.04140625
0 0.47109375 0.715625 0.0328125 0.06015625
0 0.53203125 0.43984375 0.0375 0.05390625
2 0.4765625 0.8625 0.021875 0.03359375
0 0.01875 0.06328125 0.034375 0.04765625