0 0.06484375 0.23203125 0.0328125 0.05390625
0 0.059375 0.38984375 0.028125 0.03359375
0 0.42890625 0.21328125 0.0390625 0.06484375
0 0.56796875 0.22421875 0.0421875 0.05234375
0 0.8640625 0.36953125 0.0390625 0.03984375
0 0.93203125 0.11171875 0.0328125 0.04765625
0 0.6625 0.32421875 0.0296875 0.03984375
0 0.65703125 0.4125 0.021875 0.03359375
0 0.5640625 0.45625 0.028125 0.04375
0 0.20234375 0.40703125 0.0359375 0.04375
0 0.34609375 0.90546875 0.04375 0.05625
0 0.3671875 0.55234375 0.0328125 0.04140625
0 0.496875 0.52578125 0.0328125 0.03984375
0 0.66484375 0.67421875 0.0296875 0.0375
0 0.74609375 0.65078125 0.0265625 0.03984375
0 0.71796875 0.496875 0.0296875 0.04375
0 0.83359375 0.39140625 0.028125 0.0375
0 0.853125 0.48046875 0.0296875 0.03359375
0 0.8578125 0.42578125 0.0359375 0.05390625
0 0.61171875 0.09453125 0.0265625 0.03359375
0 0.84453125 0.390625 0.021875 0.02890625
0 0.90078125 0.90078125 0.0328125 0.04609375
0 0.97890625 0.78984375 0.0234375 0.04140625
0 0.8203125 0.728125 0.028125 0.02734375
0 0.86171875 0.56484375 0.0265625 0.0375
0 0.70234375 0.85078125 0.03125 0.04765625
0 0.165625 0.565625 0.028125 0.03984375
0 0.546875 0.46328125 0.034375 0.05234375
0 0.3109375 0.23515625 0.034375 0.05
0 0.31875 0.45546875 0.0421875 0.04375
0 0.71953125 0.440625 0.021875 0.02890625
0 0.053125 0.48203125 0.021875 0.03125
0 0.8359375 0.728125 0.0390625 0.05390625
0 0.971875 0.24453125 0.0234375 0.03984375
0 0.37421875 0.91484375 0.04375 0.05625
0 0.01015625 0.6375 0.0203125 0.06640625
0 0.48515625 0.99375 0.0234375 0.0125
0 0.7203125 0.178125 0.01875 0.02734375
0 0.02109375 0.47734375 0.0421875 0.06015625
0 0.34140625 0.22890625 0.0296875 0.0375
0 0.54375 0.37890625 0.028125 0.04140625
0 0.47109375 0.715625 0.0328125 0.06015625
0 0.534375 0.43984375 0.0375 0.05390625
2 0.4765625 0.8625 0.021875 0.03359375