0 0.06328125 0.23359375 0.0328125 0.05390625
0 0.05859375 0.390625 0.028125 0.03359375
0 0.425 0.2 0.0421875 0.05625
0 0.56796875 0.22421875 0.0421875 0.05234375
0 0.8796875 0.403125 0.034375 0.0375
0 0.9296875 0.11171875 0.0328125 0.04765625
0 0.66171875 0.32421875 0.0296875 0.03984375
0 0.65859375 0.41796875 0.021875 0.03359375
0 0.5625 0.45703125 0.028125 0.04375
0 0.20234375 0.40703125 0.0359375 0.04375
0 0.34609375 0.90859375 0.04375 0.05625
0 0.37109375 0.503125 0.0375 0.0375
0 0.484375 0.49921875 0.025 0.03359375
0 0.66484375 0.67265625 0.0296875 0.0375
0 0.74609375 0.65078125 0.0265625 0.03984375
0 0.71875 0.5 0.0296875 0.04375
0 0.82578125 0.39375 0.0234375 0.03125
0 0.853125 0.48046875 0.0296875 0.03359375
0 0.8578125 0.42578125 0.0359375 0.05390625
0 0.61171875 0.09375 0.0265625 0.03359375
0 0.8453125 0.40078125 0.0203125 0.02265625
0 0.90078125 0.90390625 0.0328125 0.04609375
0 0.97890625 0.78984375 0.0234375 0.04140625
0 0.8203125 0.728125 0.028125 0.02734375
0 0.8609375 0.56484375 0.0265625 0.0375
0 0.70234375 0.85078125 0.03125 0.04765625
0 0.16484375 0.565625 0.028125 0.03984375
0 0.546875 0.46328125 0.034375 0.05234375
0 0.31015625 0.23671875 0.0375 0.05390625
0 0.3375 0.440625 0.040625 0.04765625
0 0.7203125 0.38359375 0.0203125 0.02734375
0 0.0421875 0.51953125 0.01875 0.02890625
0 0.81484375 0.68671875 0.0359375 0.05234375
0 0.9734375 0.29453125 0.0234375 0.03984375
0 0.32578125 0.90078125 0.040625 0.05
0 0.07265625 0.98515625 0.0328125 0.02890625
0 0.19609375 0.0125 0.040625 0.025
0 0.01953125 0.58515625 0.0375 0.07109375
0 0.4859375 0.99375 0.021875 0.0125
0 0.71953125 0.17890625 0.01875 0.02734375
0 0.02109375 0.48046875 0.0421875 0.06015625
0 0.340625 0.23046875 0.0296875 0.0375
0 0.54375 0.37890625 0.028125 0.04140625
0 0.47109375 0.715625 0.0328125 0.06015625
0 0.534375 0.43984375 0.0375 0.05390625
2 0.4765625 0.8625 0.021875 0.03359375