0 0.0296875 0.26640625 0.034375 0.05625
0 0.05625 0.390625 0.028125 0.03359375
0 0.5328125 0.028125 0.040625 0.05625
0 0.54765625 0.27109375 0.0421875 0.05625
0 0.903125 0.11015625 0.0328125 0.04765625
0 0.66015625 0.33671875 0.0265625 0.03359375
0 0.6203125 0.459375 0.0375 0.04375
0 0.54375 0.45859375 0.0359375 0.04140625
0 0.1953125 0.403125 0.0359375 0.04375
0 0.31796875 0.89140625 0.0453125 0.06015625
0 0.18828125 0.05 0.0421875 0.05
0 0.65859375 0.66875 0.0296875 0.0375
0 0.7453125 0.65 0.0265625 0.03984375
0 0.66328125 0.53515625 0.0390625 0.04765625
0 0.78359375 0.41953125 0.03125 0.03359375
0 0.85390625 0.478125 0.0296875 0.03125
0 0.840625 0.45078125 0.040625 0.05390625
0 0.60703125 0.07265625 0.0265625 0.025
0 0.84296875 0.696875 0.034375 0.03984375
0 0.86171875 0.96875 0.0328125 0.04609375
0 0.95625 0.82109375 0.0234375 0.04140625
0 0.8203125 0.72578125 0.028125 0.02734375
0 0.82734375 0.58046875 0.0265625 0.0375
0 0.67734375 0.85859375 0.03125 0.04765625
0 0.13515625 0.56796875 0.028125 0.03984375
0 0.54375 0.46328125 0.034375 0.05234375
0 0.28203125 0.27578125 0.0359375 0.05625
0 0.85234375 0.44140625 0.0234375 0.02734375
0 0.44375 0.11328125 0.0328125 0.05
0 0.2125 0.65 0.046875 0.05390625
0 0.56171875 0.73125 0.046875 0.05625
0 0.8546875 0.88359375 0.0265625 0.03515625
0 0.98203125 0.19453125 0.025 0.04375
0 0.34296875 0.92734375 0.0484375 0.06015625
0 0.0734375 0.05546875 0.0453125 0.05234375
0 0.54453125 0.0375 0.0375 0.04609375
0 0.68984375 0.225 0.01875 0.02734375
0 0.01328125 0.50546875 0.0265625 0.05390625
0 0.30546875 0.27421875 0.0265625 0.03359375
0 0.54375 0.37890625 0.028125 0.04140625
0 0.47109375 0.715625 0.0328125 0.06015625
0 0.5328125 0.43984375 0.0375 0.05390625
2 0.4765625 0.8625 0.021875 0.03359375