0 0.01875 0.14609375 0.025 0.03359375
0 0.03046875 0.37578125 0.0265625 0.03125
0 0.1359375 0.30703125 0.021875 0.03515625
0 0.1671875 0.3 0.025 0.02890625
0 0.15234375 0.36796875 0.0234375 0.02734375
0 0.2859375 0.203125 0.028125 0.03125
0 0.05390625 0.10546875 0.0234375 0.01875
0 0.07734375 0.10390625 0.0203125 0.025
0 0.25390625 0.12265625 0.0203125 0.0375
0 0.3484375 0.225 0.021875 0.03359375
0 0.440625 0.040625 0.028125 0.02734375
0 0.3546875 0.0625 0.025 0.0375
0 0.37578125 0.178125 0.0234375 0.04765625
0 0.27421875 0.390625 0.0171875 0.03125
0 0.3015625 0.48359375 0.025 0.04140625
0 0.375 0.70546875 0.021875 0.03515625
0 0.38515625 0.55390625 0.0359375 0.02890625
0 0.4375 0.48046875 0.028125 0.04375
0 0.08515625 0.83203125 0.0296875 0.05234375
0 0.06953125 0.66953125 0.0390625 0.06484375
0 0.32109375 0.93515625 0.0328125 0.03125
0 0.3546875 0.959375 0.025 0.02734375
0 0.37890625 0.96015625 0.0234375 0.02890625
0 0.52265625 0.91875 0.0234375 0.03359375
0 0.59140625 0.74453125 0.0265625 0.04765625
0 0.72109375 0.71015625 0.0234375 0.03359375
0 0.590625 0.49140625 0.0234375 0.03515625
0 0.578125 0.49453125 0.028125 0.02734375
0 0.603125 0.44609375 0.040625 0.05
0 0.64609375 0.42734375 0.0203125 0.02109375
0 0.6484375 0.45234375 0.021875 0.03359375
0 0.7734375 0.41953125 0.025 0.03515625
0 0.69140625 0.37109375 0.0265625 0.02890625
0 0.69296875 0.28984375 0.0203125 0.03359375
0 0.75546875 0.196875 0.0265625 0.03125
0 0.67421875 0.22890625 0.0171875 0.025
0 0.77890625 0.01875 0.0265625 0.02890625
0 0.94375 0.01875 0.021875 0.02890625
0 0.921875 0.31171875 0.025 0.03359375
0 0.840625 0.27890625 0.021875 0.02890625
0 0.98203125 0.45625 0.0203125 0.03359375
0 0.9734375 0.415625 0.021875 0.02265625
0 0.8859375 0.57421875 0.0265625 0.04375
0 0.8515625 0.84453125 0.025 0.0375
0 0.83359375 0.94296875 0.0265625 0.03515625
0 0.725 0.96875 0.03125 0.02890625
0 0.7515625 0.88828125 0.0265625 0.02734375
0 0.5109375 0.725 0.03125 0.0375
0 0.5078125 0.54921875 0.021875 0.03125
0 0.50703125 0.44453125 0.0265625 0.02265625
0 0.49296875 0.45234375 0.0203125 0.03359375
0 0.7625 0.18125 0.025 0.04140625
0 0.8734375 0.38359375 0.01875 0.02890625
2 0.43828125 0.31640625 0.0453125 0.05859375
0 0.3515625 0.159375 0.0234375 0.0375