0 0.06484375 0.23203125 0.0328125 0.05390625
0 0.059375 0.38984375 0.028125 0.03359375
0 0.4265625 0.21015625 0.040625 0.06484375
0 0.56796875 0.22421875 0.0421875 0.05234375
0 0.8640625 0.384375 0.040625 0.03984375
0 0.93125 0.11171875 0.0328125 0.04765625
0 0.6625 0.32421875 0.0296875 0.03984375
0 0.65703125 0.41328125 0.021875 0.03359375
0 0.5640625 0.45625 0.028125 0.04375
0 0.20234375 0.40703125 0.0359375 0.04375
0 0.346875 0.90546875 0.04375 0.05625
0 0.3671875 0.53984375 0.03125 0.03984375
0 0.49765625 0.51796875 0.0265625 0.03125
0 0.66484375 0.67421875 0.0296875 0.0375
0 0.74609375 0.65078125 0.0265625 0.03984375
0 0.71796875 0.496875 0.0296875 0.04375
0 0.83203125 0.39296875 0.0265625 0.03515625
0 0.853125 0.48046875 0.0296875 0.03359375
0 0.8578125 0.42578125 0.0359375 0.05390625
0 0.61171875 0.09453125 0.0265625 0.03359375
0 0.8390625 0.39296875 0.021875 0.02890625
0 0.90078125 0.90078125 0.0328125 0.04609375
0 0.97890625 0.78984375 0.0234375 0.04140625
0 0.8203125 0.728125 0.028125 0.02734375
0 0.86171875 0.56484375 0.0265625 0.0375
0 0.70234375 0.85078125 0.03125 0.04765625
0 0.165625 0.565625 0.028125 0.03984375
0 0.546875 0.46328125 0.034375 0.05234375
0 0.3109375 0.23515625 0.0359375 0.05234375
0 0.31640625 0.43671875 0.0453125 0.05234375
0 0.71953125 0.43359375 0.0234375 0.03359375
0 0.05390625 0.4875 0.021875 0.03359375
0 0.83359375 0.71328125 0.0390625 0.05
0 0.96796875 0.25546875 0.0234375 0.04140625
0 0.3625 0.92421875 0.040625 0.05
0 0.0125 0.62421875 0.025 0.06484375
0 0.48515625 0.99375 0.0234375 0.0125
0 0.7203125 0.178125 0.01875 0.02734375
0 0.02109375 0.478125 0.0421875 0.06015625
0 0.340625 0.23046875 0.0296875 0.0375
0 0.54375 0.37890625 0.028125 0.04140625
0 0.47109375 0.715625 0.0328125 0.06015625
0 0.534375 0.43984375 0.0375 0.05390625
2 0.4765625 0.8625 0.021875 0.03359375