0 0.05078125 0.24296875 0.034375 0.05625
0 0.05625 0.390625 0.028125 0.03359375
0 0.496875 0.090625 0.04375 0.05859375
0 0.5609375 0.23359375 0.0453125 0.05625
0 0.91953125 0.11171875 0.0328125 0.04765625
0 0.66015625 0.32734375 0.0265625 0.03359375
0 0.65234375 0.43828125 0.021875 0.03359375
0 0.5578125 0.44765625 0.034375 0.03515625
0 0.19765625 0.403125 0.0359375 0.04375
0 0.30625 0.90859375 0.04375 0.05625
0 0.6484375 0.14375 0.034375 0.04375
0 0.36484375 0.25 0.0265625 0.03359375
0 0.6625 0.671875 0.0296875 0.0375
0 0.74453125 0.64921875 0.0265625 0.03984375
0 0.71171875 0.52421875 0.0375 0.04765625
0 0.80078125 0.38984375 0.0390625 0.04609375
0 0.8546875 0.478125 0.0296875 0.03359375
0 0.8453125 0.43671875 0.040625 0.05390625
0 0.61015625 0.07734375 0.0265625 0.025
0 0.82578125 0.52734375 0.025 0.03125
0 0.890625 0.928125 0.0328125 0.04609375
0 0.975 0.78828125 0.0234375 0.04140625
0 0.8203125 0.72578125 0.028125 0.02734375
0 0.84453125 0.57578125 0.0265625 0.0375
0 0.70078125 0.853125 0.03125 0.04765625
0 0.1546875 0.565625 0.028125 0.03984375
0 0.5453125 0.46328125 0.034375 0.05234375
0 0.3 0.24765625 0.0359375 0.05625
0 0.59140625 0.49140625 0.0234375 0.02734375
0 0.5984375 0.384375 0.0421875 0.05390625
0 0.61015625 0.81953125 0.0421875 0.04609375
0 0.95859375 0.77890625 0.0390625 0.05390625
0 0.940625 0.69375 0.028125 0.03515625
0 0.284375 0.69609375 0.0484375 0.05859375
0 0.871875 0.45234375 0.0234375 0.03125
0 0.19609375 0.06640625 0.046875 0.07109375
0 0.71484375 0.19609375 0.01875 0.02734375
0 0.01875 0.49140625 0.0375 0.06640625
0 0.32890625 0.24609375 0.028125 0.03359375
0 0.54375 0.37890625 0.028125 0.04140625
0 0.47109375 0.715625 0.0328125 0.06015625
0 0.53359375 0.43984375 0.0375 0.05390625
2 0.4765625 0.8625 0.021875 0.03359375