0 0.046875 0.24765625 0.034375 0.05625
0 0.05625 0.390625 0.028125 0.03359375
0 0.51015625 0.08203125 0.040625 0.05625
0 0.55859375 0.2375 0.0453125 0.06015625
0 0.9140625 0.10859375 0.0328125 0.04765625
0 0.66015625 0.32890625 0.0265625 0.03359375
0 0.65390625 0.43984375 0.021875 0.03359375
0 0.55234375 0.446875 0.0359375 0.04140625
0 0.19765625 0.403125 0.0359375 0.04375
0 0.30703125 0.90078125 0.0453125 0.06015625
0 0.72578125 0.08046875 0.0296875 0.04140625
0 0.3234375 0.184375 0.0234375 0.03515625
0 0.66171875 0.671875 0.0296875 0.0375
0 0.74453125 0.64921875 0.0265625 0.03984375
0 0.70625 0.53125 0.0390625 0.04765625
0 0.80078125 0.39296875 0.0390625 0.04609375
0 0.85546875 0.47890625 0.0296875 0.03359375
0 0.8453125 0.44296875 0.040625 0.05390625
0 0.61328125 0.07265625 0.0265625 0.025
0 0.828125 0.571875 0.0234375 0.03515625
0 0.88671875 0.940625 0.0328125 0.04609375
0 0.9734375 0.79375 0.0234375 0.04140625
0 0.8203125 0.72578125 0.028125 0.02734375
0 0.840625 0.57578125 0.0265625 0.0375
0 0.69609375 0.85546875 0.03125 0.04765625
0 0.14921875 0.565625 0.028125 0.03984375
0 0.5453125 0.46328125 0.034375 0.05234375
0 0.2984375 0.25 0.0359375 0.05625
0 0.6546875 0.459375 0.021875 0.025
0 0.57578125 0.29296875 0.0359375 0.04765625
0 0.5296875 0.740625 0.046875 0.05625
0 0.9390625 0.775 0.028125 0.04140625
0 0.3375 0.68203125 0.04375 0.05
0 0.83203125 0.5125 0.0234375 0.03125
0 0.8390625 0.09140625 0.0375 0.05859375
0 0.9953125 0.178125 0.009375 0.03984375
0 0.71015625 0.2 0.01875 0.02734375
0 0.0171875 0.49375 0.034375 0.0625
0 0.325 0.25078125 0.0265625 0.02890625
0 0.54375 0.37890625 0.028125 0.04140625
0 0.47109375 0.715625 0.0328125 0.06015625
0 0.53359375 0.43984375 0.0375 0.05390625
2 0.4765625 0.8625 0.021875 0.03359375