0 0.0828125 0.21875 0.03125 0.05390625
0 0.06328125 0.37265625 0.0265625 0.03125
0 0.41484375 0.284375 0.034375 0.05625
0 0.815625 0.20078125 0.0453125 0.04765625
0 0.57421875 0.21796875 0.040625 0.05
0 0.7046875 0.19765625 0.0328125 0.04765625
0 0.96015625 0.03125 0.0234375 0.025
0 0.9390625 0.10625 0.0328125 0.04765625
0 0.66328125 0.32421875 0.0296875 0.03984375
0 0.6625 0.3875 0.0203125 0.03125
0 0.57265625 0.44453125 0.028125 0.04375
0 0.21640625 0.19375 0.0421875 0.05390625
0 0.17265625 0.69375 0.0296875 0.04375
0 0.2015625 0.41171875 0.034375 0.03984375
0 0.32890625 0.85390625 0.04375 0.05625
0 0.30078125 0.77265625 0.0375 0.0375
0 0.4703125 0.95 0.0375 0.05
0 0.640625 0.70078125 0.04375 0.05625
0 0.66484375 0.67578125 0.0296875 0.0375
0 0.74765625 0.653125 0.0265625 0.03984375
0 0.72265625 0.47578125 0.0265625 0.04375
0 0.74921875 0.6625 0.0359375 0.03984375
0 0.84375 0.36640625 0.028125 0.0375
0 0.85390625 0.47734375 0.0296875 0.03359375
0 0.86015625 0.42421875 0.0359375 0.05390625
0 0.61328125 0.09609375 0.0265625 0.03359375
0 0.828125 0.259375 0.025 0.03125
0 0.9015625 0.878125 0.0328125 0.04609375
0 0.9859375 0.99140625 0.0171875 0.01640625
0 0.98203125 0.78125 0.0234375 0.04140625
0 0.82109375 0.73125 0.028125 0.02734375
0 0.80859375 0.946875 0.0328125 0.04375
0 0.86953125 0.55859375 0.0265625 0.0375
0 0.69921875 0.846875 0.03125 0.04765625
0 0.17421875 0.56328125 0.028125 0.03984375
0 0.7109375 0.39921875 0.0421875 0.05859375
0 0.55078125 0.465625 0.034375 0.05234375
0 0.315625 0.221875 0.028125 0.04140625
0 0.0921875 0.546875 0.034375 0.04375
0 0.84453125 0.82109375 0.0203125 0.025
0 0.928125 0.96875 0.03125 0.0375
0 0.034375 0.10625 0.021875 0.025
0 0.73203125 0.1625 0.01875 0.02734375
0 0.02421875 0.45390625 0.0453125 0.06015625
0 0.34453125 0.209375 0.0296875 0.0375
0 0.54375 0.37890625 0.028125 0.04140625
0 0.47109375 0.715625 0.0328125 0.06015625
0 0.53515625 0.43984375 0.0375 0.05390625
2 0.4765625 0.8625 0.021875 0.03359375