0 0.02421875 0.275 0.034375 0.05625
0 0.05625 0.390625 0.028125 0.03359375
0 0.546875 0.01640625 0.040625 0.0328125
0 0.54453125 0.26953125 0.0421875 0.05625
0 0.90078125 0.11171875 0.0328125 0.04765625
0 0.659375 0.33828125 0.0265625 0.03359375
0 0.6109375 0.45546875 0.0375 0.04375
0 0.54296875 0.45859375 0.0359375 0.04140625
0 0.19375 0.40390625 0.0359375 0.04375
0 0.3234375 0.92109375 0.0375 0.05390625
0 0.1125 0.0875 0.025 0.0375
0 0.65859375 0.66796875 0.0296875 0.0375
0 0.7453125 0.65 0.0265625 0.03984375
0 0.64765625 0.52578125 0.0390625 0.04765625
0 0.78203125 0.41953125 0.03125 0.03359375
0 0.853125 0.47890625 0.0296875 0.03359375
0 0.834375 0.45390625 0.040625 0.05390625
0 0.60546875 0.07265625 0.0265625 0.025
0 0.8296875 0.71953125 0.028125 0.03515625
0 0.86015625 0.97578125 0.0328125 0.04609375
0 0.9515625 0.828125 0.0234375 0.04140625
0 0.8203125 0.72578125 0.028125 0.02734375
0 0.82265625 0.58671875 0.0265625 0.0375
0 0.675 0.859375 0.03125 0.04765625
0 0.13046875 0.56953125 0.028125 0.03984375
0 0.54375 0.46328125 0.034375 0.05234375
0 0.2796875 0.284375 0.0359375 0.05625
0 0.9453125 0.46796875 0.0203125 0.02734375
0 0.3953125 0.06171875 0.0328125 0.04609375
0 0.10703125 0.74296875 0.0484375 0.05625
0 0.6375 0.784375 0.046875 0.05625
0 0.9234375 0.9921875 0.025 0.015625
0 0.97734375 0.2 0.025 0.04375
0 0.3953125 0.990625 0.0375 0.01875
0 0.32890625 0.84453125 0.0390625 0.05859375
0 0.715625 0.87109375 0.05 0.07734375
0 0.15234375 0.11640625 0.0421875 0.04375
0 0.571875 0.08046875 0.0390625 0.04765625
0 0.684375 0.234375 0.01875 0.02734375
0 0.01328125 0.509375 0.0265625 0.05390625
0 0.2953125 0.28046875 0.0265625 0.03359375
0 0.54375 0.37890625 0.028125 0.04140625
0 0.47109375 0.715625 0.0328125 0.06015625
0 0.53203125 0.43984375 0.0375 0.05390625
2 0.4765625 0.8625 0.021875 0.03359375