0 0.0546875 0.23828125 0.034375 0.05625
0 0.05546875 0.39296875 0.028125 0.03359375
0 0.45703125 0.140625 0.0390625 0.06640625
0 0.56484375 0.22734375 0.0453125 0.05390625
0 0.9796875 0.475 0.03125 0.0375
0 0.9234375 0.11171875 0.0328125 0.04765625
0 0.66015625 0.32421875 0.0296875 0.03984375
0 0.65625 0.43515625 0.021875 0.03359375
0 0.5578125 0.46171875 0.028125 0.04375
0 0.19765625 0.403125 0.0359375 0.04375
0 0.32734375 0.91953125 0.04375 0.05625
0 0.48828125 0.315625 0.0375 0.03984375
0 0.4515625 0.36015625 0.021875 0.03359375
0 0.6640625 0.67265625 0.0296875 0.0375
0 0.7453125 0.65 0.0265625 0.03984375
0 0.7171875 0.515625 0.034375 0.04765625
0 0.81171875 0.39921875 0.025 0.03515625
0 0.853125 0.48046875 0.0296875 0.03359375
0 0.853125 0.428125 0.0390625 0.05390625
0 0.61171875 0.09140625 0.0265625 0.03359375
0 0.834375 0.45859375 0.0203125 0.025
0 0.90078125 0.91640625 0.0328125 0.04609375
0 0.97734375 0.78828125 0.0234375 0.04140625
0 0.8203125 0.72578125 0.028125 0.02734375
0 0.8515625 0.57265625 0.0265625 0.0375
0 0.6953125 0.85078125 0.03125 0.04765625
0 0.15703125 0.565625 0.028125 0.03984375
0 0.54609375 0.46328125 0.034375 0.05234375
0 0.30625 0.24296875 0.0359375 0.05625
0 0.478125 0.44609375 0.0421875 0.05390625
0 0.70625 0.15859375 0.01875 0.025
0 0.69453125 0.53984375 0.0390625 0.05
0 0.80546875 0.93515625 0.0453125 0.0625
0 0.83828125 0.96953125 0.0515625 0.05234375
0 0.9578125 0.49609375 0.028125 0.03515625
0 0.090625 0.92734375 0.0359375 0.04140625
0 0.18515625 0.84609375 0.0421875 0.05
0 0.1078125 0.92421875 0.0421875 0.05859375
0 0.9578125 0.309375 0.028125 0.03125
0 0.1109375 0.32421875 0.046875 0.07109375
0 0.71328125 0.171875 0.01875 0.02734375
0 0.01953125 0.484375 0.0390625 0.06484375
0 0.3359375 0.23671875 0.0296875 0.0375
0 0.54375 0.37890625 0.028125 0.04140625
0 0.47109375 0.715625 0.0328125 0.06015625
0 0.534375 0.43984375 0.0375 0.05390625
2 0.4765625 0.8625 0.021875 0.03359375