0 0.0953125 0.21953125 0.03125 0.05390625
0 0.06484375 0.36640625 0.0265625 0.02890625
0 0.403125 0.28984375 0.0359375 0.05390625
0 0.72578125 0.159375 0.04375 0.05390625
0 0.57734375 0.21328125 0.040625 0.04765625
0 0.67265625 0.15234375 0.0359375 0.04140625
0 0.93046875 0.01640625 0.0234375 0.02890625
0 0.9421875 0.10546875 0.0328125 0.04765625
0 0.66328125 0.32421875 0.0296875 0.03984375
0 0.66484375 0.384375 0.021875 0.03359375
0 0.57421875 0.440625 0.028125 0.04375
0 0.15390625 0.2375 0.04375 0.05859375
0 0.1796875 0.58125 0.03125 0.04140625
0 0.2015625 0.40859375 0.034375 0.03984375
0 0.32578125 0.86640625 0.04375 0.05625
0 0.25859375 0.8375 0.0421875 0.05234375
0 0.4703125 0.92890625 0.034375 0.05
0 0.64609375 0.74140625 0.0265625 0.03359375
0 0.66484375 0.67578125 0.0296875 0.0375
0 0.74765625 0.653125 0.0265625 0.03984375
0 0.728125 0.471875 0.0265625 0.0375
0 0.7890625 0.57734375 0.0359375 0.04609375
0 0.8453125 0.36015625 0.028125 0.0375
0 0.853125 0.47890625 0.0296875 0.03359375
0 0.8609375 0.42265625 0.0359375 0.05390625
0 0.61484375 0.09609375 0.0265625 0.03359375
0 0.80625 0.24609375 0.025 0.03359375
0 0.90625 0.875 0.0328125 0.04609375
0 0.9921875 0.98828125 0.015625 0.02265625
0 0.98359375 0.778125 0.0234375 0.04140625
0 0.82109375 0.73125 0.028125 0.02734375
0 0.8 0.81953125 0.0328125 0.04375
0 0.87421875 0.55625 0.0265625 0.0375
0 0.703125 0.846875 0.03125 0.04765625
0 0.1765625 0.56328125 0.028125 0.03984375
0 0.68515625 0.534375 0.0421875 0.05859375
0 0.55078125 0.465625 0.034375 0.05234375
0 0.3171875 0.21875 0.028125 0.04140625
0 0.0421875 0.58515625 0.034375 0.0375
0 0.92578125 0.821875 0.0203125 0.025
0 0.9890625 0.92421875 0.021875 0.03125
0 0.01015625 0.028125 0.0171875 0.025
0 0.73828125 0.15625 0.01875 0.02734375
0 0.0265625 0.446875 0.0453125 0.06015625
0 0.34765625 0.20546875 0.0296875 0.0375
0 0.54375 0.37890625 0.028125 0.04140625
0 0.47109375 0.715625 0.0328125 0.06015625
0 0.5359375 0.43984375 0.0375 0.05390625
2 0.4765625 0.8625 0.021875 0.03359375