0 0.09375 0.21953125 0.03125 0.05390625
0 0.06484375 0.36640625 0.0265625 0.02890625
0 0.40390625 0.28984375 0.0359375 0.05234375
0 0.7296875 0.16015625 0.04375 0.05390625
0 0.57734375 0.21484375 0.040625 0.04765625
0 0.67421875 0.16484375 0.034375 0.03984375
0 0.93203125 0.01640625 0.0234375 0.02890625
0 0.9421875 0.10546875 0.0328125 0.04765625
0 0.66328125 0.32421875 0.0296875 0.03984375
0 0.66484375 0.384375 0.021875 0.03359375
0 0.57421875 0.440625 0.028125 0.04375
0 0.1578125 0.23828125 0.04375 0.05859375
0 0.1796875 0.58515625 0.03125 0.04140625
0 0.2015625 0.40859375 0.034375 0.03984375
0 0.32578125 0.86484375 0.04375 0.05625
0 0.26171875 0.834375 0.040625 0.05234375
0 0.46875 0.93203125 0.034375 0.05
0 0.64765625 0.73671875 0.0265625 0.03515625
0 0.66484375 0.67578125 0.0296875 0.0375
0 0.74765625 0.653125 0.0265625 0.03984375
0 0.72734375 0.471875 0.0265625 0.03984375
0 0.78671875 0.58046875 0.0359375 0.04765625
0 0.8453125 0.36015625 0.028125 0.0375
0 0.853125 0.47890625 0.0296875 0.03359375
0 0.8609375 0.42265625 0.0359375 0.05390625
0 0.61484375 0.09609375 0.0265625 0.03359375
0 0.8078125 0.24765625 0.025 0.03359375
0 0.90625 0.875 0.0328125 0.04609375
0 0.9921875 0.98828125 0.015625 0.02265625
0 0.98359375 0.778125 0.0234375 0.04140625
0 0.82109375 0.73125 0.028125 0.02734375
0 0.8015625 0.82265625 0.0328125 0.04375
0 0.8734375 0.55625 0.0265625 0.0375
0 0.703125 0.846875 0.03125 0.04765625
0 0.17578125 0.56328125 0.028125 0.03984375
0 0.68671875 0.52890625 0.0421875 0.05859375
0 0.55078125 0.465625 0.034375 0.05234375
0 0.3171875 0.21875 0.028125 0.04140625
0 0.0421875 0.59765625 0.034375 0.0375
0 0.92265625 0.82109375 0.0203125 0.025
0 0.9875 0.92578125 0.021875 0.03125
0 0.01484375 0.028125 0.01875 0.025
0 0.73828125 0.15625 0.01875 0.02734375
0 0.0265625 0.446875 0.0453125 0.06015625
0 0.34765625 0.20546875 0.0296875 0.0375
0 0.54375 0.37890625 0.028125 0.04140625
0 0.47109375 0.715625 0.0328125 0.06015625
0 0.5359375 0.43984375 0.0375 0.05390625
2 0.4765625 0.8625 0.021875 0.03359375