0 0.06875 0.23046875 0.0328125 0.05390625
0 0.05859375 0.38828125 0.028125 0.03359375
0 0.4203125 0.23046875 0.0390625 0.06015625
0 0.56953125 0.221875 0.040625 0.05
0 0.8234375 0.36015625 0.03125 0.03984375
0 0.93515625 0.11171875 0.0328125 0.04765625
0 0.66328125 0.32421875 0.0296875 0.03984375
0 0.65703125 0.409375 0.021875 0.03359375
0 0.56640625 0.45390625 0.028125 0.04375
0 0.2015625 0.40390625 0.034375 0.04140625
0 0.35 0.88359375 0.040625 0.05390625
0 0.359375 0.59609375 0.0375 0.0375
0 0.47734375 0.978125 0.0453125 0.03984375
0 0.51484375 0.55234375 0.040625 0.05
0 0.66484375 0.67421875 0.0296875 0.0375
0 0.746875 0.65234375 0.0265625 0.03984375
0 0.71875 0.49140625 0.0296875 0.04375
0 0.64453125 0.98125 0.0375 0.0375
0 0.834375 0.384375 0.028125 0.0375
0 0.85390625 0.47890625 0.0296875 0.03359375
0 0.85859375 0.42734375 0.0359375 0.05390625
0 0.61171875 0.096875 0.0265625 0.03359375
0 0.8421875 0.36640625 0.021875 0.02890625
0 0.90078125 0.89453125 0.0328125 0.04609375
0 0.9796875 0.7875 0.0234375 0.04140625
0 0.8203125 0.72890625 0.028125 0.02734375
0 0.8625 0.565625 0.0265625 0.0375
0 0.70234375 0.85078125 0.03125 0.04765625
0 0.1671875 0.565625 0.028125 0.03984375
0 0.546875 0.46328125 0.034375 0.05234375
0 0.3125 0.23359375 0.0296875 0.04375
0 0.259375 0.4625 0.0453125 0.05390625
0 0.7234375 0.53515625 0.01875 0.025
0 0.078125 0.41171875 0.021875 0.03125
0 0.86875 0.81328125 0.034375 0.04375
0 0.96796875 0.159375 0.0234375 0.0375
0 0.4453125 0.96640625 0.040625 0.05
0 0.7203125 0.17578125 0.01875 0.02734375
0 0.021875 0.47265625 0.04375 0.06015625
0 0.34140625 0.22734375 0.0296875 0.0375
0 0.54375 0.37890625 0.028125 0.04140625
0 0.47109375 0.715625 0.0328125 0.06015625
0 0.53515625 0.43984375 0.0375 0.05390625
2 0.4765625 0.8625 0.021875 0.03359375