0 0.04609375 0.24921875 0.034375 0.05625
0 0.05625 0.38984375 0.028125 0.03359375
0 0.5078125 0.075 0.040625 0.06015625
0 0.5578125 0.2375 0.04375 0.06015625
0 0.91328125 0.10703125 0.0328125 0.04765625
0 0.66015625 0.32890625 0.0265625 0.03359375
0 0.65546875 0.43984375 0.021875 0.03359375
0 0.55234375 0.44765625 0.0359375 0.04140625
0 0.19765625 0.403125 0.0359375 0.04375
0 0.30703125 0.9 0.0453125 0.0625
0 0.74609375 0.09765625 0.03125 0.04375
0 0.33046875 0.17109375 0.021875 0.03515625
0 0.66171875 0.671875 0.0296875 0.0375
0 0.74453125 0.64921875 0.0265625 0.03984375
0 0.7046875 0.53359375 0.0390625 0.04765625
0 0.8 0.39375 0.0390625 0.04609375
0 0.85546875 0.47890625 0.0296875 0.03359375
0 0.8453125 0.44375 0.040625 0.05390625
0 0.61328125 0.07265625 0.0265625 0.025
0 0.8203125 0.58125 0.0265625 0.0375
0 0.8859375 0.94296875 0.0328125 0.04609375
0 0.97265625 0.79453125 0.0234375 0.04140625
0 0.8203125 0.72578125 0.028125 0.02734375
0 0.83984375 0.575 0.0265625 0.0375
0 0.6953125 0.85546875 0.03125 0.04765625
0 0.1484375 0.565625 0.028125 0.03984375
0 0.54453125 0.46328125 0.034375 0.05234375
0 0.2984375 0.25 0.0359375 0.05625
0 0.66953125 0.471875 0.0234375 0.02734375
0 0.55703125 0.29375 0.0359375 0.05
0 0.51640625 0.75078125 0.040625 0.05390625
0 0.928125 0.784375 0.028125 0.04375
0 0.34921875 0.68671875 0.0453125 0.05234375
0 0.821875 0.53984375 0.034375 0.04609375
0 0.8578125 0.115625 0.0375 0.05859375
0 0.9953125 0.178125 0.009375 0.03984375
0 0.709375 0.2 0.01875 0.02734375
0 0.0171875 0.49375 0.034375 0.0625
0 0.3234375 0.253125 0.0265625 0.02890625
0 0.54375 0.37890625 0.028125 0.04140625
0 0.47109375 0.715625 0.0328125 0.06015625
0 0.53359375 0.43984375 0.0375 0.05390625
2 0.4765625 0.8625 0.021875 0.03359375