0 0.10078125 0.22109375 0.03125 0.05390625
0 0.06484375 0.365625 0.0265625 0.02890625
0 0.403125 0.290625 0.0359375 0.05625
0 0.71328125 0.15703125 0.04375 0.05234375
0 0.578125 0.21171875 0.040625 0.04765625
0 0.6703125 0.15625 0.03125 0.0375
0 0.92890625 0.01875 0.025 0.03359375
0 0.94296875 0.10546875 0.0328125 0.04765625
0 0.66328125 0.32421875 0.0296875 0.03984375
0 0.66484375 0.38359375 0.021875 0.03359375
0 0.57421875 0.43984375 0.028125 0.04375
0 0.140625 0.23203125 0.0421875 0.05234375
0 0.19921875 0.56875 0.03125 0.04140625
0 0.2015625 0.40859375 0.034375 0.03984375
0 0.325 0.87109375 0.04375 0.05625
0 0.24765625 0.8375 0.03125 0.04140625
0 0.471875 0.93359375 0.03125 0.04609375
0 0.6390625 0.73515625 0.0265625 0.03515625
0 0.66484375 0.67578125 0.0296875 0.0375
0 0.74765625 0.653125 0.0265625 0.03984375
0 0.72890625 0.47109375 0.0265625 0.0375
0 0.7953125 0.5625 0.034375 0.04609375
0 0.8453125 0.359375 0.028125 0.0375
0 0.853125 0.47890625 0.0296875 0.03359375
0 0.8609375 0.42265625 0.0359375 0.05390625
0 0.615625 0.09609375 0.0265625 0.03359375
0 0.8140625 0.24296875 0.025 0.03515625
0 0.90625 0.87421875 0.0328125 0.04609375
0 0.9921875 0.9875 0.015625 0.025
0 0.98359375 0.778125 0.0234375 0.04140625
0 0.82109375 0.73125 0.028125 0.02734375
0 0.7921875 0.809375 0.0328125 0.04375
0 0.87421875 0.55546875 0.0265625 0.0375
0 0.70390625 0.846875 0.03125 0.04765625
0 0.1765625 0.56328125 0.028125 0.03984375
0 0.68125 0.55 0.0421875 0.05859375
0 0.55078125 0.465625 0.034375 0.05234375
0 0.3171875 0.21796875 0.028125 0.04140625
0 0.02265625 0.58125 0.03125 0.04375
0 0.93203125 0.83359375 0.0203125 0.025
0 0.9890625 0.9125 0.0171875 0.03125
0 0.009375 0.01640625 0.0171875 0.025
0 0.7390625 0.15546875 0.01875 0.02734375
0 0.02734375 0.44609375 0.0453125 0.06015625
0 0.3484375 0.20546875 0.0296875 0.0375
0 0.54375 0.37890625 0.028125 0.04140625
0 0.47109375 0.715625 0.0328125 0.06015625
0 0.5359375 0.43984375 0.0375 0.05390625
2 0.4765625 0.8625 0.021875 0.03359375