0 0.10234375 0.21484375 0.03125 0.05390625
0 0.065625 0.3625 0.0265625 0.02890625
0 0.41015625 0.31171875 0.0359375 0.05234375
0 0.65703125 0.13984375 0.0390625 0.04609375
0 0.58125 0.20703125 0.040625 0.04765625
0 0.6515625 0.11953125 0.034375 0.03984375
0 0.92421875 0.04453125 0.03125 0.04375
0 0.9453125 0.10390625 0.0328125 0.04765625
0 0.66328125 0.32421875 0.0296875 0.03984375
0 0.66640625 0.38046875 0.021875 0.03359375
0 0.575 0.4375 0.028125 0.04375
0 0.1078125 0.25234375 0.0375 0.04765625
0 0.19296875 0.50234375 0.028125 0.0375
0 0.20234375 0.409375 0.0328125 0.0375
0 0.3203125 0.865625 0.04375 0.05625
0 0.22109375 0.90234375 0.0390625 0.03984375
0 0.47578125 0.91875 0.0296875 0.03515625
0 0.6203125 0.77890625 0.03125 0.04140625
0 0.66484375 0.67734375 0.0296875 0.0375
0 0.74765625 0.65078125 0.0265625 0.03984375
0 0.7296875 0.46796875 0.0265625 0.0375
0 0.7890625 0.51328125 0.0390625 0.05234375
0 0.84453125 0.35859375 0.028125 0.0375
0 0.85234375 0.48046875 0.0296875 0.03359375
0 0.86171875 0.421875 0.0359375 0.05390625
0 0.6171875 0.09453125 0.0265625 0.03359375
0 0.8078125 0.228125 0.0234375 0.03359375
0 0.9078125 0.86953125 0.0328125 0.04609375
0 0.9921875 0.98515625 0.015625 0.02890625
0 0.98515625 0.77578125 0.0234375 0.04140625
0 0.821875 0.73203125 0.028125 0.02734375
0 0.79140625 0.74296875 0.0328125 0.04375
0 0.87578125 0.553125 0.0265625 0.0375
0 0.70546875 0.846875 0.03125 0.04765625
0 0.17890625 0.56328125 0.028125 0.03984375
0 0.66015625 0.61796875 0.0421875 0.05859375
0 0.5515625 0.465625 0.034375 0.05234375
0 0.31875 0.2125 0.028125 0.04140625
0 0.01015625 0.61953125 0.0171875 0.03125
0 0.98125 0.83515625 0.01875 0.025
0 0.73671875 0.15390625 0.01875 0.02734375
0 0.0265625 0.44296875 0.0453125 0.06015625
0 0.35078125 0.20234375 0.0296875 0.0375
0 0.54375 0.37890625 0.028125 0.04140625
0 0.47109375 0.715625 0.0328125 0.06015625
0 0.5359375 0.43984375 0.0375 0.05390625
2 0.4765625 0.8625 0.021875 0.03359375