0 0.0265625 0.26953125 0.034375 0.05625
0 0.05625 0.390625 0.028125 0.03359375
0 0.534375 0.01796875 0.040625 0.03515625
0 0.54765625 0.26953125 0.0421875 0.05625
0 0.90234375 0.11015625 0.0328125 0.04765625
0 0.66015625 0.3375 0.0265625 0.03359375
0 0.61640625 0.45703125 0.0375 0.04375
0 0.54375 0.45859375 0.0359375 0.04140625
0 0.19453125 0.403125 0.0359375 0.04375
0 0.328125 0.903125 0.040625 0.05859375
0 0.159375 0.07421875 0.028125 0.03359375
0 0.65859375 0.66875 0.0296875 0.0375
0 0.7453125 0.65 0.0265625 0.03984375
0 0.65546875 0.53125 0.0390625 0.04765625
0 0.7796875 0.409375 0.03125 0.03359375
0 0.85390625 0.47890625 0.0296875 0.03359375
0 0.83984375 0.45234375 0.040625 0.05390625
0 0.60625 0.07265625 0.0265625 0.025
0 0.84140625 0.7125 0.034375 0.04375
0 0.86015625 0.97421875 0.0328125 0.04609375
0 0.95390625 0.825 0.0234375 0.04140625
0 0.8203125 0.72578125 0.028125 0.02734375
0 0.82421875 0.58359375 0.0265625 0.0375
0 0.675 0.859375 0.03125 0.04765625
0 0.1328125 0.56875 0.028125 0.03984375
0 0.54375 0.46328125 0.034375 0.05234375
0 0.28125 0.27890625 0.0359375 0.05625
0 0.8984375 0.45703125 0.01875 0.02734375
0 0.42734375 0.09453125 0.0359375 0.06015625
0 0.16796875 0.67734375 0.0359375 0.04765625
0 0.60234375 0.746875 0.046875 0.05625
0 0.88359375 0.946875 0.025 0.03515625
0 0.97890625 0.19765625 0.025 0.04375
0 0.35703125 0.89140625 0.0421875 0.06484375
0 0.703125 0.965625 0.0453125 0.05625
0 0.11015625 0.08359375 0.04375 0.05
0 0.565625 0.04609375 0.0390625 0.04765625
0 0.68671875 0.23125 0.01875 0.02734375
0 0.01328125 0.50859375 0.0265625 0.05390625
0 0.29921875 0.27734375 0.0265625 0.03359375
0 0.54375 0.37890625 0.028125 0.04140625
0 0.47109375 0.715625 0.0328125 0.06015625
0 0.5328125 0.43984375 0.0375 0.05390625
2 0.4765625 0.8625 0.021875 0.03359375