0 0.08125 0.221875 0.03125 0.05390625
0 0.0609375 0.37734375 0.028125 0.03125
0 0.41171875 0.26875 0.034375 0.05625
0 0.86875 0.23203125 0.0421875 0.04609375
0 0.5734375 0.21953125 0.040625 0.04765625
0 0.71796875 0.22421875 0.0234375 0.03515625
0 0.97890625 0.03046875 0.03125 0.03359375
0 0.93828125 0.10703125 0.0328125 0.04765625
0 0.66328125 0.32421875 0.0296875 0.03984375
0 0.6609375 0.39296875 0.021875 0.03125
0 0.571875 0.446875 0.028125 0.04375
0 0.2375 0.146875 0.0421875 0.05390625
0 0.1453125 0.76875 0.028125 0.0375
0 0.2015625 0.41015625 0.034375 0.03984375
0 0.33359375 0.86015625 0.04375 0.05625
0 0.3078125 0.74453125 0.0375 0.03984375
0 0.46796875 0.96015625 0.040625 0.05390625
0 0.6078125 0.67890625 0.0265625 0.03515625
0 0.66484375 0.675 0.0296875 0.0375
0 0.74765625 0.653125 0.0265625 0.03984375
0 0.72421875 0.47890625 0.0265625 0.04375
0 0.7296875 0.725 0.0359375 0.04140625
0 0.8390625 0.37109375 0.028125 0.0375
0 0.85390625 0.478125 0.0296875 0.03359375
0 0.86015625 0.425 0.0359375 0.05390625
0 0.61171875 0.09609375 0.0265625 0.03359375
0 0.82578125 0.28828125 0.025 0.03125
0 0.89921875 0.88046875 0.0328125 0.04609375
0 0.98515625 0.9953125 0.0171875 0.009375
0 0.98125 0.78203125 0.0234375 0.04140625
0 0.8203125 0.73046875 0.028125 0.02734375
0 0.86796875 0.559375 0.0265625 0.0375
0 0.69609375 0.85 0.03125 0.04765625
0 0.17265625 0.56328125 0.028125 0.03984375
0 0.703125 0.31640625 0.0421875 0.05859375
0 0.55 0.465625 0.034375 0.05234375
0 0.31484375 0.22421875 0.028125 0.04140625
0 0.1046875 0.49296875 0.025 0.03515625
0 0.8015625 0.78203125 0.01875 0.02265625
0 0.0453125 0.16015625 0.021875 0.02890625
0 0.9875 0.01875 0.01875 0.025
0 0.8765625 0.990625 0.0375 0.01875
0 0.72734375 0.165625 0.01875 0.02734375
0 0.0234375 0.45703125 0.0453125 0.06015625
0 0.34296875 0.21171875 0.0296875 0.0375
0 0.54375 0.37890625 0.028125 0.04140625
0 0.47109375 0.715625 0.0328125 0.06015625
0 0.53515625 0.43984375 0.0375 0.05390625
2 0.4765625 0.8625 0.021875 0.03359375