0 0.01171875 0.29921875 0.0234375 0.05625
0 0.05625 0.39140625 0.028125 0.03359375
0 0.52265625 0.27890625 0.0421875 0.05625
0 0.88671875 0.11171875 0.028125 0.04140625
0 0.66015625 0.34375 0.0265625 0.03359375
0 0.58359375 0.39609375 0.0375 0.04375
0 0.54140625 0.4625 0.0359375 0.04140625
0 0.19453125 0.40703125 0.0359375 0.04375
0 0.66015625 0.66875 0.0296875 0.0375
0 0.74609375 0.65078125 0.0265625 0.03984375
0 0.590625 0.459375 0.034375 0.03984375
0 0.77578125 0.43984375 0.03125 0.03359375
0 0.85546875 0.48125 0.0296875 0.03359375
0 0.82109375 0.475 0.040625 0.05390625
0 0.60078125 0.075 0.0265625 0.025
0 0.8296875 0.87890625 0.025 0.03515625
0 0.9359375 0.84921875 0.0234375 0.04140625
0 0.8203125 0.72578125 0.028125 0.02734375
0 0.81171875 0.61796875 0.0265625 0.0375
0 0.653125 0.85859375 0.0375 0.05390625
0 0.1078125 0.578125 0.028125 0.03984375
0 0.54375 0.46328125 0.034375 0.05234375
0 0.25859375 0.31328125 0.0359375 0.05625
0 0.9171875 0.98828125 0.040625 0.02265625
0 0.9640625 0.21953125 0.025 0.04375
0 0.39453125 0.44921875 0.046875 0.0625
0 0.0703125 0.72265625 0.0359375 0.04609375
0 0.68046875 0.79140625 0.0359375 0.04140625
0 0.9203125 0.25703125 0.046875 0.07109375
0 0.33984375 0.31796875 0.0453125 0.06015625
0 0.40546875 0.36015625 0.04375 0.04765625
0 0.67421875 0.153125 0.0421875 0.05234375
0 0.3078125 0.165625 0.0296875 0.03359375
0 0.95 0.23203125 0.028125 0.03515625
0 0.66015625 0.265625 0.01875 0.02734375
0 0.0078125 0.5125 0.015625 0.03984375
0 0.27578125 0.29609375 0.0265625 0.03359375
0 0.54375 0.37890625 0.028125 0.04140625
0 0.47109375 0.715625 0.0328125 0.06015625
0 0.53125 0.43984375 0.0375 0.05390625
2 0.4765625 0.8625 0.021875 0.03359375
0 0.784375 0.825 0.04375 0.06015625
0 0.16796875 0.13515625 0.034375 0.04140625