0 0.071875 0.22890625 0.0328125 0.05390625
0 0.05859375 0.3875 0.028125 0.03359375
0 0.42734375 0.24140625 0.0390625 0.05859375
0 0.5703125 0.22109375 0.040625 0.05
0 0.796875 0.32265625 0.0390625 0.04765625
0 0.93671875 0.11328125 0.0328125 0.04765625
0 0.66328125 0.32421875 0.0296875 0.03984375
0 0.65703125 0.40703125 0.0203125 0.03125
0 0.56796875 0.45234375 0.028125 0.04375
0 0.05625 0.98203125 0.0265625 0.02890625
0 0.2015625 0.40546875 0.034375 0.04140625
0 0.34609375 0.87421875 0.04375 0.05859375
0 0.35703125 0.60546875 0.0375 0.0375
0 0.4796875 0.9765625 0.046875 0.046875
0 0.55625 0.56171875 0.0296875 0.04375
0 0.66484375 0.67421875 0.0296875 0.0375
0 0.746875 0.65234375 0.0265625 0.03984375
0 0.71953125 0.490625 0.0296875 0.04375
0 0.65078125 0.92734375 0.040625 0.05
0 0.83671875 0.38046875 0.028125 0.0375
0 0.85390625 0.48046875 0.0296875 0.03125
0 0.85859375 0.42734375 0.0359375 0.05390625
0 0.61171875 0.09765625 0.0265625 0.03359375
0 0.840625 0.33984375 0.021875 0.025
0 0.90078125 0.89140625 0.0328125 0.04609375
0 0.9796875 0.78515625 0.0234375 0.04140625
0 0.8203125 0.72890625 0.028125 0.02734375
0 0.8640625 0.565625 0.0265625 0.0375
0 0.70078125 0.85078125 0.03125 0.04765625
0 0.16796875 0.565625 0.028125 0.03984375
0 0.66640625 0.03984375 0.0421875 0.05859375
0 0.54765625 0.46328125 0.034375 0.05234375
0 0.31171875 0.23125 0.028125 0.04140625
0 0.225 0.43671875 0.0421875 0.05
0 0.73828125 0.61875 0.01875 0.025
0 0.09921875 0.35390625 0.021875 0.03125
0 0.92734375 0.84375 0.0375 0.04375
0 0.97265625 0.08515625 0.025 0.03359375
0 0.5015625 0.9859375 0.040625 0.028125
0 0.71875 0.17421875 0.01875 0.02734375
0 0.02265625 0.46875 0.04375 0.06015625
0 0.34140625 0.22421875 0.0296875 0.0375
0 0.54375 0.37890625 0.028125 0.04140625
0 0.47109375 0.715625 0.0328125 0.06015625
0 0.53515625 0.43984375 0.0375 0.05390625
2 0.4765625 0.8625 0.021875 0.03359375