0 0.05390625 0.23828125 0.034375 0.05625
0 0.05625 0.39140625 0.028125 0.03359375
0 0.47265625 0.13671875 0.0453125 0.05859375
0 0.56328125 0.22890625 0.0453125 0.05390625
0 0.921875 0.11015625 0.0328125 0.04765625
0 0.66015625 0.325 0.028125 0.0375
0 0.6546875 0.43515625 0.021875 0.03359375
0 0.559375 0.46328125 0.03125 0.03984375
0 0.19765625 0.403125 0.0359375 0.04375
0 0.315625 0.91171875 0.04375 0.05625
0 0.54609375 0.253125 0.0296875 0.04140625
0 0.4359375 0.28671875 0.0296875 0.04140625
0 0.66328125 0.671875 0.0296875 0.0375
0 0.74453125 0.64921875 0.0265625 0.03984375
0 0.7140625 0.51875 0.034375 0.04765625
0 0.80390625 0.39140625 0.0296875 0.03515625
0 0.853125 0.478125 0.0296875 0.03359375
0 0.8515625 0.42890625 0.040625 0.05390625
0 0.61171875 0.08828125 0.0265625 0.03125
0 0.834375 0.478125 0.0234375 0.025
0 0.89921875 0.91875 0.0328125 0.04609375
0 0.9765625 0.78828125 0.0234375 0.04140625
0 0.8203125 0.72578125 0.028125 0.02734375
0 0.8484375 0.57265625 0.0265625 0.0375
0 0.69296875 0.853125 0.03125 0.04765625
0 0.15625 0.565625 0.028125 0.03984375
0 0.54609375 0.46328125 0.034375 0.05234375
0 0.30390625 0.24453125 0.0359375 0.05625
0 0.51875 0.45390625 0.0375 0.05
0 0.67109375 0.09375 0.0203125 0.025
0 0.6640625 0.48515625 0.0390625 0.05625
0 0.74453125 0.878125 0.0421875 0.05625
0 0.87734375 0.90859375 0.0421875 0.06484375
0 0.94765625 0.559375 0.028125 0.03515625
0 0.01171875 0.91953125 0.0234375 0.03515625
0 0.21640625 0.79765625 0.046875 0.05625
0 0.0671875 0.89296875 0.05 0.05625
0 0.9171875 0.346875 0.03125 0.03125
0 0.13984375 0.22734375 0.046875 0.07109375
0 0.71015625 0.18046875 0.01875 0.02734375
0 0.01875 0.48671875 0.0375 0.06640625
0 0.33359375 0.23828125 0.0296875 0.0375
0 0.54375 0.37890625 0.028125 0.04140625
0 0.47109375 0.715625 0.0328125 0.06015625
0 0.53359375 0.43984375 0.0375 0.05390625
2 0.4765625 0.8625 0.021875 0.03359375