0 0.040625 0.25546875 0.034375 0.05625
0 0.05625 0.38984375 0.028125 0.03359375
0 0.51640625 0.05 0.040625 0.05859375
0 0.553125 0.24609375 0.040625 0.05859375
0 0.9078125 0.10703125 0.0328125 0.04765625
0 0.66015625 0.33125 0.0265625 0.03359375
0 0.6421875 0.44765625 0.0359375 0.04140625
0 0.54609375 0.45390625 0.0359375 0.04140625
0 0.196875 0.403125 0.0359375 0.04375
0 0.30390625 0.89140625 0.0453125 0.06015625
0 0.8390625 0.01796875 0.028125 0.03515625
0 0.2953125 0.09765625 0.04375 0.05859375
0 0.6609375 0.67109375 0.0296875 0.0375
0 0.7453125 0.65 0.0265625 0.03984375
0 0.6890625 0.540625 0.0390625 0.04765625
0 0.79609375 0.40078125 0.034375 0.03515625
0 0.853125 0.478125 0.028125 0.03125
0 0.84296875 0.446875 0.040625 0.05390625
0 0.609375 0.07265625 0.0265625 0.025
0 0.8421875 0.63515625 0.034375 0.04609375
0 0.8765625 0.953125 0.0328125 0.04609375
0 0.96328125 0.80625 0.0234375 0.04140625
0 0.8203125 0.72578125 0.028125 0.02734375
0 0.83828125 0.57109375 0.0265625 0.0375
0 0.68671875 0.85546875 0.03125 0.04765625
0 0.1421875 0.565625 0.028125 0.03984375
0 0.54453125 0.46328125 0.034375 0.05234375
0 0.290625 0.2625 0.0359375 0.05625
0 0.7265625 0.43359375 0.034375 0.025
0 0.50703125 0.23125 0.0359375 0.04609375
0 0.4296875 0.646875 0.0421875 0.0625
0 0.90390625 0.871875 0.025 0.04140625
0 0.4140625 0.696875 0.046875 0.05859375
0 0.79609375 0.64375 0.03125 0.04375
0 0.05390625 0.01953125 0.0359375 0.0390625
0 0.8984375 0.25546875 0.0375 0.05
0 0.9921875 0.18203125 0.015625 0.04375
0 0.703125 0.21015625 0.01875 0.02734375
0 0.015625 0.49765625 0.03125 0.06015625
0 0.3171875 0.26171875 0.0265625 0.03359375
0 0.54375 0.37890625 0.028125 0.04140625
0 0.47109375 0.715625 0.0328125 0.06015625
0 0.5328125 0.43984375 0.0375 0.05390625
2 0.4765625 0.8625 0.021875 0.03359375