0 0.09296875 0.21953125 0.03125 0.05390625
0 0.06484375 0.36640625 0.0265625 0.02890625
0 0.4046875 0.28984375 0.0375 0.05234375
0 0.73125 0.15859375 0.0421875 0.05234375
0 0.5765625 0.21484375 0.040625 0.04765625
0 0.6734375 0.16953125 0.0328125 0.04140625
0 0.9328125 0.01796875 0.0234375 0.02734375
0 0.9421875 0.10546875 0.0328125 0.04765625
0 0.66328125 0.32421875 0.0296875 0.03984375
0 0.6640625 0.384375 0.021875 0.03359375
0 0.57421875 0.440625 0.028125 0.04375
0 0.159375 0.23828125 0.04375 0.05859375
0 0.18203125 0.58671875 0.03125 0.04140625
0 0.2015625 0.40859375 0.034375 0.03984375
0 0.32578125 0.86328125 0.04375 0.05625
0 0.2609375 0.83203125 0.040625 0.05234375
0 0.46796875 0.93359375 0.034375 0.05
0 0.64765625 0.73671875 0.0265625 0.03515625
0 0.66484375 0.67578125 0.0296875 0.0375
0 0.74765625 0.653125 0.0265625 0.03984375
0 0.72734375 0.471875 0.0265625 0.03984375
0 0.78515625 0.58203125 0.0375 0.04765625
0 0.84453125 0.36015625 0.028125 0.0375
0 0.853125 0.47890625 0.0296875 0.03359375
0 0.8609375 0.42265625 0.0359375 0.05390625
0 0.61484375 0.09609375 0.0265625 0.03359375
0 0.80859375 0.246875 0.025 0.03359375
0 0.90625 0.87578125 0.0328125 0.04609375
0 0.9921875 0.98828125 0.015625 0.02265625
0 0.98359375 0.778125 0.0234375 0.04140625
0 0.82109375 0.73125 0.028125 0.02734375
0 0.803125 0.825 0.0328125 0.04375
0 0.8734375 0.55625 0.0265625 0.0375
0 0.703125 0.846875 0.03125 0.04765625
0 0.17578125 0.56328125 0.028125 0.03984375
0 0.68671875 0.52734375 0.0421875 0.05859375
0 0.55078125 0.465625 0.034375 0.05234375
0 0.3171875 0.21875 0.028125 0.04140625
0 0.0421875 0.60390625 0.034375 0.0375
0 0.921875 0.81875 0.0203125 0.025
0 0.98671875 0.92734375 0.021875 0.03125
0 0.0171875 0.02578125 0.01875 0.02265625
0 0.73828125 0.15625 0.01875 0.02734375
0 0.0265625 0.446875 0.0453125 0.06015625
0 0.34765625 0.20625 0.0296875 0.0375
0 0.54375 0.37890625 0.028125 0.04140625
0 0.47109375 0.715625 0.0328125 0.06015625
0 0.5359375 0.43984375 0.0375 0.05390625
2 0.4765625 0.8625 0.021875 0.03359375