0 0.02109375 0.28359375 0.034375 0.05625
0 0.05625 0.390625 0.028125 0.03359375
0 0.54453125 0.27421875 0.0421875 0.05625
0 0.89765625 0.11171875 0.03125 0.04765625
0 0.65859375 0.340625 0.0265625 0.03359375
0 0.60390625 0.44453125 0.0375 0.04375
0 0.54296875 0.459375 0.0359375 0.04140625
0 0.19296875 0.40546875 0.0359375 0.04375
0 0.3453125 0.93046875 0.0390625 0.05390625
0 0.08671875 0.02890625 0.0390625 0.05234375
0 0.65859375 0.66796875 0.0296875 0.0375
0 0.7453125 0.65 0.0265625 0.03984375
0 0.6375 0.51796875 0.0390625 0.04765625
0 0.7828125 0.428125 0.0296875 0.03359375
0 0.85390625 0.478125 0.0296875 0.03359375
0 0.82890625 0.45703125 0.040625 0.05390625
0 0.6046875 0.07265625 0.0265625 0.025
0 0.8421875 0.75390625 0.034375 0.04140625
0 0.85546875 0.98125 0.0328125 0.0375
0 0.9484375 0.83203125 0.0234375 0.04140625
0 0.8203125 0.72578125 0.028125 0.02734375
0 0.82109375 0.58984375 0.0265625 0.0375
0 0.67265625 0.859375 0.0328125 0.04765625
0 0.128125 0.57109375 0.028125 0.03984375
0 0.54375 0.46328125 0.034375 0.05234375
0 0.275 0.290625 0.0359375 0.05625
0 0.38984375 0.02265625 0.0328125 0.03984375
0 0.08671875 0.87109375 0.046875 0.06484375
0 0.690625 0.81484375 0.046875 0.05625
0 0.97421875 0.20546875 0.025 0.04375
0 0.38515625 0.89375 0.0421875 0.0625
0 0.29609375 0.79375 0.04375 0.06484375
0 0.5078125 0.96875 0.0296875 0.03984375
0 0.753125 0.75078125 0.0515625 0.07890625
0 0.0390625 0.54765625 0.0453125 0.04765625
0 0.20234375 0.16015625 0.0484375 0.04765625
0 0.5953125 0.08984375 0.0421875 0.05234375
0 0.47578125 0.01796875 0.03125 0.03125
0 0.6796875 0.23984375 0.01875 0.02734375
0 0.01171875 0.51171875 0.0234375 0.05390625
0 0.28984375 0.28359375 0.0265625 0.03359375
0 0.54375 0.37890625 0.028125 0.04140625
0 0.47109375 0.715625 0.0328125 0.06015625
0 0.53203125 0.43984375 0.0375 0.05390625
2 0.4765625 0.8625 0.021875 0.03359375