0 0.0171875 0.28828125 0.03125 0.05625
0 0.05625 0.39140625 0.028125 0.03359375
0 0.5328125 0.27578125 0.0421875 0.05625
0 0.89140625 0.1125 0.028125 0.04609375
0 0.659375 0.34375 0.0265625 0.03359375
0 0.5953125 0.428125 0.0375 0.04375
0 0.5421875 0.46015625 0.0359375 0.04140625
0 0.19296875 0.40625 0.0359375 0.04375
0 0.36171875 0.9734375 0.0390625 0.053125
0 0.040625 0.05859375 0.025 0.02890625
0 0.65859375 0.66796875 0.0296875 0.0375
0 0.74609375 0.65078125 0.0265625 0.03984375
0 0.6203125 0.50390625 0.0390625 0.04765625
0 0.778125 0.43359375 0.03125 0.03359375
0 0.85546875 0.47890625 0.0296875 0.03359375
0 0.8265625 0.4625 0.040625 0.05390625
0 0.603125 0.07421875 0.0265625 0.025
0 0.8328125 0.784375 0.034375 0.04375
0 0.84921875 0.9875 0.0328125 0.025
0 0.94296875 0.8375 0.0234375 0.04140625
0 0.8203125 0.72578125 0.028125 0.02734375
0 0.81640625 0.59375 0.0265625 0.0375
0 0.6578125 0.8625 0.0375 0.05390625
0 0.1171875 0.575 0.028125 0.03984375
0 0.54375 0.46328125 0.034375 0.05234375
0 0.2671875 0.29765625 0.0359375 0.05625
0 0.77890625 0.859375 0.0390625 0.05234375
0 0.96875 0.21171875 0.025 0.04375
0 0.3859375 0.72734375 0.0453125 0.0625
0 0.221875 0.75859375 0.04375 0.05859375
0 0.5546875 0.89375 0.0359375 0.05
0 0.81328125 0.578125 0.0484375 0.07734375
0 0.1765625 0.56796875 0.0515625 0.05625
0 0.27578125 0.23046875 0.0484375 0.04765625
0 0.62265625 0.10703125 0.0375 0.04765625
0 0.40390625 0.04296875 0.0265625 0.03359375
0 0.5515625 0.0125 0.0375 0.025
0 0.671875 0.246875 0.01875 0.02734375
0 0.009375 0.50703125 0.01875 0.04140625
0 0.28203125 0.28828125 0.0265625 0.03359375
0 0.54375 0.37890625 0.028125 0.04140625
0 0.47109375 0.715625 0.0328125 0.06015625
0 0.53203125 0.43984375 0.0375 0.05390625
2 0.4765625 0.8625 0.021875 0.03359375