0 0.05390625 0.23828125 0.034375 0.05625
0 0.05625 0.39140625 0.028125 0.03359375
0 0.46875 0.13984375 0.053125 0.05859375
0 0.5640625 0.228125 0.0453125 0.05390625
0 0.9890625 0.4875 0.021875 0.05
0 0.92265625 0.11171875 0.0328125 0.04765625
0 0.66015625 0.325 0.0296875 0.0375
0 0.65546875 0.43515625 0.021875 0.03359375
0 0.55859375 0.4625 0.0296875 0.04140625
0 0.19765625 0.403125 0.0359375 0.04375
0 0.3234375 0.91171875 0.04375 0.05625
0 0.503125 0.26640625 0.0375 0.0375
0 0.4484375 0.334375 0.0234375 0.03515625
0 0.6640625 0.67265625 0.0296875 0.0375
0 0.7453125 0.65 0.0265625 0.03984375
0 0.715625 0.51640625 0.034375 0.04765625
0 0.8078125 0.39375 0.028125 0.0375
0 0.853125 0.47890625 0.0296875 0.03359375
0 0.85234375 0.428125 0.040625 0.05390625
0 0.61171875 0.09140625 0.0265625 0.03359375
0 0.83515625 0.46484375 0.0203125 0.025
0 0.9 0.91796875 0.0328125 0.04609375
0 0.97734375 0.78828125 0.0234375 0.04140625
0 0.8203125 0.72578125 0.028125 0.02734375
0 0.84921875 0.57265625 0.0265625 0.0375
0 0.69453125 0.85234375 0.03125 0.04765625
0 0.15625 0.565625 0.028125 0.03984375
0 0.54609375 0.46328125 0.034375 0.05234375
0 0.30546875 0.24375 0.0359375 0.05625
0 0.50234375 0.44609375 0.040625 0.04609375
0 0.69609375 0.12734375 0.0203125 0.02890625
0 0.67109375 0.52734375 0.0421875 0.05390625
0 0.77265625 0.90234375 0.0421875 0.05859375
0 0.84765625 0.94609375 0.0359375 0.05234375
0 0.95546875 0.51875 0.028125 0.03515625
0 0.0515625 0.93671875 0.0328125 0.03984375
0 0.184375 0.809375 0.040625 0.05234375
0 0.08984375 0.90859375 0.04375 0.06015625
0 0.93984375 0.34375 0.0296875 0.03359375
0 0.11875 0.27890625 0.046875 0.07109375
0 0.7078125 0.16640625 0.01875 0.02734375
0 0.01953125 0.484375 0.0390625 0.06484375
0 0.33515625 0.2375 0.0296875 0.0375
0 0.54375 0.37890625 0.028125 0.04140625
0 0.47109375 0.715625 0.0328125 0.06015625
0 0.534375 0.43984375 0.0375 0.05390625
2 0.4765625 0.8625 0.021875 0.03359375