0 0.0640625 0.23203125 0.0328125 0.05390625
0 0.05859375 0.390625 0.028125 0.03359375
0 0.42578125 0.20390625 0.040625 0.0625
0 0.56796875 0.22421875 0.0421875 0.05234375
0 0.86640625 0.39375 0.034375 0.03984375
0 0.93046875 0.11171875 0.0328125 0.04765625
0 0.6625 0.32421875 0.0296875 0.03984375
0 0.6578125 0.415625 0.021875 0.03359375
0 0.56328125 0.45703125 0.028125 0.04375
0 0.20234375 0.40703125 0.0359375 0.04375
0 0.34375 0.91015625 0.0453125 0.05625
0 0.378125 0.52578125 0.0375 0.03515625
0 0.49140625 0.509375 0.0265625 0.03359375
0 0.66484375 0.67265625 0.0296875 0.0375
0 0.74609375 0.65078125 0.0265625 0.03984375
0 0.71796875 0.49765625 0.0296875 0.04375
0 0.8265625 0.39609375 0.025 0.03359375
0 0.853125 0.48046875 0.0296875 0.03359375
0 0.8578125 0.42578125 0.0359375 0.05390625
0 0.61171875 0.09453125 0.0265625 0.03359375
0 0.8390625 0.39921875 0.021875 0.02734375
0 0.90078125 0.90234375 0.0328125 0.04609375
0 0.97890625 0.78984375 0.0234375 0.04140625
0 0.8203125 0.728125 0.028125 0.02734375
0 0.8609375 0.56484375 0.0265625 0.0375
0 0.70234375 0.85078125 0.03125 0.04765625
0 0.16484375 0.565625 0.028125 0.03984375
0 0.546875 0.46328125 0.034375 0.05234375
0 0.3109375 0.23515625 0.0359375 0.05234375
0 0.325 0.45 0.04375 0.0625
0 0.70703125 0.40859375 0.025 0.03515625
0 0.05859375 0.50625 0.021875 0.03125
0 0.81640625 0.70234375 0.0390625 0.0375
0 0.9796875 0.27265625 0.0234375 0.04140625
0 0.34375 0.9125 0.040625 0.05
0 0.21484375 0.00625 0.0328125 0.0125
0 0.01875 0.60234375 0.0359375 0.06875
0 0.4859375 0.99375 0.021875 0.0125
0 0.7203125 0.178125 0.01875 0.02734375
0 0.02109375 0.478125 0.0421875 0.06015625
0 0.340625 0.23046875 0.0296875 0.0375
0 0.54375 0.37890625 0.028125 0.04140625
0 0.47109375 0.715625 0.0328125 0.06015625
0 0.534375 0.43984375 0.0375 0.05390625
2 0.4765625 0.8625 0.021875 0.03359375