0 0.053125 0.23828125 0.034375 0.05625
0 0.05625 0.39140625 0.028125 0.03359375
0 0.4734375 0.12109375 0.0453125 0.05625
0 0.56328125 0.22890625 0.0453125 0.05390625
0 0.92109375 0.11015625 0.0328125 0.04765625
0 0.66015625 0.32578125 0.028125 0.03515625
0 0.6546875 0.43359375 0.021875 0.03359375
0 0.559375 0.46328125 0.03125 0.03984375
0 0.19765625 0.403125 0.0359375 0.04375
0 0.3125 0.909375 0.04375 0.05625
0 0.5609375 0.22421875 0.03125 0.04375
0 0.41015625 0.28515625 0.0234375 0.03359375
0 0.66328125 0.671875 0.0296875 0.0375
0 0.74453125 0.64921875 0.0265625 0.03984375
0 0.7125 0.51953125 0.034375 0.04765625
0 0.803125 0.39296875 0.03125 0.03984375
0 0.85390625 0.47734375 0.0296875 0.03359375
0 0.85 0.43125 0.040625 0.05390625
0 0.6109375 0.08515625 0.0265625 0.02890625
0 0.82109375 0.48671875 0.0234375 0.02734375
0 0.8984375 0.91953125 0.0328125 0.04609375
0 0.9765625 0.7875 0.0234375 0.04140625
0 0.8203125 0.72578125 0.028125 0.02734375
0 0.84765625 0.57265625 0.0265625 0.0375
0 0.69375 0.853125 0.03125 0.04765625
0 0.15546875 0.565625 0.028125 0.03984375
0 0.54609375 0.46328125 0.034375 0.05234375
0 0.303125 0.24453125 0.0359375 0.05625
0 0.53984375 0.46015625 0.0203125 0.03359375
0 0.6578125 0.05 0.0203125 0.025
0 0.64453125 0.453125 0.034375 0.04609375
0 0.71328125 0.86875 0.0421875 0.05390625
0 0.903125 0.88203125 0.04375 0.06015625
0 0.94140625 0.58984375 0.028125 0.03515625
0 0.21875 0.75625 0.046875 0.06015625
0 0.04296875 0.8875 0.0453125 0.05859375
0 0.90234375 0.37734375 0.03125 0.03984375
0 0.15078125 0.19609375 0.046875 0.07109375
0 0.71796875 0.18515625 0.01875 0.02734375
0 0.01875 0.4875 0.0375 0.06640625
0 0.3328125 0.240625 0.0296875 0.03515625
0 0.54375 0.37890625 0.028125 0.04140625
0 0.47109375 0.715625 0.0328125 0.06015625
0 0.53359375 0.43984375 0.0375 0.05390625
2 0.4765625 0.8625 0.021875 0.03359375