0 0.05859375 0.23671875 0.034375 0.05625
0 0.05625 0.39296875 0.028125 0.03359375
0 0.4453125 0.16484375 0.046875 0.0625
0 0.565625 0.225 0.04375 0.05
0 0.92421875 0.44296875 0.0390625 0.04765625
0 0.9265625 0.11171875 0.0328125 0.04765625
0 0.6609375 0.32421875 0.0296875 0.03984375
0 0.6578125 0.428125 0.021875 0.03359375
0 0.56015625 0.459375 0.028125 0.04375
0 0.19921875 0.40546875 0.0359375 0.04375
0 0.3390625 0.915625 0.04375 0.05625
0 0.4265625 0.39609375 0.0375 0.04140625
0 0.48671875 0.44609375 0.03125 0.04375
0 0.66484375 0.67265625 0.0296875 0.0375
0 0.7453125 0.65 0.0265625 0.03984375
0 0.72109375 0.50625 0.034375 0.04765625
0 0.81171875 0.39296875 0.0328125 0.04140625
0 0.85234375 0.48125 0.0296875 0.03359375
0 0.85625 0.42578125 0.0375 0.05390625
0 0.61171875 0.09296875 0.0265625 0.03359375
0 0.83046875 0.44296875 0.0203125 0.02890625
0 0.90078125 0.91484375 0.0328125 0.04609375
0 0.978125 0.78828125 0.0234375 0.04140625
0 0.8203125 0.72734375 0.028125 0.02734375
0 0.85703125 0.56953125 0.0265625 0.0375
0 0.69921875 0.85078125 0.03125 0.04765625
0 0.16171875 0.565625 0.028125 0.03984375
0 0.54609375 0.46328125 0.034375 0.05234375
0 0.30859375 0.240625 0.0375 0.05625
0 0.41015625 0.4625 0.0421875 0.05390625
0 0.721875 0.265625 0.021875 0.02734375
0 0.015625 0.63203125 0.0265625 0.0375
0 0.75546875 0.61640625 0.04375 0.06015625
0 0.88671875 0.96015625 0.0390625 0.05
0 0.95390625 0.41640625 0.025 0.04375
0 0.20390625 0.89453125 0.040625 0.05
0 0.15 0.93515625 0.046875 0.05625
0 0.08125 0.071875 0.046875 0.05859375
0 0.18515625 0.9734375 0.0453125 0.053125
0 0.0640625 0.44609375 0.04375 0.07109375
0 0.71640625 0.18125 0.01875 0.02734375
0 0.02109375 0.48125 0.0421875 0.06015625
0 0.33828125 0.23359375 0.0296875 0.0375
0 0.54375 0.37890625 0.028125 0.04140625
0 0.47109375 0.715625 0.0328125 0.06015625
0 0.534375 0.43984375 0.0375 0.05390625
2 0.4765625 0.8625 0.021875 0.03359375