0 0.07578125 0.22890625 0.03125 0.05390625
0 0.0578125 0.38671875 0.028125 0.03359375
0 0.4203125 0.246875 0.0375 0.05625
0 0.57265625 0.22109375 0.040625 0.05
0 0.76875 0.30546875 0.0359375 0.04375
0 0.93828125 0.1125 0.0328125 0.04765625
0 0.66328125 0.32421875 0.0296875 0.03984375
0 0.65859375 0.40390625 0.0203125 0.02890625
0 0.56953125 0.45 0.028125 0.04375
0 0.2828125 0.00859375 0.028125 0.01640625
0 0.08203125 0.92578125 0.0265625 0.03515625
0 0.2015625 0.40703125 0.034375 0.03984375
0 0.34609375 0.86328125 0.04375 0.05625
0 0.3390625 0.63203125 0.025 0.03125
0 0.478125 0.97109375 0.046875 0.05625
0 0.55 0.59921875 0.0234375 0.03515625
0 0.66484375 0.675 0.0296875 0.0375
0 0.746875 0.65234375 0.0265625 0.03984375
0 0.72109375 0.48828125 0.0296875 0.04375
0 0.68515625 0.86953125 0.0359375 0.05625
0 0.8375 0.37578125 0.028125 0.0375
0 0.85390625 0.48046875 0.0296875 0.03125
0 0.859375 0.42578125 0.0359375 0.05390625
0 0.61171875 0.09765625 0.0265625 0.03359375
0 0.83515625 0.325 0.0265625 0.03359375
0 0.90078125 0.88984375 0.0328125 0.04609375
0 0.98046875 0.784375 0.0234375 0.04140625
0 0.8203125 0.73046875 0.028125 0.02734375
0 0.86484375 0.56484375 0.0265625 0.0375
0 0.69453125 0.85390625 0.03125 0.04765625
0 0.16796875 0.565625 0.028125 0.03984375
0 0.68125 0.11484375 0.0421875 0.05859375
0 0.54765625 0.46328125 0.034375 0.05234375
0 0.3109375 0.22890625 0.028125 0.04140625
0 0.18984375 0.440625 0.0453125 0.05234375
0 0.75625 0.67109375 0.01875 0.025
0 0.09375 0.29609375 0.021875 0.03125
0 0.95 0.91015625 0.034375 0.04609375
0 0.99296875 0.02734375 0.0140625 0.025
0 0.71953125 0.17421875 0.01875 0.02734375
0 0.02265625 0.465625 0.04375 0.06015625
0 0.34140625 0.22109375 0.0296875 0.0375
0 0.54375 0.37890625 0.028125 0.04140625
0 0.47109375 0.715625 0.0328125 0.06015625
0 0.53515625 0.43984375 0.0375 0.05390625
2 0.4765625 0.8625 0.021875 0.03359375