0 0.0875 0.21875 0.03125 0.05390625
0 0.06484375 0.36875 0.0265625 0.02890625
0 0.4109375 0.2875 0.0375 0.05
0 0.75859375 0.175 0.0390625 0.04609375
0 0.57578125 0.21640625 0.040625 0.04765625
0 0.68125 0.18125 0.0328125 0.03984375
0 0.9453125 0.01875 0.0234375 0.02890625
0 0.940625 0.10546875 0.0328125 0.04765625
0 0.66328125 0.32421875 0.0296875 0.03984375
0 0.6640625 0.38671875 0.021875 0.03359375
0 0.5734375 0.44140625 0.028125 0.04375
0 0.17890625 0.23046875 0.04375 0.05859375
0 0.19140625 0.61328125 0.0359375 0.04140625
0 0.2015625 0.41015625 0.034375 0.03984375
0 0.3265625 0.85234375 0.04375 0.05625
0 0.2734375 0.803125 0.0375 0.05
0 0.4703125 0.946875 0.0359375 0.05
0 0.65703125 0.73125 0.028125 0.04375
0 0.66484375 0.67578125 0.0296875 0.0375
0 0.74765625 0.653125 0.0265625 0.03984375
0 0.72578125 0.47265625 0.0265625 0.03984375
0 0.7671875 0.60390625 0.0375 0.05234375
0 0.84453125 0.3625 0.028125 0.0375
0 0.85390625 0.478125 0.0296875 0.03359375
0 0.8609375 0.42265625 0.0359375 0.05390625
0 0.6140625 0.09609375 0.0265625 0.03359375
0 0.8203125 0.24453125 0.025 0.03359375
0 0.9046875 0.87734375 0.0328125 0.04609375
0 0.990625 0.9890625 0.015625 0.021875
0 0.9828125 0.77890625 0.0234375 0.04140625
0 0.82109375 0.73125 0.028125 0.02734375
0 0.79921875 0.86640625 0.0328125 0.04375
0 0.87265625 0.55703125 0.0265625 0.0375
0 0.7015625 0.846875 0.03125 0.04765625
0 0.175 0.56328125 0.028125 0.03984375
0 0.69765625 0.48671875 0.0421875 0.05859375
0 0.55078125 0.465625 0.034375 0.05234375
0 0.31640625 0.21953125 0.028125 0.04140625
0 0.06015625 0.56640625 0.028125 0.03515625
0 0.89609375 0.82265625 0.0203125 0.025
0 0.9625 0.93828125 0.025 0.03515625
0 0.02421875 0.04765625 0.01875 0.02265625
0 0.73671875 0.15859375 0.01875 0.02734375
0 0.02578125 0.44921875 0.0453125 0.06015625
0 0.346875 0.20703125 0.0296875 0.0375
0 0.54375 0.37890625 0.028125 0.04140625
0 0.47109375 0.715625 0.0328125 0.06015625
0 0.5359375 0.43984375 0.0375 0.05390625
2 0.4765625 0.8625 0.021875 0.03359375