0 0.01640625 0.290625 0.0328125 0.05625
0 0.05625 0.39140625 0.028125 0.03359375
0 0.53046875 0.27734375 0.0421875 0.05625
0 0.8890625 0.1125 0.028125 0.04375
0 0.659375 0.34375 0.0265625 0.03359375
0 0.58828125 0.415625 0.0375 0.04375
0 0.5421875 0.46171875 0.0359375 0.04140625
0 0.19296875 0.40703125 0.0359375 0.04375
0 0.36171875 0.9828125 0.0390625 0.034375
0 0.00625 0.07421875 0.0125 0.03984375
0 0.65859375 0.66640625 0.0296875 0.0375
0 0.74609375 0.65078125 0.0265625 0.03984375
0 0.60859375 0.48828125 0.0390625 0.04765625
0 0.778125 0.4375 0.03125 0.03359375
0 0.85546875 0.48046875 0.0296875 0.03359375
0 0.8265625 0.46640625 0.040625 0.05390625
0 0.6015625 0.075 0.0265625 0.025
0 0.8453125 0.80390625 0.0203125 0.02734375
0 0.84609375 0.9890625 0.0328125 0.021875
0 0.93984375 0.84296875 0.0234375 0.04140625
0 0.8203125 0.72578125 0.028125 0.02734375
0 0.81484375 0.59140625 0.0265625 0.0375
0 0.65546875 0.86015625 0.0375 0.05390625
0 0.109375 0.578125 0.028125 0.03984375
0 0.54375 0.46328125 0.034375 0.05234375
0 0.26171875 0.30234375 0.0359375 0.05625
0 0.815625 0.903125 0.046875 0.05625
0 0.9640625 0.21328125 0.025 0.04375
0 0.38359375 0.63828125 0.0453125 0.0625
0 0.1890625 0.72109375 0.04375 0.05859375
0 0.59765625 0.85234375 0.0359375 0.04765625
0 0.846875 0.478125 0.0484375 0.06640625
0 0.24921875 0.50546875 0.0453125 0.05859375
0 0.31875 0.26640625 0.0484375 0.04765625
0 0.63671875 0.10546875 0.034375 0.04609375
0 0.38125 0.08359375 0.0296875 0.04609375
0 0.9921875 0.103125 0.015625 0.04375
0 0.6671875 0.253125 0.01875 0.02734375
0 0.0078125 0.509375 0.015625 0.04375
0 0.27890625 0.29140625 0.0265625 0.03359375
0 0.54375 0.37890625 0.028125 0.04140625
0 0.47109375 0.715625 0.0328125 0.06015625
0 0.53203125 0.43984375 0.0375 0.05390625
2 0.4765625 0.8625 0.021875 0.03359375
0 0.70859375 0.9796875 0.0390625 0.040625
0 0.04609375 0.07890625 0.0421875 0.05859375