0 0.03203125 0.26484375 0.034375 0.05625
0 0.05625 0.390625 0.028125 0.03359375
0 0.52421875 0.028125 0.040625 0.05625
0 0.54765625 0.26953125 0.0421875 0.05625
0 0.903125 0.109375 0.0328125 0.04765625
0 0.66015625 0.33515625 0.0265625 0.03359375
0 0.62265625 0.459375 0.0375 0.04375
0 0.54375 0.45703125 0.0359375 0.04140625
0 0.1953125 0.403125 0.0359375 0.04375
0 0.31640625 0.890625 0.0453125 0.06015625
0 0.21796875 0.05703125 0.046875 0.05625
0 0.659375 0.66953125 0.0296875 0.0375
0 0.7453125 0.65 0.0265625 0.03984375
0 0.66796875 0.53828125 0.0390625 0.04765625
0 0.7875 0.41171875 0.03125 0.03359375
0 0.85390625 0.478125 0.0296875 0.03125
0 0.84140625 0.45 0.040625 0.05390625
0 0.60703125 0.07265625 0.0265625 0.025
0 0.84453125 0.678125 0.03125 0.04140625
0 0.86328125 0.965625 0.0328125 0.04609375
0 0.95703125 0.81796875 0.0234375 0.04140625
0 0.8203125 0.72578125 0.028125 0.02734375
0 0.83046875 0.57734375 0.0265625 0.0375
0 0.67890625 0.85859375 0.03125 0.04765625
0 0.1359375 0.56796875 0.028125 0.03984375
0 0.54375 0.46328125 0.034375 0.05234375
0 0.28359375 0.27421875 0.0359375 0.05625
0 0.83515625 0.42890625 0.01875 0.02734375
0 0.4734375 0.134375 0.034375 0.04765625
0 0.25078125 0.62890625 0.0453125 0.05390625
0 0.82734375 0.984375 0.03125 0.03125
0 0.53125 0.71171875 0.046875 0.05625
0 0.8421875 0.840625 0.028125 0.0375
0 0.984375 0.19296875 0.025 0.04375
0 0.325 0.94765625 0.0484375 0.06015625
0 0.04921875 0.03984375 0.0453125 0.05
0 0.534375 0.02421875 0.034375 0.04609375
0 0.6921875 0.22265625 0.01875 0.02734375
0 0.01328125 0.503125 0.0265625 0.05625
0 0.3078125 0.271875 0.0265625 0.03359375
0 0.54375 0.37890625 0.028125 0.04140625
0 0.47109375 0.715625 0.0328125 0.06015625
0 0.5328125 0.43984375 0.0375 0.05390625
2 0.4765625 0.8625 0.021875 0.03359375