0 0.0359375 0.26015625 0.034375 0.05625
0 0.05625 0.38984375 0.028125 0.03359375
0 0.52578125 0.04296875 0.040625 0.05625
0 0.54765625 0.26171875 0.0421875 0.05625
0 0.90546875 0.10859375 0.0328125 0.04765625
0 0.66015625 0.33359375 0.0265625 0.03359375
0 0.628125 0.45859375 0.0375 0.04375
0 0.54453125 0.45703125 0.0359375 0.04140625
0 0.19609375 0.403125 0.0359375 0.04375
0 0.30625 0.89140625 0.0453125 0.06015625
0 0.225 0.11796875 0.025 0.02890625
0 0.66015625 0.67109375 0.0296875 0.0375
0 0.7453125 0.65 0.0265625 0.03984375
0 0.678125 0.54296875 0.0390625 0.04765625
0 0.7953125 0.40703125 0.03125 0.03359375
0 0.85390625 0.478125 0.0296875 0.03125
0 0.8421875 0.44921875 0.040625 0.05390625
0 0.6078125 0.07265625 0.0265625 0.025
0 0.85 0.659375 0.034375 0.04140625
0 0.86796875 0.96171875 0.0328125 0.04609375
0 0.959375 0.8125 0.0234375 0.04140625
0 0.8203125 0.72578125 0.028125 0.02734375
0 0.8359375 0.57890625 0.0265625 0.0375
0 0.68203125 0.85703125 0.03125 0.04765625
0 0.1390625 0.56640625 0.028125 0.03984375
0 0.54375 0.46328125 0.034375 0.05234375
0 0.28515625 0.26953125 0.0359375 0.05625
0 0.7734375 0.409375 0.021875 0.02734375
0 0.4828125 0.16484375 0.0328125 0.04375
0 0.325 0.66015625 0.0421875 0.05234375
0 0.8703125 0.93984375 0.025 0.03515625
0 0.475 0.67890625 0.040625 0.06015625
0 0.796875 0.753125 0.028125 0.03984375
0 0.984375 0.31328125 0.03125 0.05234375
0 0.98671875 0.190625 0.021875 0.04375
0 0.309375 0.984375 0.05 0.03125
0 0.00859375 0.01796875 0.0171875 0.03515625
0 0.69609375 0.21875 0.01875 0.02734375
0 0.01484375 0.50234375 0.0296875 0.05859375
0 0.31171875 0.26640625 0.0265625 0.03359375
0 0.54375 0.37890625 0.028125 0.04140625
0 0.47109375 0.715625 0.0328125 0.06015625
0 0.5328125 0.43984375 0.0375 0.05390625
2 0.4765625 0.8625 0.021875 0.03359375