0 0.04921875 0.24453125 0.034375 0.05625
0 0.05625 0.390625 0.028125 0.03359375
0 0.4984375 0.07890625 0.040625 0.05
0 0.5609375 0.234375 0.0453125 0.05859375
0 0.91796875 0.11015625 0.0328125 0.04765625
0 0.66015625 0.328125 0.0265625 0.03359375
0 0.65234375 0.43828125 0.021875 0.03359375
0 0.553125 0.45703125 0.0359375 0.04140625
0 0.19765625 0.403125 0.0359375 0.04375
0 0.3109375 0.90703125 0.0453125 0.05859375
0 0.68046875 0.12265625 0.03125 0.04140625
0 0.34375 0.24296875 0.0375 0.04140625
0 0.6625 0.671875 0.0296875 0.0375
0 0.74453125 0.64921875 0.0265625 0.03984375
0 0.709375 0.52734375 0.0375 0.04765625
0 0.8015625 0.390625 0.0390625 0.04609375
0 0.8546875 0.478125 0.0296875 0.03359375
0 0.8453125 0.43828125 0.040625 0.05390625
0 0.61171875 0.075 0.0265625 0.025
0 0.83359375 0.53828125 0.0359375 0.04375
0 0.88984375 0.93359375 0.0328125 0.04609375
0 0.97421875 0.790625 0.0234375 0.04140625
0 0.8203125 0.72578125 0.028125 0.02734375
0 0.84375 0.57734375 0.0265625 0.0375
0 0.7 0.853125 0.03125 0.04765625
0 0.15390625 0.565625 0.028125 0.03984375
0 0.5453125 0.46328125 0.034375 0.05234375
0 0.3 0.24765625 0.0359375 0.05625
0 0.61796875 0.496875 0.0234375 0.02734375
0 0.57890625 0.36015625 0.0359375 0.04375
0 0.58203125 0.78984375 0.0421875 0.05
0 0.98359375 0.746875 0.0328125 0.06015625
0 0.9421875 0.728125 0.028125 0.0375
0 0.30234375 0.71171875 0.05 0.06484375
0 0.85234375 0.46328125 0.0234375 0.03125
0 0.20234375 0.02734375 0.046875 0.05390625
0 0.83046875 0.01484375 0.0421875 0.02890625
0 0.71328125 0.19765625 0.01875 0.02734375
0 0.01796875 0.49296875 0.0359375 0.06484375
0 0.32734375 0.246875 0.028125 0.03125
0 0.54375 0.37890625 0.028125 0.04140625
0 0.47109375 0.715625 0.0328125 0.06015625
0 0.53359375 0.43984375 0.0375 0.05390625
2 0.4765625 0.8625 0.021875 0.03359375