0 0.02421875 0.27421875 0.034375 0.05625
0 0.05625 0.390625 0.028125 0.03359375
0 0.5484375 0.01796875 0.040625 0.03515625
0 0.54453125 0.26953125 0.0421875 0.05625
0 0.90078125 0.11171875 0.0328125 0.04765625
0 0.659375 0.33828125 0.0265625 0.03359375
0 0.6125 0.45625 0.0375 0.04375
0 0.54296875 0.45859375 0.0359375 0.04140625
0 0.19453125 0.40390625 0.0359375 0.04375
0 0.32421875 0.91796875 0.0375 0.05390625
0 0.1171875 0.07421875 0.025 0.03515625
0 0.65859375 0.66796875 0.0296875 0.0375
0 0.7453125 0.65 0.0265625 0.03984375
0 0.64921875 0.52734375 0.0390625 0.04765625
0 0.78125 0.41796875 0.03125 0.03359375
0 0.853125 0.47890625 0.0296875 0.03359375
0 0.83515625 0.45390625 0.040625 0.05390625
0 0.60546875 0.07265625 0.0265625 0.025
0 0.83359375 0.71640625 0.03125 0.03984375
0 0.86015625 0.97578125 0.0328125 0.04609375
0 0.9515625 0.828125 0.0234375 0.04140625
0 0.8203125 0.72578125 0.028125 0.02734375
0 0.82265625 0.584375 0.0265625 0.0375
0 0.675 0.859375 0.03125 0.04765625
0 0.13125 0.56953125 0.028125 0.03984375
0 0.54375 0.46328125 0.034375 0.05234375
0 0.2796875 0.28359375 0.0359375 0.05625
0 0.934375 0.48828125 0.0203125 0.02734375
0 0.40234375 0.06640625 0.025 0.03515625
0 0.1171875 0.74296875 0.046875 0.05625
0 0.62890625 0.78671875 0.046875 0.05625
0 0.9140625 0.98828125 0.025 0.02265625
0 0.978125 0.19921875 0.025 0.04375
0 0.3390625 0.85234375 0.04375 0.0625
0 0.7171875 0.890625 0.0484375 0.07109375
0 0.14453125 0.10859375 0.040625 0.04140625
0 0.56953125 0.07890625 0.0390625 0.04765625
0 0.684375 0.234375 0.01875 0.02734375
0 0.01328125 0.51015625 0.0265625 0.05390625
0 0.29609375 0.27890625 0.0265625 0.03359375
0 0.54375 0.37890625 0.028125 0.04140625
0 0.47109375 0.715625 0.0328125 0.06015625
0 0.53203125 0.43984375 0.0375 0.05390625
2 0.4765625 0.8625 0.021875 0.03359375