0 0.0671875 0.23125 0.0328125 0.05390625
0 0.059375 0.38828125 0.028125 0.03359375
0 0.42578125 0.22109375 0.0390625 0.06015625
0 0.56875 0.22265625 0.0421875 0.05234375
0 0.84453125 0.36171875 0.0328125 0.03984375
0 0.93359375 0.11171875 0.0328125 0.04765625
0 0.66328125 0.32421875 0.0296875 0.03984375
0 0.65625 0.41015625 0.021875 0.03359375
0 0.56484375 0.45546875 0.028125 0.04375
0 0.20234375 0.40625 0.0359375 0.04375
0 0.359375 0.90234375 0.04375 0.05625
0 0.3453125 0.57734375 0.034375 0.03359375
0 0.4875 0.984375 0.0421875 0.02890625
0 0.4984375 0.56171875 0.025 0.03359375
0 0.66484375 0.67421875 0.0296875 0.0375
0 0.746875 0.65234375 0.0265625 0.03984375
0 0.71796875 0.49375 0.0296875 0.04375
0 0.8328125 0.38515625 0.028125 0.0375
0 0.85390625 0.47890625 0.0296875 0.03359375
0 0.8578125 0.42578125 0.0359375 0.05390625
0 0.61171875 0.09609375 0.0265625 0.03359375
0 0.83828125 0.37578125 0.021875 0.02890625
0 0.90078125 0.89765625 0.0328125 0.04609375
0 0.97890625 0.78828125 0.0234375 0.04140625
0 0.8203125 0.72890625 0.028125 0.02734375
0 0.8625 0.565625 0.0265625 0.0375
0 0.703125 0.85078125 0.03125 0.04765625
0 0.16640625 0.565625 0.028125 0.03984375
0 0.546875 0.46328125 0.034375 0.05234375
0 0.31171875 0.234375 0.03125 0.04609375
0 0.28203125 0.440625 0.0453125 0.05234375
0 0.7265625 0.49140625 0.01875 0.025
0 0.0734375 0.446875 0.021875 0.03125
0 0.8578125 0.771875 0.03125 0.04140625
0 0.96953125 0.2 0.0234375 0.04140625
0 0.4125 0.95390625 0.040625 0.05
0 0.7203125 0.17734375 0.01875 0.02734375
0 0.021875 0.475 0.0421875 0.06015625
0 0.34140625 0.228125 0.0296875 0.0375
0 0.54375 0.37890625 0.028125 0.04140625
0 0.47109375 0.715625 0.0328125 0.06015625
0 0.534375 0.43984375 0.0375 0.05390625
2 0.4765625 0.8625 0.021875 0.03359375