0 0.03046875 0.265625 0.034375 0.05625
0 0.05625 0.390625 0.028125 0.03359375
0 0.53046875 0.028125 0.040625 0.05625
0 0.54765625 0.271875 0.0421875 0.05625
0 0.903125 0.11015625 0.0328125 0.04765625
0 0.66015625 0.33671875 0.0265625 0.03359375
0 0.62109375 0.459375 0.0375 0.04375
0 0.54375 0.45703125 0.0359375 0.04140625
0 0.1953125 0.403125 0.0359375 0.04375
0 0.31796875 0.890625 0.0453125 0.06015625
0 0.2015625 0.04375 0.0453125 0.05234375
0 0.65859375 0.66875 0.0296875 0.0375
0 0.7453125 0.65 0.0265625 0.03984375
0 0.66484375 0.53671875 0.0390625 0.04765625
0 0.78984375 0.41796875 0.03125 0.03359375
0 0.85390625 0.478125 0.0296875 0.03125
0 0.84140625 0.45078125 0.040625 0.05390625
0 0.60703125 0.07265625 0.0265625 0.025
0 0.83828125 0.6875 0.034375 0.04609375
0 0.86171875 0.96796875 0.0328125 0.04609375
0 0.95625 0.81953125 0.0234375 0.04140625
0 0.8203125 0.72578125 0.028125 0.02734375
0 0.82890625 0.58046875 0.0265625 0.0375
0 0.67734375 0.85859375 0.03125 0.04765625
0 0.13515625 0.56796875 0.028125 0.03984375
0 0.54375 0.46328125 0.034375 0.05234375
0 0.2828125 0.275 0.0359375 0.05625
0 0.84140625 0.43828125 0.0234375 0.02734375
0 0.446875 0.125 0.0375 0.05390625
0 0.22734375 0.659375 0.046875 0.05390625
0 0.55078125 0.71484375 0.046875 0.05625
0 0.846875 0.86796875 0.028125 0.0375
0 0.9828125 0.19375 0.025 0.04375
0 0.3453125 0.94375 0.0484375 0.06015625
0 0.06484375 0.04453125 0.0453125 0.05234375
0 0.5421875 0.02578125 0.0375 0.04375
0 0.690625 0.225 0.01875 0.02734375
0 0.01328125 0.50390625 0.0265625 0.05390625
0 0.30625 0.27265625 0.0265625 0.03359375
0 0.54375 0.37890625 0.028125 0.04140625
0 0.47109375 0.715625 0.0328125 0.06015625
0 0.5328125 0.43984375 0.0375 0.05390625
2 0.4765625 0.8625 0.021875 0.03359375