0 0.04296875 0.253125 0.034375 0.05625
0 0.05625 0.38984375 0.028125 0.03359375
0 0.51796875 0.05703125 0.040625 0.05234375
0 0.55390625 0.24140625 0.0421875 0.06015625
0 0.91015625 0.10703125 0.0328125 0.04765625
0 0.66015625 0.33046875 0.0265625 0.03359375
0 0.6578125 0.44140625 0.021875 0.03359375
0 0.55 0.45 0.0359375 0.04140625
0 0.19765625 0.403125 0.0359375 0.04375
0 0.3046875 0.89375 0.0453125 0.0625
0 0.796875 0.04609375 0.028125 0.03359375
0 0.3078125 0.13671875 0.0265625 0.03984375
0 0.6609375 0.67109375 0.0296875 0.0375
0 0.74453125 0.64921875 0.0265625 0.03984375
0 0.69765625 0.5375 0.0390625 0.04765625
0 0.796875 0.396875 0.0375 0.04140625
0 0.85390625 0.478125 0.028125 0.03125
0 0.84375 0.44609375 0.040625 0.05390625
0 0.6109375 0.07265625 0.0265625 0.025
0 0.84296875 0.61796875 0.0359375 0.04140625
0 0.88046875 0.94765625 0.0328125 0.04609375
0 0.96796875 0.80078125 0.0234375 0.04140625
0 0.8203125 0.72578125 0.028125 0.02734375
0 0.84140625 0.57109375 0.0265625 0.0375
0 0.68984375 0.85546875 0.03125 0.04765625
0 0.14375 0.565625 0.028125 0.03984375
0 0.54453125 0.46328125 0.034375 0.05234375
0 0.29453125 0.25625 0.0359375 0.05625
0 0.684375 0.43828125 0.021875 0.02734375
0 0.5375 0.2625 0.0265625 0.04140625
0 0.45859375 0.69375 0.0390625 0.05390625
0 0.91953125 0.83125 0.025 0.04375
0 0.38515625 0.68671875 0.046875 0.05625
0 0.790625 0.58828125 0.03125 0.03984375
0 0.87109375 0.20859375 0.040625 0.05625
0 0.99375 0.17890625 0.0125 0.04140625
0 0.70703125 0.20546875 0.01875 0.02734375
0 0.01640625 0.49609375 0.0328125 0.06015625
0 0.31953125 0.25859375 0.0265625 0.03125
0 0.54375 0.37890625 0.028125 0.04140625
0 0.47109375 0.715625 0.0328125 0.06015625
0 0.53359375 0.43984375 0.0375 0.05390625
2 0.4765625 0.8625 0.021875 0.03359375