0 0.03984375 0.25625 0.034375 0.05625
0 0.05625 0.38984375 0.028125 0.03359375
0 0.51484375 0.04375 0.040625 0.05859375
0 0.5515625 0.24765625 0.0421875 0.05859375
0 0.9078125 0.10703125 0.0328125 0.04765625
0 0.66015625 0.33125 0.0265625 0.03359375
0 0.634375 0.45078125 0.0375 0.04375
0 0.5453125 0.45546875 0.0359375 0.04140625
0 0.196875 0.403125 0.0359375 0.04375
0 0.30390625 0.890625 0.0453125 0.06015625
0 0.85546875 0.01796875 0.0359375 0.03515625
0 0.2796875 0.09375 0.04375 0.05
0 0.6609375 0.67109375 0.0296875 0.0375
0 0.7453125 0.65 0.0265625 0.03984375
0 0.6875 0.540625 0.0390625 0.04765625
0 0.7953125 0.403125 0.0328125 0.03359375
0 0.853125 0.478125 0.028125 0.03125
0 0.84296875 0.446875 0.040625 0.05390625
0 0.609375 0.07265625 0.0265625 0.025
0 0.8546875 0.63828125 0.034375 0.04609375
0 0.875 0.95546875 0.0328125 0.04609375
0 0.9625 0.80703125 0.0234375 0.04140625
0 0.8203125 0.72578125 0.028125 0.02734375
0 0.8375 0.57109375 0.0265625 0.0375
0 0.6859375 0.85546875 0.03125 0.04765625
0 0.14140625 0.56640625 0.028125 0.03984375
0 0.54453125 0.46328125 0.034375 0.05234375
0 0.2890625 0.26484375 0.0359375 0.05625
0 0.71640625 0.40234375 0.0265625 0.0375
0 0.51015625 0.21328125 0.0328125 0.04375
0 0.41015625 0.64921875 0.04375 0.06484375
0 0.9 0.88515625 0.025 0.0375
0 0.42265625 0.68984375 0.0453125 0.05859375
0 0.79453125 0.66015625 0.03125 0.03984375
0 0.034375 0.03203125 0.0375 0.05390625
0 0.91171875 0.271875 0.0375 0.04765625
0 0.99140625 0.18359375 0.0171875 0.04375
0 0.70078125 0.2125 0.01875 0.02734375
0 0.015625 0.49921875 0.03125 0.06015625
0 0.31640625 0.2625 0.0265625 0.03359375
0 0.54375 0.37890625 0.028125 0.04140625
0 0.47109375 0.715625 0.0328125 0.06015625
0 0.5328125 0.43984375 0.0375 0.05390625
2 0.4765625 0.8625 0.021875 0.03359375