0 0.08203125 0.22109375 0.03125 0.05390625
0 0.06171875 0.375 0.0265625 0.03125
0 0.41171875 0.275 0.034375 0.05625
0 0.8421875 0.21953125 0.0390625 0.04609375
0 0.5734375 0.21875 0.040625 0.05
0 0.70234375 0.23671875 0.0328125 0.04140625
0 0.96640625 0.03671875 0.0265625 0.02890625
0 0.93828125 0.10703125 0.0328125 0.04765625
0 0.66328125 0.32421875 0.0296875 0.03984375
0 0.66171875 0.38984375 0.0203125 0.03125
0 0.571875 0.44609375 0.028125 0.04375
0 0.221875 0.17890625 0.0328125 0.04609375
0 0.1578125 0.734375 0.0296875 0.03984375
0 0.2015625 0.41015625 0.034375 0.03984375
0 0.33046875 0.86171875 0.04375 0.05625
0 0.3 0.76953125 0.0375 0.03984375
0 0.4703125 0.95078125 0.0375 0.04765625
0 0.61953125 0.68359375 0.040625 0.05390625
0 0.66484375 0.67578125 0.0296875 0.0375
0 0.74765625 0.653125 0.0265625 0.03984375
0 0.7234375 0.47734375 0.0265625 0.04375
0 0.73046875 0.69296875 0.0359375 0.04765625
0 0.83984375 0.37109375 0.028125 0.0375
0 0.85390625 0.478125 0.0296875 0.03359375
0 0.86015625 0.425 0.0359375 0.05390625
0 0.6125 0.09609375 0.0265625 0.03359375
0 0.8265625 0.278125 0.025 0.03125
0 0.9 0.87890625 0.0328125 0.04609375
0 0.98515625 0.99375 0.0171875 0.0125
0 0.98125 0.78203125 0.0234375 0.04140625
0 0.82109375 0.73125 0.028125 0.02734375
0 0.7984375 0.97578125 0.0328125 0.04375
0 0.86875 0.559375 0.0265625 0.0375
0 0.69765625 0.84765625 0.03125 0.04765625
0 0.1734375 0.56328125 0.028125 0.03984375
0 0.7 0.35234375 0.0421875 0.05859375
0 0.55 0.465625 0.034375 0.05234375
0 0.31484375 0.22265625 0.028125 0.04140625
0 0.09921875 0.521875 0.0359375 0.04765625
0 0.8171875 0.80078125 0.01875 0.02265625
0 0.90625 0.9875 0.034375 0.025
0 0.04453125 0.13515625 0.021875 0.02734375
0 0.98203125 0.01171875 0.025 0.02265625
0 0.72890625 0.16484375 0.01875 0.02734375
0 0.02421875 0.45625 0.0453125 0.06015625
0 0.34296875 0.21015625 0.0296875 0.0375
0 0.54375 0.37890625 0.028125 0.04140625
0 0.47109375 0.715625 0.0328125 0.06015625
0 0.53515625 0.43984375 0.0375 0.05390625
2 0.4765625 0.8625 0.021875 0.03359375