0 0.0265625 0.26953125 0.034375 0.05625
0 0.05625 0.390625 0.028125 0.03359375
0 0.53671875 0.01796875 0.040625 0.03515625
0 0.54765625 0.26953125 0.0421875 0.05625
0 0.9015625 0.11015625 0.0328125 0.04765625
0 0.66015625 0.3375 0.0265625 0.03359375
0 0.615625 0.45703125 0.0375 0.04375
0 0.54375 0.45859375 0.0359375 0.04140625
0 0.19453125 0.403125 0.0359375 0.04375
0 0.32890625 0.90390625 0.040625 0.05859375
0 0.16015625 0.07578125 0.0328125 0.03984375
0 0.65859375 0.66875 0.0296875 0.0375
0 0.7453125 0.65 0.0265625 0.03984375
0 0.6546875 0.53046875 0.0390625 0.04765625
0 0.7796875 0.41015625 0.03125 0.03359375
0 0.85390625 0.47890625 0.0296875 0.03359375
0 0.8390625 0.453125 0.040625 0.05390625
0 0.60625 0.07265625 0.0265625 0.025
0 0.84140625 0.71328125 0.034375 0.04375
0 0.86015625 0.97421875 0.0328125 0.04609375
0 0.953125 0.825 0.0234375 0.04140625
0 0.8203125 0.72578125 0.028125 0.02734375
0 0.82421875 0.58359375 0.0265625 0.0375
0 0.675 0.859375 0.03125 0.04765625
0 0.1328125 0.56875 0.028125 0.03984375
0 0.54375 0.46328125 0.034375 0.05234375
0 0.28046875 0.28046875 0.0359375 0.05625
0 0.9109375 0.46171875 0.0234375 0.02265625
0 0.4234375 0.0875 0.03125 0.04765625
0 0.16015625 0.69765625 0.034375 0.05
0 0.60625 0.75390625 0.046875 0.05625
0 0.88984375 0.95 0.025 0.03515625
0 0.97890625 0.19765625 0.025 0.04375
0 0.34921875 0.88671875 0.0390625 0.05859375
0 0.7015625 0.95625 0.0453125 0.05625
0 0.1140625 0.08515625 0.04375 0.04765625
0 0.565625 0.046875 0.0390625 0.04765625
0 0.6859375 0.23203125 0.01875 0.02734375
0 0.01328125 0.50859375 0.0265625 0.05390625
0 0.29921875 0.27734375 0.0265625 0.03359375
0 0.54375 0.37890625 0.028125 0.04140625
0 0.47109375 0.715625 0.0328125 0.06015625
0 0.5328125 0.43984375 0.0375 0.05390625
2 0.4765625 0.8625 0.021875 0.03359375