0 0.04609375 0.25 0.034375 0.05625
0 0.05625 0.38984375 0.028125 0.03359375
0 0.50546875 0.06875 0.040625 0.05859375
0 0.55703125 0.23828125 0.04375 0.06015625
0 0.91328125 0.10703125 0.0328125 0.04765625
0 0.66015625 0.32890625 0.0265625 0.03359375
0 0.65625 0.43984375 0.021875 0.03359375
0 0.55234375 0.44765625 0.0359375 0.04140625
0 0.19765625 0.403125 0.0359375 0.04375
0 0.30625 0.9 0.0453125 0.0625
0 0.75234375 0.084375 0.03125 0.04140625
0 0.31953125 0.16875 0.0234375 0.03359375
0 0.66171875 0.671875 0.0296875 0.0375
0 0.74453125 0.64921875 0.0265625 0.03984375
0 0.7046875 0.53359375 0.0390625 0.04765625
0 0.8 0.39375 0.0390625 0.04609375
0 0.8546875 0.47890625 0.0296875 0.03359375
0 0.8453125 0.44375 0.040625 0.05390625
0 0.6125 0.07265625 0.0265625 0.025
0 0.8234375 0.58671875 0.0265625 0.03515625
0 0.88515625 0.94296875 0.0328125 0.04609375
0 0.97265625 0.79609375 0.0234375 0.04140625
0 0.8203125 0.72578125 0.028125 0.02734375
0 0.83984375 0.575 0.0265625 0.0375
0 0.69453125 0.85546875 0.03125 0.04765625
0 0.14765625 0.565625 0.028125 0.03984375
0 0.54453125 0.46328125 0.034375 0.05234375
0 0.29765625 0.25078125 0.0359375 0.05625
0 0.67734375 0.46328125 0.0203125 0.02734375
0 0.55 0.303125 0.0359375 0.05234375
0 0.51328125 0.73671875 0.040625 0.05859375
0 0.93359375 0.79296875 0.0265625 0.04375
0 0.3546875 0.68828125 0.0453125 0.05390625
0 0.82109375 0.546875 0.028125 0.04609375
0 0.84375 0.13125 0.0359375 0.05625
0 0.9953125 0.178125 0.009375 0.03984375
0 0.70859375 0.20078125 0.01875 0.02734375
0 0.0171875 0.49375 0.034375 0.0625
0 0.32265625 0.25390625 0.0265625 0.02890625
0 0.54375 0.37890625 0.028125 0.04140625
0 0.47109375 0.715625 0.0328125 0.06015625
0 0.53359375 0.43984375 0.0375 0.05390625
2 0.4765625 0.8625 0.021875 0.03359375