0 0.0109375 0.30078125 0.021875 0.05625
0 0.05625 0.39140625 0.028125 0.03359375
0 0.52109375 0.28046875 0.0421875 0.05625
0 0.8859375 0.1125 0.028125 0.04140625
0 0.66015625 0.34375 0.0265625 0.03359375
0 0.5828125 0.39296875 0.0375 0.04375
0 0.54375 0.45703125 0.0359375 0.04140625
0 0.19453125 0.40703125 0.0359375 0.04375
0 0.66015625 0.66875 0.0296875 0.0375
0 0.74609375 0.65078125 0.0265625 0.03984375
0 0.58828125 0.45625 0.0328125 0.0375
0 0.775 0.43984375 0.03125 0.03359375
0 0.85546875 0.48125 0.0296875 0.03359375
0 0.8203125 0.47734375 0.040625 0.05390625
0 0.60078125 0.075 0.0265625 0.025
0 0.8265625 0.88671875 0.0203125 0.02890625
0 0.93515625 0.85 0.0234375 0.04140625
0 0.8203125 0.72578125 0.028125 0.02734375
0 0.81171875 0.61953125 0.0265625 0.0375
0 0.653125 0.85859375 0.0375 0.05390625
0 0.1078125 0.578125 0.028125 0.03984375
0 0.54375 0.46328125 0.034375 0.05234375
0 0.25859375 0.31328125 0.0359375 0.05625
0 0.965625 0.21953125 0.025 0.04375
0 0.3796875 0.42890625 0.0453125 0.0625
0 0.05546875 0.70859375 0.0421875 0.05
0 0.68671875 0.77421875 0.0359375 0.04375
0 0.93203125 0.225 0.040625 0.06640625
0 0.34921875 0.28671875 0.0453125 0.06015625
0 0.42109375 0.365625 0.04375 0.04765625
0 0.68203125 0.13828125 0.0421875 0.05625
0 0.29609375 0.18671875 0.034375 0.03515625
0 0.96171875 0.2625 0.028125 0.03515625
0 0.659375 0.265625 0.01875 0.02734375
0 0.0078125 0.51328125 0.015625 0.03984375
0 0.27578125 0.29609375 0.0265625 0.03359375
0 0.54375 0.37890625 0.028125 0.04140625
0 0.47109375 0.715625 0.0328125 0.06015625
0 0.53125 0.43984375 0.0375 0.05390625
2 0.4765625 0.8625 0.021875 0.03359375
0 0.7765625 0.8 0.0421875 0.06640625
0 0.175 0.1125 0.0328125 0.03984375