0 0.01953125 0.2875 0.034375 0.05625
0 0.05625 0.390625 0.028125 0.03359375
0 0.5390625 0.27578125 0.0421875 0.05625
0 0.89453125 0.1125 0.0296875 0.04609375
0 0.65859375 0.34296875 0.0265625 0.03359375
0 0.603125 0.440625 0.0375 0.04375
0 0.54296875 0.46015625 0.0359375 0.04140625
0 0.19296875 0.40546875 0.0359375 0.04375
0 0.353125 0.95234375 0.0390625 0.05390625
0 0.059375 0.01875 0.0375 0.0375
0 0.65859375 0.66796875 0.0296875 0.0375
0 0.7453125 0.65 0.0265625 0.03984375
0 0.6296875 0.5125 0.0390625 0.04765625
0 0.78125 0.43125 0.0296875 0.03359375
0 0.85390625 0.47734375 0.0296875 0.03359375
0 0.82734375 0.459375 0.040625 0.05390625
0 0.60390625 0.07265625 0.0265625 0.025
0 0.83671875 0.76875 0.034375 0.04375
0 0.85234375 0.984375 0.0328125 0.03125
0 0.9453125 0.834375 0.0234375 0.04140625
0 0.8203125 0.72578125 0.028125 0.02734375
0 0.8203125 0.59375 0.0265625 0.0375
0 0.66484375 0.86171875 0.034375 0.05234375
0 0.125 0.57265625 0.028125 0.03984375
0 0.54375 0.46328125 0.034375 0.05234375
0 0.271875 0.29453125 0.0359375 0.05625
0 0.3625 0.01484375 0.0390625 0.02890625
0 0.07578125 0.946875 0.0484375 0.05625
0 0.7234375 0.81953125 0.04375 0.05
0 0.971875 0.20859375 0.025 0.04375
0 0.375 0.82109375 0.04375 0.06015625
0 0.259375 0.77421875 0.04375 0.06015625
0 0.53515625 0.93671875 0.0359375 0.03984375
0 0.78671875 0.66953125 0.05 0.06640625
0 0.103125 0.56015625 0.053125 0.05859375
0 0.23359375 0.184375 0.0484375 0.04765625
0 0.6109375 0.08203125 0.0375 0.04765625
0 0.43515625 0.02890625 0.0328125 0.03515625
0 0.5546875 0.0125 0.03125 0.025
0 0.67578125 0.24296875 0.01875 0.02734375
0 0.0109375 0.50859375 0.021875 0.04609375
0 0.2859375 0.28515625 0.0265625 0.03359375
0 0.54375 0.37890625 0.028125 0.04140625
0 0.47109375 0.715625 0.0328125 0.06015625
0 0.53203125 0.43984375 0.0375 0.05390625
2 0.4765625 0.8625 0.021875 0.03359375