0 0.015625 0.28984375 0.0296875 0.05625
0 0.05625 0.39140625 0.028125 0.03359375
0 0.53125 0.27578125 0.0421875 0.05625
0 0.88984375 0.1125 0.028125 0.04609375
0 0.66015625 0.34375 0.0265625 0.03359375
0 0.59140625 0.42109375 0.0375 0.04375
0 0.5421875 0.46171875 0.0359375 0.04140625
0 0.19296875 0.40703125 0.0359375 0.04375
0 0.3625 0.97890625 0.0390625 0.04140625
0 0.01015625 0.02265625 0.0203125 0.02890625
0 0.65859375 0.66640625 0.0296875 0.0375
0 0.74609375 0.65078125 0.0265625 0.03984375
0 0.6125 0.49453125 0.0390625 0.04765625
0 0.77734375 0.43671875 0.03125 0.03359375
0 0.85546875 0.48046875 0.0296875 0.03359375
0 0.8265625 0.46484375 0.040625 0.05390625
0 0.60234375 0.07421875 0.0265625 0.025
0 0.83515625 0.79765625 0.034375 0.04375
0 0.84765625 0.98828125 0.0328125 0.02265625
0 0.940625 0.840625 0.0234375 0.04140625
0 0.8203125 0.72578125 0.028125 0.02734375
0 0.81796875 0.59296875 0.0265625 0.0375
0 0.65625 0.86171875 0.0375 0.05390625
0 0.1125 0.57734375 0.028125 0.03984375
0 0.54375 0.46328125 0.034375 0.05234375
0 0.2640625 0.3 0.0359375 0.05625
0 0.81328125 0.86953125 0.028125 0.03984375
0 0.9671875 0.2125 0.025 0.04375
0 0.3796875 0.678125 0.0453125 0.0625
0 0.2140625 0.73359375 0.04375 0.05859375
0 0.575 0.86328125 0.0359375 0.04375
0 0.8359375 0.52265625 0.0484375 0.06640625
0 0.2203125 0.54296875 0.046875 0.05390625
0 0.2953125 0.25 0.0484375 0.04765625
0 0.63203125 0.09609375 0.034375 0.04609375
0 0.3796875 0.05390625 0.040625 0.04765625
0 0.9875 0.06484375 0.0234375 0.05390625
0 0.66875 0.25078125 0.01875 0.02734375
0 0.00859375 0.50859375 0.0171875 0.04375
0 0.2796875 0.290625 0.0265625 0.03359375
0 0.54375 0.37890625 0.028125 0.04140625
0 0.47109375 0.715625 0.0328125 0.06015625
0 0.53203125 0.43984375 0.0375 0.05390625
2 0.4765625 0.8625 0.021875 0.03359375
0 0.015625 0.071875 0.03125 0.04765625