0 0.05234375 0.240625 0.034375 0.05625
0 0.05625 0.390625 0.028125 0.03359375
0 0.4984375 0.11171875 0.0453125 0.05390625
0 0.56171875 0.23125 0.0453125 0.05390625
0 0.91953125 0.109375 0.0328125 0.04765625
0 0.66015625 0.32734375 0.0265625 0.03359375
0 0.65234375 0.4375 0.021875 0.03359375
0 0.56171875 0.46953125 0.0296875 0.04140625
0 0.19765625 0.403125 0.0359375 0.04375
0 0.30546875 0.90546875 0.04375 0.05625
0 0.60625 0.17265625 0.0296875 0.03984375
0 0.3875 0.24375 0.025 0.03515625
0 0.6625 0.671875 0.0296875 0.0375
0 0.74453125 0.64921875 0.0265625 0.03984375
0 0.71328125 0.521875 0.0359375 0.04765625
0 0.80234375 0.38984375 0.0390625 0.04609375
0 0.8546875 0.478125 0.0296875 0.03359375
0 0.84609375 0.434375 0.040625 0.05390625
0 0.61015625 0.08046875 0.0265625 0.02734375
0 0.8234375 0.51171875 0.021875 0.03515625
0 0.8921875 0.92265625 0.0328125 0.04609375
0 0.97578125 0.7875 0.0234375 0.04140625
0 0.8203125 0.72578125 0.028125 0.02734375
0 0.846875 0.575 0.0265625 0.0375
0 0.69765625 0.853125 0.03125 0.04765625
0 0.15546875 0.565625 0.028125 0.03984375
0 0.5453125 0.46328125 0.034375 0.05234375
0 0.3015625 0.246875 0.0359375 0.05625
0 0.5796875 0.47578125 0.0234375 0.02734375
0 0.6109375 0.41796875 0.0390625 0.04765625
0 0.646875 0.83671875 0.0421875 0.05
0 0.93359375 0.82890625 0.0484375 0.05859375
0 0.94453125 0.65859375 0.028125 0.03515625
0 0.26328125 0.71640625 0.046875 0.05625
0 0.8765625 0.40859375 0.025 0.03125
0 0.175 0.12265625 0.046875 0.07109375
0 0.71640625 0.190625 0.01875 0.02734375
0 0.01875 0.48984375 0.0375 0.06640625
0 0.33046875 0.24296875 0.0296875 0.03515625
0 0.54375 0.37890625 0.028125 0.04140625
0 0.47109375 0.715625 0.0328125 0.06015625
0 0.53359375 0.43984375 0.0375 0.05390625
2 0.4765625 0.8625 0.021875 0.03359375