0 0.04140625 0.25390625 0.034375 0.05625
0 0.05625 0.38984375 0.028125 0.03359375
0 0.51875 0.05703125 0.040625 0.05625
0 0.55546875 0.24375 0.040625 0.06015625
0 0.90859375 0.10703125 0.0328125 0.04765625
0 0.66015625 0.33125 0.0265625 0.03359375
0 0.653125 0.44140625 0.021875 0.03359375
0 0.54765625 0.453125 0.0359375 0.04140625
0 0.196875 0.403125 0.0359375 0.04375
0 0.30390625 0.89296875 0.0453125 0.06015625
0 0.8203125 0.02109375 0.040625 0.04140625
0 0.30390625 0.11015625 0.0390625 0.05234375
0 0.6609375 0.67109375 0.0296875 0.0375
0 0.7453125 0.65 0.0265625 0.03984375
0 0.6921875 0.53984375 0.0390625 0.04765625
0 0.79609375 0.4 0.0359375 0.03515625
0 0.853125 0.478125 0.028125 0.03125
0 0.84375 0.44609375 0.040625 0.05390625
0 0.61015625 0.07265625 0.0265625 0.025
0 0.8515625 0.62734375 0.0328125 0.04140625
0 0.878125 0.95078125 0.0328125 0.04609375
0 0.96484375 0.80390625 0.0234375 0.04140625
0 0.8203125 0.72578125 0.028125 0.02734375
0 0.83984375 0.57109375 0.0265625 0.0375
0 0.6875 0.85546875 0.03125 0.04765625
0 0.14296875 0.565625 0.028125 0.03984375
0 0.54453125 0.46328125 0.034375 0.05234375
0 0.2921875 0.26015625 0.0359375 0.05625
0 0.709375 0.396875 0.040625 0.04765625
0 0.5296875 0.23359375 0.0359375 0.04609375
0 0.44140625 0.68203125 0.0390625 0.05234375
0 0.909375 0.85390625 0.025 0.04140625
0 0.4046875 0.70078125 0.046875 0.05859375
0 0.77734375 0.61953125 0.0296875 0.04609375
0 0.89296875 0.23125 0.0421875 0.05
0 0.99296875 0.18125 0.0140625 0.04375
0 0.7046875 0.20859375 0.01875 0.02734375
0 0.015625 0.49765625 0.03125 0.06015625
0 0.31796875 0.26015625 0.0265625 0.03125
0 0.54375 0.37890625 0.028125 0.04140625
0 0.47109375 0.715625 0.0328125 0.06015625
0 0.5328125 0.43984375 0.0375 0.05390625
2 0.4765625 0.8625 0.021875 0.03359375