0 0.08515625 0.21875 0.03125 0.05390625
0 0.0640625 0.371875 0.0265625 0.02890625
0 0.41953125 0.2875 0.0359375 0.05390625
0 0.79296875 0.184375 0.0421875 0.04765625
0 0.575 0.21796875 0.040625 0.05
0 0.68828125 0.20703125 0.0328125 0.03515625
0 0.95546875 0.02734375 0.0234375 0.02734375
0 0.93984375 0.10625 0.0328125 0.04765625
0 0.66328125 0.32421875 0.0296875 0.03984375
0 0.6625 0.3875 0.0203125 0.03125
0 0.5734375 0.44375 0.028125 0.04375
0 0.1875 0.20078125 0.04375 0.06015625
0 0.17421875 0.66015625 0.0296875 0.04375
0 0.2015625 0.41171875 0.034375 0.03984375
0 0.328125 0.85234375 0.04375 0.05625
0 0.2953125 0.77890625 0.0375 0.0375
0 0.4703125 0.94921875 0.0375 0.05234375
0 0.65546875 0.71015625 0.0375 0.05234375
0 0.66484375 0.67578125 0.0296875 0.0375
0 0.74765625 0.653125 0.0265625 0.03984375
0 0.72421875 0.475 0.0265625 0.04140625
0 0.7640625 0.64375 0.0359375 0.04765625
0 0.84375 0.365625 0.028125 0.0375
0 0.85390625 0.47734375 0.0296875 0.03359375
0 0.8609375 0.42421875 0.0359375 0.05390625
0 0.61328125 0.09609375 0.0265625 0.03359375
0 0.8125 0.26796875 0.025 0.03125
0 0.903125 0.878125 0.0328125 0.04609375
0 0.9875 0.99140625 0.0171875 0.01640625
0 0.98203125 0.78125 0.0234375 0.04140625
0 0.82109375 0.73125 0.028125 0.02734375
0 0.79296875 0.91328125 0.0328125 0.04375
0 0.8703125 0.55859375 0.0265625 0.0375
0 0.7 0.846875 0.03125 0.04765625
0 0.17421875 0.56328125 0.028125 0.03984375
0 0.71015625 0.434375 0.0421875 0.05859375
0 0.55078125 0.465625 0.034375 0.05234375
0 0.31640625 0.22109375 0.028125 0.04140625
0 0.08359375 0.553125 0.034375 0.04375
0 0.865625 0.81875 0.0203125 0.025
0 0.93671875 0.95703125 0.0234375 0.03359375
0 0.0359375 0.07734375 0.021875 0.025
0 0.73359375 0.16171875 0.01875 0.02734375
0 0.02421875 0.453125 0.0453125 0.06015625
0 0.3453125 0.20859375 0.0296875 0.0375
0 0.54375 0.37890625 0.028125 0.04140625
0 0.47109375 0.715625 0.0328125 0.06015625
0 0.53515625 0.43984375 0.0375 0.05390625
2 0.4765625 0.8625 0.021875 0.03359375