0 0.07734375 0.22890625 0.03125 0.05390625
0 0.0578125 0.38515625 0.028125 0.03359375
0 0.41640625 0.253125 0.034375 0.05625
0 0.9875 0.25390625 0.021875 0.04609375
0 0.5734375 0.22109375 0.040625 0.05
0 0.75703125 0.290625 0.0359375 0.04140625
0 0.9390625 0.11171875 0.0328125 0.04765625
0 0.66328125 0.32421875 0.0296875 0.03984375
0 0.65859375 0.403125 0.0203125 0.02890625
0 0.5703125 0.44921875 0.028125 0.04375
0 0.29453125 0.03984375 0.034375 0.05
0 0.09765625 0.90234375 0.0265625 0.03515625
0 0.2015625 0.40703125 0.034375 0.03984375
0 0.3453125 0.865625 0.04375 0.05625
0 0.33671875 0.63671875 0.028125 0.0375
0 0.47734375 0.96796875 0.046875 0.05859375
0 0.553125 0.63046875 0.03125 0.0375
0 0.66484375 0.675 0.0296875 0.0375
0 0.746875 0.65234375 0.0265625 0.03984375
0 0.72109375 0.48828125 0.0296875 0.04375
0 0.678125 0.84140625 0.0359375 0.05390625
0 0.8375 0.37421875 0.028125 0.0375
0 0.85390625 0.48046875 0.0296875 0.03125
0 0.859375 0.42578125 0.0359375 0.05390625
0 0.61171875 0.096875 0.0265625 0.03359375
0 0.84453125 0.31328125 0.0265625 0.03359375
0 0.90078125 0.8875 0.0328125 0.04609375
0 0.98046875 0.784375 0.0234375 0.04140625
0 0.8203125 0.73046875 0.028125 0.02734375
0 0.86484375 0.56328125 0.0265625 0.0375
0 0.69140625 0.85625 0.03125 0.04765625
0 0.16875 0.565625 0.028125 0.03984375
0 0.68515625 0.15234375 0.0421875 0.05859375
0 0.54765625 0.46328125 0.034375 0.05234375
0 0.31171875 0.228125 0.028125 0.04140625
0 0.17265625 0.44453125 0.0453125 0.05390625
0 0.75859375 0.68203125 0.01875 0.025
0 0.08359375 0.27578125 0.021875 0.03125
0 0.9765625 0.90390625 0.03125 0.04375
0 0.7203125 0.17421875 0.01875 0.02734375
0 0.02265625 0.46484375 0.04375 0.06015625
0 0.3421875 0.21953125 0.0296875 0.0375
0 0.54375 0.37890625 0.028125 0.04140625
0 0.47109375 0.715625 0.0328125 0.06015625
0 0.53515625 0.43984375 0.0375 0.05390625
2 0.4765625 0.8625 0.021875 0.03359375