0 0.01953125 0.2875 0.0328125 0.05625
0 0.05625 0.390625 0.028125 0.03359375
0 0.53828125 0.27578125 0.0421875 0.05625
0 0.89453125 0.1125 0.0296875 0.04609375
0 0.65859375 0.34296875 0.0265625 0.03359375
0 0.60234375 0.43828125 0.0375 0.04375
0 0.54296875 0.46015625 0.0359375 0.04140625
0 0.19296875 0.40546875 0.0359375 0.04375
0 0.35390625 0.95390625 0.0390625 0.05390625
0 0.05625 0.02109375 0.0375 0.04140625
0 0.65859375 0.66796875 0.0296875 0.0375
0 0.7453125 0.65 0.0265625 0.03984375
0 0.62890625 0.51171875 0.0390625 0.04765625
0 0.78125 0.43125 0.0296875 0.03359375
0 0.8546875 0.478125 0.0296875 0.03359375
0 0.82734375 0.459375 0.040625 0.05390625
0 0.60390625 0.07265625 0.0265625 0.025
0 0.8390625 0.778125 0.034375 0.04140625
0 0.85234375 0.984375 0.0328125 0.03125
0 0.9453125 0.83515625 0.0234375 0.04140625
0 0.8203125 0.72578125 0.028125 0.02734375
0 0.82109375 0.59375 0.0265625 0.0375
0 0.6640625 0.86171875 0.0359375 0.05234375
0 0.12421875 0.57265625 0.028125 0.03984375
0 0.54375 0.46328125 0.034375 0.05234375
0 0.27109375 0.29453125 0.0359375 0.05625
0 0.35625 0.0125 0.034375 0.025
0 0.09765625 0.953125 0.0484375 0.05625
0 0.72890625 0.8125 0.0421875 0.04609375
0 0.97109375 0.209375 0.025 0.04375
0 0.38125 0.80859375 0.04375 0.05859375
0 0.2609375 0.76484375 0.04375 0.05859375
0 0.53515625 0.92421875 0.0359375 0.03984375
0 0.790625 0.65625 0.0484375 0.06484375
0 0.1125 0.56640625 0.053125 0.05859375
0 0.2390625 0.190625 0.0484375 0.05
0 0.61171875 0.08984375 0.0359375 0.04765625
0 0.43203125 0.0375 0.03125 0.0375
0 0.553125 0.0125 0.034375 0.025
0 0.67578125 0.24375 0.01875 0.02734375
0 0.01015625 0.50703125 0.0203125 0.04375
0 0.28515625 0.28671875 0.0265625 0.03359375
0 0.54375 0.37890625 0.028125 0.04140625
0 0.47109375 0.715625 0.0328125 0.06015625
0 0.53203125 0.43984375 0.0375 0.05390625
2 0.4765625 0.8625 0.021875 0.03359375