0 0.01875 0.2875 0.0328125 0.05625
0 0.05625 0.390625 0.028125 0.03359375
0 0.5375 0.27578125 0.0421875 0.05625
0 0.89375 0.1125 0.0296875 0.04609375
0 0.65859375 0.34375 0.0265625 0.03359375
0 0.6015625 0.43828125 0.0375 0.04375
0 0.54296875 0.46015625 0.0359375 0.04140625
0 0.19296875 0.40546875 0.0359375 0.04375
0 0.35546875 0.95546875 0.0390625 0.05390625
0 0.05546875 0.02421875 0.0375 0.04375
0 0.65859375 0.66796875 0.0296875 0.0375
0 0.7453125 0.65 0.0265625 0.03984375
0 0.628125 0.51171875 0.0390625 0.04765625
0 0.78046875 0.43125 0.0296875 0.03359375
0 0.8546875 0.478125 0.0296875 0.03359375
0 0.82734375 0.459375 0.040625 0.05390625
0 0.60390625 0.07265625 0.0265625 0.025
0 0.840625 0.77734375 0.034375 0.04140625
0 0.85234375 0.98515625 0.0328125 0.02890625
0 0.9453125 0.83515625 0.0234375 0.04140625
0 0.8203125 0.72578125 0.028125 0.02734375
0 0.8203125 0.59375 0.0265625 0.0375
0 0.66328125 0.86171875 0.0359375 0.05234375
0 0.1234375 0.57265625 0.028125 0.03984375
0 0.54375 0.46328125 0.034375 0.05234375
0 0.27109375 0.29609375 0.0359375 0.05625
0 0.359375 0.009375 0.0328125 0.01875
0 0.0953125 0.95859375 0.0484375 0.05625
0 0.73203125 0.8125 0.0421875 0.04375
0 0.97109375 0.209375 0.025 0.04375
0 0.3859375 0.80390625 0.0453125 0.05859375
0 0.26171875 0.76015625 0.04375 0.05859375
0 0.5375 0.92265625 0.0359375 0.03984375
0 0.7921875 0.653125 0.0484375 0.06484375
0 0.115625 0.56875 0.053125 0.05859375
0 0.240625 0.19453125 0.0484375 0.05
0 0.61171875 0.09140625 0.0359375 0.04765625
0 0.43125 0.03984375 0.03125 0.0375
0 0.55234375 0.0125 0.0359375 0.025
0 0.67578125 0.24375 0.01875 0.02734375
0 0.01015625 0.50703125 0.0203125 0.04375
0 0.28515625 0.28671875 0.0265625 0.03359375
0 0.54375 0.37890625 0.028125 0.04140625
0 0.47109375 0.715625 0.0328125 0.06015625
0 0.53203125 0.43984375 0.0375 0.05390625
2 0.4765625 0.8625 0.021875 0.03359375