0 0.0546875 0.23828125 0.034375 0.05625
0 0.0546875 0.39375 0.028125 0.03359375
0 0.4578125 0.15 0.0390625 0.06640625
0 0.56484375 0.22734375 0.0453125 0.05390625
0 0.965625 0.47265625 0.0328125 0.0375
0 0.92421875 0.11171875 0.0328125 0.04765625
0 0.66015625 0.32421875 0.0296875 0.03984375
0 0.6578125 0.43515625 0.021875 0.03359375
0 0.5578125 0.46171875 0.028125 0.04375
0 0.19765625 0.403125 0.0359375 0.04375
0 0.32734375 0.92421875 0.04375 0.05625
0 0.46875 0.325 0.034375 0.0375
0 0.44296875 0.40234375 0.0265625 0.03359375
0 0.6640625 0.67265625 0.0296875 0.0375
0 0.7453125 0.65 0.0265625 0.03984375
0 0.71796875 0.51484375 0.034375 0.04765625
0 0.81015625 0.39921875 0.025 0.03515625
0 0.853125 0.48046875 0.0296875 0.03359375
0 0.85390625 0.42734375 0.0390625 0.05390625
0 0.61171875 0.09140625 0.0265625 0.03359375
0 0.82578125 0.45546875 0.0203125 0.03125
0 0.90078125 0.915625 0.0328125 0.04609375
0 0.97734375 0.78828125 0.0234375 0.04140625
0 0.8203125 0.72734375 0.028125 0.02734375
0 0.853125 0.57265625 0.0265625 0.0375
0 0.69609375 0.85078125 0.03125 0.04765625
0 0.1578125 0.565625 0.028125 0.03984375
0 0.54609375 0.46328125 0.034375 0.05234375
0 0.30703125 0.24296875 0.0359375 0.05625
0 0.47421875 0.4625 0.04375 0.05234375
0 0.7125 0.18125 0.01875 0.025
0 0.70546875 0.58203125 0.0390625 0.04765625
0 0.82109375 0.91953125 0.0484375 0.0625
0 0.82109375 0.97890625 0.05 0.04140625
0 0.9609375 0.48359375 0.028125 0.03515625
0 0.1203125 0.91484375 0.0390625 0.04609375
0 0.1765625 0.85625 0.04375 0.05234375
0 0.01328125 0.11171875 0.0265625 0.06015625
0 0.115625 0.93359375 0.0421875 0.06015625
0 0.97734375 0.31015625 0.0265625 0.03359375
0 0.10625 0.346875 0.0453125 0.07109375
0 0.715625 0.178125 0.01875 0.02734375
0 0.0203125 0.48359375 0.040625 0.0625
0 0.33671875 0.23671875 0.0296875 0.0375
0 0.54375 0.37890625 0.028125 0.04140625
0 0.47109375 0.715625 0.0328125 0.06015625
0 0.534375 0.43984375 0.0375 0.05390625
2 0.4765625 0.8625 0.021875 0.03359375