0 0.025 0.271875 0.034375 0.05625
0 0.05625 0.390625 0.028125 0.03359375
0 0.54609375 0.01796875 0.040625 0.03515625
0 0.5453125 0.26953125 0.0421875 0.05625
0 0.9015625 0.11171875 0.0328125 0.04765625
0 0.659375 0.33828125 0.0265625 0.03359375
0 0.61328125 0.45625 0.0375 0.04375
0 0.54296875 0.45859375 0.0359375 0.04140625
0 0.19453125 0.403125 0.0359375 0.04375
0 0.32734375 0.91328125 0.0390625 0.05390625
0 0.134375 0.05859375 0.025 0.03359375
0 0.65859375 0.66875 0.0296875 0.0375
0 0.7453125 0.65 0.0265625 0.03984375
0 0.65078125 0.528125 0.0390625 0.04765625
0 0.78046875 0.415625 0.03125 0.03359375
0 0.85390625 0.47890625 0.0296875 0.03359375
0 0.83671875 0.45390625 0.040625 0.05390625
0 0.60546875 0.07265625 0.0265625 0.025
0 0.83828125 0.71484375 0.034375 0.04140625
0 0.86015625 0.975 0.0328125 0.04609375
0 0.95234375 0.82734375 0.0234375 0.04140625
0 0.8203125 0.72578125 0.028125 0.02734375
0 0.82265625 0.58359375 0.0265625 0.0375
0 0.675 0.859375 0.03125 0.04765625
0 0.13203125 0.56953125 0.028125 0.03984375
0 0.54375 0.46328125 0.034375 0.05234375
0 0.28046875 0.28203125 0.0359375 0.05625
0 0.94140625 0.47109375 0.0234375 0.025
0 0.41875 0.06484375 0.028125 0.05390625
0 0.12265625 0.71796875 0.0484375 0.05625
0 0.6203125 0.78671875 0.046875 0.05625
0 0.89921875 0.98203125 0.025 0.03359375
0 0.978125 0.19921875 0.025 0.04375
0 0.34453125 0.85546875 0.046875 0.06875
0 0.70546875 0.909375 0.046875 0.06640625
0 0.13515625 0.10234375 0.0421875 0.04375
0 0.56796875 0.071875 0.0390625 0.04765625
0 0.68515625 0.23359375 0.01875 0.02734375
0 0.01328125 0.51015625 0.0265625 0.05390625
0 0.296875 0.27890625 0.0265625 0.03359375
0 0.54375 0.37890625 0.028125 0.04140625
0 0.47109375 0.715625 0.0328125 0.06015625
0 0.53203125 0.43984375 0.0375 0.05390625
2 0.4765625 0.8625 0.021875 0.03359375