0 0.040625 0.25546875 0.034375 0.05625
0 0.05625 0.38984375 0.028125 0.03359375
0 0.5171875 0.053125 0.040625 0.05625
0 0.55390625 0.24453125 0.040625 0.06015625
0 0.9078125 0.10703125 0.0328125 0.04765625
0 0.66015625 0.33125 0.0265625 0.03359375
0 0.64765625 0.44453125 0.028125 0.0375
0 0.546875 0.453125 0.0359375 0.04140625
0 0.196875 0.403125 0.0359375 0.04375
0 0.30390625 0.89140625 0.0453125 0.06015625
0 0.8375 0.03203125 0.0390625 0.03359375
0 0.30078125 0.10703125 0.0421875 0.05390625
0 0.6609375 0.67109375 0.0296875 0.0375
0 0.7453125 0.65 0.0265625 0.03984375
0 0.68984375 0.540625 0.0390625 0.04765625
0 0.79609375 0.40078125 0.034375 0.03515625
0 0.853125 0.478125 0.028125 0.03125
0 0.84296875 0.446875 0.040625 0.05390625
0 0.61015625 0.07265625 0.0265625 0.025
0 0.84609375 0.63203125 0.034375 0.04375
0 0.87734375 0.95234375 0.0328125 0.04609375
0 0.9640625 0.80546875 0.0234375 0.04140625
0 0.8203125 0.72578125 0.028125 0.02734375
0 0.8390625 0.57109375 0.0265625 0.0375
0 0.68671875 0.85546875 0.03125 0.04765625
0 0.1421875 0.565625 0.028125 0.03984375
0 0.54453125 0.46328125 0.034375 0.05234375
0 0.290625 0.26171875 0.0359375 0.05625
0 0.709375 0.42109375 0.025 0.02890625
0 0.5171875 0.234375 0.0359375 0.04609375
0 0.43828125 0.671875 0.040625 0.0625
0 0.9015625 0.85859375 0.025 0.0375
0 0.409375 0.70078125 0.046875 0.05859375
0 0.7875 0.63359375 0.03125 0.04609375
0 0.04453125 0.00859375 0.0359375 0.01640625
0 0.88359375 0.253125 0.0390625 0.05390625
0 0.9921875 0.18203125 0.015625 0.04375
0 0.70390625 0.209375 0.01875 0.02734375
0 0.015625 0.49765625 0.03125 0.06015625
0 0.3171875 0.26171875 0.0265625 0.03359375
0 0.54375 0.37890625 0.028125 0.04140625
0 0.47109375 0.715625 0.0328125 0.06015625
0 0.5328125 0.43984375 0.0375 0.05390625
2 0.4765625 0.8625 0.021875 0.03359375