0 0.0171875 0.290625 0.034375 0.05625
0 0.05625 0.39140625 0.028125 0.03359375
0 0.53046875 0.27734375 0.0421875 0.05625
0 0.8890625 0.1125 0.028125 0.04375
0 0.659375 0.34375 0.0265625 0.03359375
0 0.58828125 0.41640625 0.0375 0.04375
0 0.5421875 0.46171875 0.0359375 0.04140625
0 0.19296875 0.40703125 0.0359375 0.04375
0 0.36328125 0.984375 0.0390625 0.03125
0 0.00703125 0.05625 0.0140625 0.04140625
0 0.65859375 0.66640625 0.0296875 0.0375
0 0.74609375 0.65078125 0.0265625 0.03984375
0 0.609375 0.490625 0.0390625 0.04609375
0 0.778125 0.4375 0.03125 0.03359375
0 0.85546875 0.48046875 0.0296875 0.03359375
0 0.8265625 0.465625 0.040625 0.05390625
0 0.6015625 0.075 0.0265625 0.025
0 0.8359375 0.80625 0.01875 0.02734375
0 0.84609375 0.9890625 0.0328125 0.021875
0 0.93984375 0.84140625 0.0234375 0.04140625
0 0.8203125 0.72578125 0.028125 0.02734375
0 0.815625 0.59140625 0.0265625 0.0375
0 0.65546875 0.86015625 0.0375 0.05390625
0 0.109375 0.578125 0.028125 0.03984375
0 0.54375 0.46328125 0.034375 0.05234375
0 0.2625 0.30234375 0.0359375 0.05625
0 0.81484375 0.90234375 0.0421875 0.05390625
0 0.96484375 0.21328125 0.025 0.04375
0 0.38046875 0.65234375 0.0453125 0.0625
0 0.184375 0.73203125 0.04375 0.05625
0 0.59375 0.85546875 0.0359375 0.04765625
0 0.84453125 0.4875 0.0484375 0.06640625
0 0.24609375 0.515625 0.0453125 0.05859375
0 0.3140625 0.2625 0.0484375 0.04765625
0 0.6359375 0.09765625 0.034375 0.04609375
0 0.3796875 0.07578125 0.03125 0.04609375
0 0.99375 0.09375 0.0125 0.03984375
0 0.6671875 0.253125 0.01875 0.02734375
0 0.0078125 0.509375 0.015625 0.04375
0 0.27890625 0.29140625 0.0265625 0.03359375
0 0.54375 0.37890625 0.028125 0.04140625
0 0.47109375 0.715625 0.0328125 0.06015625
0 0.53203125 0.43984375 0.0375 0.05390625
2 0.4765625 0.8625 0.021875 0.03359375
0 0.7015625 0.9796875 0.0375 0.040625
0 0.0328125 0.090625 0.040625 0.05625