0 0.05625 0.2375 0.034375 0.05625
0 0.05546875 0.39296875 0.028125 0.03359375
0 0.459375 0.16484375 0.046875 0.05859375
0 0.565625 0.22578125 0.04375 0.05234375
0 0.9515625 0.44765625 0.034375 0.04765625
0 0.92578125 0.11171875 0.0328125 0.04765625
0 0.6609375 0.32421875 0.0296875 0.03984375
0 0.6578125 0.43125 0.021875 0.03359375
0 0.55859375 0.46015625 0.028125 0.04375
0 0.1984375 0.40390625 0.0359375 0.04375
0 0.33359375 0.91875 0.0421875 0.05390625
0 0.45390625 0.3625 0.0265625 0.0375
0 0.47265625 0.41015625 0.0421875 0.05625
0 0.6640625 0.67265625 0.0296875 0.0375
0 0.7453125 0.65 0.0265625 0.03984375
0 0.7203125 0.51171875 0.034375 0.04765625
0 0.81015625 0.396875 0.028125 0.0375
0 0.85234375 0.48125 0.0296875 0.03359375
0 0.8546875 0.42734375 0.0375 0.05390625
0 0.61171875 0.09296875 0.0265625 0.03359375
0 0.834375 0.45234375 0.0203125 0.02890625
0 0.90078125 0.915625 0.0328125 0.04609375
0 0.97734375 0.78828125 0.0234375 0.04140625
0 0.8203125 0.72734375 0.028125 0.02734375
0 0.85625 0.571875 0.0265625 0.0375
0 0.69765625 0.85078125 0.03125 0.04765625
0 0.16015625 0.565625 0.028125 0.03984375
0 0.54609375 0.46328125 0.034375 0.05234375
0 0.3078125 0.24140625 0.0359375 0.05625
0 0.43671875 0.46796875 0.0453125 0.05625
0 0.7171875 0.21953125 0.01875 0.025
0 0.73828125 0.59375 0.0453125 0.05859375
0 0.86484375 0.921875 0.04375 0.05859375
0 0.96328125 0.45859375 0.028125 0.03984375
0 0.16640625 0.90703125 0.040625 0.05
0 0.15390625 0.890625 0.046875 0.05625
0 0.04140625 0.09375 0.046875 0.06015625
0 0.15 0.95703125 0.0421875 0.05625
0 0.9890625 0.275 0.021875 0.03984375
0 0.0890625 0.4 0.046875 0.07109375
0 0.7140625 0.18203125 0.01875 0.02734375
0 0.02109375 0.48203125 0.0421875 0.06015625
0 0.3375 0.234375 0.0296875 0.0375
0 0.54375 0.37890625 0.028125 0.04140625
0 0.47109375 0.715625 0.0328125 0.06015625
0 0.534375 0.43984375 0.0375 0.05390625
2 0.4765625 0.8625 0.021875 0.03359375