0 0.05390625 0.23828125 0.034375 0.05625
0 0.05625 0.39140625 0.028125 0.03359375
0 0.47265625 0.13359375 0.0453125 0.05859375
0 0.56328125 0.22890625 0.0453125 0.05390625
0 0.921875 0.11015625 0.0328125 0.04765625
0 0.66015625 0.325 0.028125 0.0375
0 0.6546875 0.434375 0.021875 0.03359375
0 0.559375 0.46328125 0.03125 0.03984375
0 0.19765625 0.403125 0.0359375 0.04375
0 0.3140625 0.91171875 0.04375 0.05625
0 0.54140625 0.24140625 0.0234375 0.0375
0 0.42890625 0.28203125 0.028125 0.03515625
0 0.66328125 0.671875 0.0296875 0.0375
0 0.74453125 0.64921875 0.0265625 0.03984375
0 0.71328125 0.51875 0.034375 0.04765625
0 0.8046875 0.390625 0.03125 0.03515625
0 0.85390625 0.478125 0.0296875 0.03359375
0 0.85078125 0.43046875 0.040625 0.05390625
0 0.6109375 0.0875 0.0265625 0.03125
0 0.83828125 0.478125 0.0234375 0.025
0 0.89921875 0.91875 0.0328125 0.04609375
0 0.9765625 0.78828125 0.0234375 0.04140625
0 0.8203125 0.72578125 0.028125 0.02734375
0 0.8484375 0.57265625 0.0265625 0.0375
0 0.6921875 0.853125 0.03125 0.04765625
0 0.15546875 0.565625 0.028125 0.03984375
0 0.54609375 0.46328125 0.034375 0.05234375
0 0.30390625 0.24453125 0.0359375 0.05625
0 0.5234375 0.44921875 0.0359375 0.04765625
0 0.665625 0.08515625 0.0203125 0.025
0 0.65 0.48125 0.0375 0.05
0 0.73828125 0.89765625 0.0421875 0.05390625
0 0.8796875 0.89921875 0.040625 0.0625
0 0.94921875 0.56640625 0.028125 0.03515625
0 0.009375 0.93828125 0.01875 0.03515625
0 0.21875 0.790625 0.046875 0.05625
0 0.0625 0.90390625 0.0453125 0.04765625
0 0.91171875 0.34765625 0.03125 0.03125
0 0.14375 0.21875 0.046875 0.07109375
0 0.715625 0.18671875 0.01875 0.02734375
0 0.01875 0.48671875 0.0375 0.06640625
0 0.33359375 0.23984375 0.0296875 0.0375
0 0.54375 0.37890625 0.028125 0.04140625
0 0.47109375 0.715625 0.0328125 0.06015625
0 0.53359375 0.43984375 0.0375 0.05390625
2 0.4765625 0.8625 0.021875 0.03359375