0 0.065625 0.23125 0.0328125 0.05390625
0 0.059375 0.38984375 0.028125 0.03359375
0 0.4328125 0.21484375 0.0390625 0.0625
0 0.56875 0.22265625 0.0421875 0.05234375
0 0.85078125 0.38125 0.03125 0.0375
0 0.9328125 0.11171875 0.0328125 0.04765625
0 0.6625 0.32421875 0.0296875 0.03984375
0 0.65625 0.41015625 0.021875 0.03359375
0 0.5640625 0.45625 0.028125 0.04375
0 0.20234375 0.40703125 0.0359375 0.04375
0 0.35 0.89921875 0.04375 0.05625
0 0.3546875 0.56484375 0.0359375 0.03984375
0 0.49453125 0.54296875 0.025 0.03359375
0 0.66484375 0.67421875 0.0296875 0.0375
0 0.74609375 0.65078125 0.0265625 0.03984375
0 0.71796875 0.49453125 0.0296875 0.04375
0 0.83359375 0.38984375 0.028125 0.0375
0 0.85390625 0.47890625 0.0296875 0.03359375
0 0.8578125 0.42578125 0.0359375 0.05390625
0 0.61171875 0.09609375 0.0265625 0.03359375
0 0.84296875 0.378125 0.021875 0.02890625
0 0.90078125 0.89921875 0.0328125 0.04609375
0 0.97890625 0.78828125 0.0234375 0.04140625
0 0.8203125 0.728125 0.028125 0.02734375
0 0.86171875 0.56484375 0.0265625 0.0375
0 0.703125 0.85078125 0.03125 0.04765625
0 0.165625 0.565625 0.028125 0.03984375
0 0.546875 0.46328125 0.034375 0.05234375
0 0.31171875 0.23515625 0.034375 0.05
0 0.30078125 0.434375 0.0421875 0.05
0 0.71953125 0.465625 0.01875 0.025
0 0.06015625 0.46875 0.021875 0.03125
0 0.85234375 0.73984375 0.0390625 0.04609375
0 0.9609375 0.22734375 0.03125 0.04140625
0 0.39296875 0.921875 0.0390625 0.05390625
0 0.48359375 0.99375 0.0203125 0.0125
0 0.7203125 0.17734375 0.01875 0.02734375
0 0.021875 0.47578125 0.0421875 0.06015625
0 0.34140625 0.22890625 0.0296875 0.0375
0 0.54375 0.37890625 0.028125 0.04140625
0 0.47109375 0.715625 0.0328125 0.06015625
0 0.534375 0.43984375 0.0375 0.05390625
2 0.4765625 0.8625 0.021875 0.03359375