0 0.04375 0.25234375 0.034375 0.05625
0 0.05625 0.38984375 0.028125 0.03359375
0 0.515625 0.05859375 0.040625 0.05390625
0 0.5546875 0.240625 0.0421875 0.06015625
0 0.91015625 0.10703125 0.0328125 0.04765625
0 0.66015625 0.33046875 0.0265625 0.03359375
0 0.65859375 0.44140625 0.021875 0.03359375
0 0.55078125 0.45 0.0359375 0.04140625
0 0.19765625 0.403125 0.0359375 0.04375
0 0.3046875 0.89765625 0.0453125 0.0625
0 0.79140625 0.05546875 0.03125 0.04140625
0 0.30390625 0.14140625 0.0296875 0.03984375
0 0.6609375 0.67109375 0.0296875 0.0375
0 0.74453125 0.64921875 0.0265625 0.03984375
0 0.69921875 0.5375 0.0390625 0.04765625
0 0.79765625 0.396875 0.0390625 0.04375
0 0.85390625 0.478125 0.028125 0.03125
0 0.84453125 0.44453125 0.040625 0.05390625
0 0.61171875 0.07265625 0.0265625 0.025
0 0.85 0.61328125 0.0328125 0.04140625
0 0.88125 0.946875 0.0328125 0.04609375
0 0.96875 0.8 0.0234375 0.04140625
0 0.8203125 0.72578125 0.028125 0.02734375
0 0.840625 0.571875 0.0265625 0.0375
0 0.690625 0.85546875 0.03125 0.04765625
0 0.14453125 0.565625 0.028125 0.03984375
0 0.54453125 0.46328125 0.034375 0.05234375
0 0.2953125 0.25546875 0.0359375 0.05625
0 0.6796875 0.41953125 0.021875 0.02734375
0 0.5359375 0.271875 0.03125 0.04375
0 0.48046875 0.68359375 0.0390625 0.05390625
0 0.9140625 0.825 0.025 0.03984375
0 0.38046875 0.68359375 0.046875 0.05625
0 0.79375 0.5875 0.03125 0.03984375
0 0.86796875 0.18671875 0.0359375 0.05234375
0 0.99375 0.17890625 0.0125 0.04140625
0 0.70703125 0.20390625 0.01875 0.02734375
0 0.01640625 0.49609375 0.0328125 0.06015625
0 0.3203125 0.25703125 0.0265625 0.03125
0 0.54375 0.37890625 0.028125 0.04140625
0 0.47109375 0.715625 0.0328125 0.06015625
0 0.53359375 0.43984375 0.0375 0.05390625
2 0.4765625 0.8625 0.021875 0.03359375