0 0.015625 0.28984375 0.03125 0.05625
0 0.05625 0.39140625 0.028125 0.03359375
0 0.53125 0.27578125 0.0421875 0.05625
0 0.890625 0.1125 0.028125 0.04609375
0 0.66015625 0.34375 0.0265625 0.03359375
0 0.5921875 0.42265625 0.0375 0.04375
0 0.5421875 0.46015625 0.0359375 0.04140625
0 0.19296875 0.40625 0.0359375 0.04375
0 0.3640625 0.978125 0.0390625 0.04375
0 0.01171875 0.02890625 0.021875 0.03359375
0 0.65859375 0.66640625 0.0296875 0.0375
0 0.74609375 0.65078125 0.0265625 0.03984375
0 0.6140625 0.49609375 0.0390625 0.04765625
0 0.7765625 0.43515625 0.03125 0.03359375
0 0.85546875 0.47890625 0.0296875 0.03359375
0 0.8265625 0.46328125 0.040625 0.05390625
0 0.60234375 0.07421875 0.0265625 0.025
0 0.84140625 0.78671875 0.0328125 0.04375
0 0.8484375 0.98828125 0.0328125 0.02265625
0 0.94140625 0.83984375 0.0234375 0.04140625
0 0.8203125 0.72578125 0.028125 0.02734375
0 0.81875 0.59375 0.0265625 0.0375
0 0.65625 0.86171875 0.0375 0.05390625
0 0.1140625 0.57578125 0.028125 0.03984375
0 0.54375 0.46328125 0.034375 0.05234375
0 0.26484375 0.3 0.0359375 0.05625
0 0.8046875 0.85625 0.03125 0.03359375
0 0.96796875 0.21171875 0.025 0.04375
0 0.38359375 0.69375 0.0453125 0.0625
0 0.2078125 0.75234375 0.0484375 0.05859375
0 0.5703125 0.86953125 0.0359375 0.04140625
0 0.828125 0.53984375 0.0484375 0.06640625
0 0.20859375 0.54765625 0.046875 0.05390625
0 0.2890625 0.24609375 0.0484375 0.04765625
0 0.63046875 0.096875 0.0359375 0.04609375
0 0.38515625 0.04609375 0.040625 0.04765625
0 0.66953125 0.25 0.01875 0.02734375
0 0.00859375 0.50859375 0.0171875 0.04375
0 0.28046875 0.28984375 0.0265625 0.03359375
0 0.54375 0.37890625 0.028125 0.04140625
0 0.47109375 0.715625 0.0328125 0.06015625
0 0.53203125 0.43984375 0.0375 0.05390625
2 0.4765625 0.8625 0.021875 0.03359375
0 0.0125 0.071875 0.025 0.05