0 0.0234375 0.278125 0.034375 0.05625
0 0.05625 0.390625 0.028125 0.03359375
0 0.54375 0.0125 0.040625 0.025
0 0.54453125 0.271875 0.0421875 0.05625
0 0.9 0.11171875 0.0328125 0.04765625
0 0.65859375 0.33984375 0.0265625 0.03359375
0 0.6078125 0.45078125 0.0375 0.04375
0 0.54296875 0.459375 0.0359375 0.04140625
0 0.19375 0.40390625 0.0359375 0.04375
0 0.3296875 0.92734375 0.0375 0.05390625
0 0.096875 0.06640625 0.0234375 0.03359375
0 0.65859375 0.66796875 0.0296875 0.0375
0 0.7453125 0.65 0.0265625 0.03984375
0 0.64453125 0.52265625 0.0390625 0.04765625
0 0.7828125 0.421875 0.03125 0.03359375
0 0.85234375 0.47890625 0.0296875 0.03359375
0 0.83203125 0.45546875 0.040625 0.05390625
0 0.60546875 0.07265625 0.0265625 0.025
0 0.8484375 0.72890625 0.0296875 0.03515625
0 0.859375 0.978125 0.0328125 0.04375
0 0.95 0.83046875 0.0234375 0.04140625
0 0.8203125 0.72578125 0.028125 0.02734375
0 0.82265625 0.58984375 0.0265625 0.0375
0 0.675 0.859375 0.03125 0.04765625
0 0.1296875 0.57109375 0.028125 0.03984375
0 0.54375 0.46328125 0.034375 0.05234375
0 0.27890625 0.28671875 0.0359375 0.05625
0 0.97578125 0.47578125 0.0203125 0.02734375
0 0.384375 0.05078125 0.028125 0.04140625
0 0.0921875 0.79921875 0.040625 0.05625
0 0.65234375 0.81328125 0.046875 0.05625
0 0.9765625 0.20234375 0.025 0.04375
0 0.3875 0.971875 0.0421875 0.05
0 0.31796875 0.82734375 0.0390625 0.05859375
0 0.4765625 0.99140625 0.034375 0.01640625
0 0.73359375 0.82734375 0.0515625 0.07890625
0 0.17109375 0.13671875 0.0484375 0.04765625
0 0.5796875 0.07734375 0.040625 0.05
0 0.6828125 0.23671875 0.01875 0.02734375
0 0.01328125 0.509375 0.0265625 0.05390625
0 0.29296875 0.28125 0.0265625 0.03359375
0 0.54375 0.37890625 0.028125 0.04140625
0 0.47109375 0.715625 0.0328125 0.06015625
0 0.53203125 0.43984375 0.0375 0.05390625
2 0.4765625 0.8625 0.021875 0.03359375