0 0.04921875 0.24453125 0.034375 0.05625
0 0.05625 0.390625 0.028125 0.03359375
0 0.50078125 0.07890625 0.040625 0.05
0 0.5609375 0.234375 0.0453125 0.05859375
0 0.91796875 0.11015625 0.0328125 0.04765625
0 0.66015625 0.328125 0.0265625 0.03359375
0 0.65234375 0.43828125 0.021875 0.03359375
0 0.5515625 0.45546875 0.0359375 0.04140625
0 0.19765625 0.403125 0.0359375 0.04375
0 0.31171875 0.90625 0.0453125 0.05859375
0 0.68515625 0.121875 0.0359375 0.04765625
0 0.340625 0.23359375 0.0375 0.03984375
0 0.6625 0.671875 0.0296875 0.0375
0 0.74453125 0.64921875 0.0265625 0.03984375
0 0.709375 0.52734375 0.0375 0.04765625
0 0.8015625 0.390625 0.0390625 0.04609375
0 0.8546875 0.478125 0.0296875 0.03359375
0 0.8453125 0.43984375 0.040625 0.05390625
0 0.61171875 0.075 0.0265625 0.025
0 0.82578125 0.53984375 0.034375 0.04140625
0 0.8890625 0.93359375 0.0328125 0.04609375
0 0.97421875 0.790625 0.0234375 0.04140625
0 0.8203125 0.72578125 0.028125 0.02734375
0 0.84296875 0.57734375 0.0265625 0.0375
0 0.7 0.85390625 0.03125 0.04765625
0 0.153125 0.565625 0.028125 0.03984375
0 0.5453125 0.46328125 0.034375 0.05234375
0 0.29921875 0.24921875 0.0359375 0.05625
0 0.61640625 0.50703125 0.0234375 0.02890625
0 0.57578125 0.353125 0.0375 0.04609375
0 0.58203125 0.79765625 0.0421875 0.05
0 0.984375 0.74375 0.03125 0.0625
0 0.93828125 0.73203125 0.028125 0.0375
0 0.30390625 0.71328125 0.0484375 0.0625
0 0.84921875 0.46484375 0.0234375 0.03125
0 0.20390625 0.025 0.046875 0.05
0 0.83203125 0.02109375 0.04375 0.0375
0 0.71328125 0.19765625 0.01875 0.02734375
0 0.01796875 0.49296875 0.0359375 0.06484375
0 0.32734375 0.24765625 0.028125 0.03125
0 0.54375 0.37890625 0.028125 0.04140625
0 0.47109375 0.715625 0.0328125 0.06015625
0 0.53359375 0.43984375 0.0375 0.05390625
2 0.4765625 0.8625 0.021875 0.03359375