0 0.1015625 0.21953125 0.03125 0.05390625
0 0.065625 0.36484375 0.0265625 0.02890625
0 0.40390625 0.29609375 0.0359375 0.05625
0 0.6984375 0.15390625 0.0421875 0.05
0 0.57890625 0.21015625 0.040625 0.04765625
0 0.665625 0.134375 0.028125 0.03515625
0 0.92734375 0.025 0.0265625 0.03515625
0 0.94296875 0.10546875 0.0328125 0.04765625
0 0.66328125 0.32421875 0.0296875 0.03984375
0 0.665625 0.38203125 0.021875 0.03359375
0 0.575 0.43984375 0.028125 0.04375
0 0.1390625 0.24765625 0.0390625 0.04375
0 0.1796875 0.55234375 0.03125 0.04140625
0 0.2015625 0.40703125 0.034375 0.03984375
0 0.32421875 0.87109375 0.04375 0.05625
0 0.24609375 0.86171875 0.0390625 0.05
0 0.46953125 0.93359375 0.028125 0.04140625
0 0.63046875 0.740625 0.025 0.02890625
0 0.66484375 0.67578125 0.0296875 0.0375
0 0.74765625 0.653125 0.0265625 0.03984375
0 0.72890625 0.47109375 0.0265625 0.0375
0 0.79453125 0.546875 0.0359375 0.04765625
0 0.8453125 0.35859375 0.028125 0.0375
0 0.853125 0.47890625 0.0296875 0.03359375
0 0.8609375 0.42265625 0.0359375 0.05390625
0 0.615625 0.09609375 0.0265625 0.03359375
0 0.81796875 0.23046875 0.025 0.03515625
0 0.90703125 0.87265625 0.0328125 0.04609375
0 0.9921875 0.9875 0.015625 0.025
0 0.984375 0.77734375 0.0234375 0.04140625
0 0.82109375 0.73125 0.028125 0.02734375
0 0.79609375 0.78984375 0.0328125 0.04375
0 0.875 0.55546875 0.0265625 0.0375
0 0.70390625 0.846875 0.03125 0.04765625
0 0.17734375 0.56328125 0.028125 0.03984375
0 0.678125 0.56875 0.0421875 0.05859375
0 0.55078125 0.465625 0.034375 0.05234375
0 0.31796875 0.215625 0.028125 0.04140625
0 0.03828125 0.621875 0.0265625 0.03515625
0 0.94375 0.83046875 0.0203125 0.025
0 0.9921875 0.89296875 0.015625 0.03125
0 0.00703125 0.00625 0.0140625 0.0125
0 0.7421875 0.15546875 0.01875 0.02734375
0 0.02734375 0.44453125 0.0453125 0.06015625
0 0.3484375 0.20390625 0.0296875 0.0375
0 0.54375 0.37890625 0.028125 0.04140625
0 0.47109375 0.715625 0.0328125 0.06015625
0 0.5359375 0.43984375 0.0375 0.05390625
2 0.4765625 0.8625 0.021875 0.03359375