0 0.07890625 0.22734375 0.03125 0.05390625
0 0.05859375 0.38359375 0.028125 0.03359375
0 0.42109375 0.26328125 0.034375 0.05625
0 0.95859375 0.25625 0.0421875 0.04609375
0 0.5734375 0.22109375 0.040625 0.05
0 0.7484375 0.27265625 0.0359375 0.05234375
0 0.93984375 0.11015625 0.0328125 0.04765625
0 0.66328125 0.32421875 0.0296875 0.03984375
0 0.659375 0.40078125 0.0203125 0.02890625
0 0.5703125 0.44921875 0.028125 0.04375
0 0.2703125 0.059375 0.034375 0.04375
0 0.11953125 0.86796875 0.0265625 0.03515625
0 0.2015625 0.40859375 0.034375 0.03984375
0 0.3390625 0.85703125 0.04375 0.05625
0 0.32109375 0.65390625 0.0375 0.05234375
0 0.47421875 0.97265625 0.04375 0.05234375
0 0.5703125 0.621875 0.0453125 0.05390625
0 0.66484375 0.675 0.0296875 0.0375
0 0.74765625 0.653125 0.0265625 0.03984375
0 0.721875 0.48515625 0.028125 0.04375
0 0.70234375 0.80859375 0.0359375 0.04140625
0 0.8375 0.371875 0.028125 0.0375
0 0.85390625 0.47890625 0.0296875 0.03359375
0 0.859375 0.42578125 0.0359375 0.05390625
0 0.61171875 0.096875 0.0265625 0.03359375
0 0.83515625 0.30546875 0.0265625 0.03359375
0 0.90078125 0.88515625 0.0328125 0.04609375
0 0.98046875 0.78359375 0.0234375 0.04140625
0 0.8203125 0.73046875 0.028125 0.02734375
0 0.86484375 0.5625 0.0265625 0.0375
0 0.690625 0.85625 0.03125 0.04765625
0 0.16953125 0.565625 0.028125 0.03984375
0 0.68671875 0.20234375 0.0421875 0.05859375
0 0.5484375 0.46328125 0.034375 0.05234375
0 0.3125 0.22734375 0.028125 0.04140625
0 0.153125 0.459375 0.0328125 0.04375
0 0.7703125 0.71640625 0.01875 0.025
0 0.07578125 0.23203125 0.021875 0.03125
0 0.99140625 0.921875 0.0171875 0.03359375
0 0.72265625 0.17109375 0.01875 0.02734375
0 0.0234375 0.4625 0.04375 0.06015625
0 0.3421875 0.21796875 0.0296875 0.0375
0 0.54375 0.37890625 0.028125 0.04140625
0 0.47109375 0.715625 0.0328125 0.06015625
0 0.53515625 0.43984375 0.0375 0.05390625
2 0.4765625 0.8625 0.021875 0.03359375