0 0.1015625 0.21796875 0.03125 0.05390625
0 0.065625 0.36328125 0.0265625 0.02890625
0 0.40703125 0.303125 0.0359375 0.05625
0 0.68359375 0.15078125 0.0421875 0.04765625
0 0.5796875 0.209375 0.040625 0.04765625
0 0.6546875 0.15 0.03125 0.03515625
0 0.9265625 0.034375 0.028125 0.0375
0 0.94375 0.10390625 0.0328125 0.04765625
0 0.66328125 0.32421875 0.0296875 0.03984375
0 0.665625 0.38203125 0.021875 0.03359375
0 0.575 0.43828125 0.028125 0.04375
0 0.125 0.24375 0.0375 0.04375
0 0.1984375 0.53125 0.03125 0.04140625
0 0.2015625 0.40859375 0.034375 0.03984375
0 0.32265625 0.86875 0.04375 0.05625
0 0.23203125 0.859375 0.0359375 0.05234375
0 0.46875 0.92421875 0.028125 0.0375
0 0.6203125 0.75859375 0.0296875 0.04140625
0 0.66484375 0.67578125 0.0296875 0.0375
0 0.74765625 0.65234375 0.0265625 0.03984375
0 0.7296875 0.46953125 0.0265625 0.0375
0 0.78828125 0.53828125 0.0375 0.05
0 0.8453125 0.35859375 0.028125 0.0375
0 0.853125 0.48046875 0.0296875 0.03359375
0 0.8609375 0.421875 0.0359375 0.05390625
0 0.61640625 0.09453125 0.0265625 0.03359375
0 0.81484375 0.23046875 0.025 0.03515625
0 0.90703125 0.871875 0.0328125 0.04609375
0 0.9921875 0.9859375 0.015625 0.028125
0 0.984375 0.77734375 0.0234375 0.04140625
0 0.82109375 0.73125 0.028125 0.02734375
0 0.80234375 0.76953125 0.0328125 0.04375
0 0.87578125 0.55390625 0.0265625 0.0375
0 0.7046875 0.846875 0.03125 0.04765625
0 0.178125 0.56328125 0.028125 0.03984375
0 0.67265625 0.58359375 0.0421875 0.05859375
0 0.55078125 0.465625 0.034375 0.05234375
0 0.31796875 0.21484375 0.028125 0.04140625
0 0.01875 0.6125 0.0234375 0.02734375
0 0.96015625 0.82265625 0.01875 0.025
0 0.7421875 0.15546875 0.01875 0.02734375
0 0.0265625 0.44375 0.0453125 0.06015625
0 0.34921875 0.20390625 0.0296875 0.0375
0 0.54375 0.37890625 0.028125 0.04140625
0 0.47109375 0.715625 0.0328125 0.06015625
0 0.5359375 0.43984375 0.0375 0.05390625
2 0.4765625 0.8625 0.021875 0.03359375