0 0.0453125 0.25 0.034375 0.05625
0 0.05625 0.38984375 0.028125 0.03359375
0 0.50546875 0.06171875 0.040625 0.05859375
0 0.55625 0.23828125 0.04375 0.06015625
0 0.9125 0.10703125 0.0328125 0.04765625
0 0.66015625 0.33046875 0.0265625 0.03359375
0 0.65703125 0.440625 0.021875 0.03359375
0 0.55234375 0.44765625 0.0359375 0.04140625
0 0.19765625 0.403125 0.0359375 0.04375
0 0.30390625 0.896875 0.0453125 0.0625
0 0.7671875 0.07734375 0.03125 0.03984375
0 0.3078125 0.17578125 0.0203125 0.03125
0 0.66171875 0.671875 0.0296875 0.0375
0 0.74453125 0.64921875 0.0265625 0.03984375
0 0.703125 0.53515625 0.0390625 0.04765625
0 0.79921875 0.39453125 0.0390625 0.04609375
0 0.8546875 0.47890625 0.0296875 0.03359375
0 0.84453125 0.44453125 0.040625 0.05390625
0 0.6125 0.07265625 0.0265625 0.025
0 0.8375 0.59296875 0.025 0.03359375
0 0.88359375 0.94375 0.0328125 0.04609375
0 0.971875 0.796875 0.0234375 0.04140625
0 0.8203125 0.72578125 0.028125 0.02734375
0 0.83984375 0.57421875 0.0265625 0.0375
0 0.69375 0.85546875 0.03125 0.04765625
0 0.146875 0.565625 0.028125 0.03984375
0 0.54453125 0.46328125 0.034375 0.05234375
0 0.29765625 0.25078125 0.0359375 0.05625
0 0.66953125 0.440625 0.0171875 0.02734375
0 0.540625 0.29375 0.0359375 0.05234375
0 0.50703125 0.71015625 0.0359375 0.05390625
0 0.925 0.803125 0.0234375 0.04140625
0 0.365625 0.69140625 0.046875 0.05390625
0 0.8078125 0.56328125 0.03125 0.05234375
0 0.859375 0.15234375 0.034375 0.05390625
0 0.99453125 0.178125 0.0109375 0.03984375
0 0.7078125 0.20078125 0.01875 0.02734375
0 0.01640625 0.49453125 0.0328125 0.06015625
0 0.321875 0.25546875 0.0265625 0.02890625
0 0.54375 0.37890625 0.028125 0.04140625
0 0.47109375 0.715625 0.0328125 0.06015625
0 0.53359375 0.43984375 0.0375 0.05390625
2 0.4765625 0.8625 0.021875 0.03359375