0 0.0859375 0.21875 0.03125 0.05390625
0 0.0640625 0.36953125 0.0265625 0.02890625
0 0.41640625 0.284375 0.0375 0.04765625
0 0.775 0.184375 0.040625 0.04609375
0 0.575 0.21640625 0.040625 0.04765625
0 0.6796875 0.196875 0.034375 0.04765625
0 0.9515625 0.02421875 0.0234375 0.02734375
0 0.940625 0.10625 0.0328125 0.04765625
0 0.66328125 0.32421875 0.0296875 0.03984375
0 0.66328125 0.38671875 0.021875 0.03359375
0 0.5734375 0.44296875 0.028125 0.04375
0 0.184375 0.22265625 0.04375 0.05859375
0 0.175 0.64140625 0.03125 0.04140625
0 0.2015625 0.41171875 0.034375 0.03984375
0 0.32734375 0.85 0.04375 0.05625
0 0.27578125 0.77265625 0.0328125 0.04765625
0 0.4703125 0.946875 0.0375 0.05234375
0 0.65546875 0.72109375 0.0359375 0.04609375
0 0.66484375 0.67578125 0.0296875 0.0375
0 0.74765625 0.653125 0.0265625 0.03984375
0 0.725 0.47421875 0.0265625 0.04140625
0 0.76328125 0.625 0.0375 0.05
0 0.84453125 0.36328125 0.028125 0.0375
0 0.85390625 0.47734375 0.0296875 0.03359375
0 0.8609375 0.42421875 0.0359375 0.05390625
0 0.6140625 0.09609375 0.0265625 0.03359375
0 0.80625 0.26328125 0.025 0.03125
0 0.90390625 0.878125 0.0328125 0.04609375
0 0.98828125 0.990625 0.0171875 0.01875
0 0.9828125 0.78046875 0.0234375 0.04140625
0 0.82109375 0.73125 0.028125 0.02734375
0 0.8046875 0.89296875 0.0328125 0.04375
0 0.87109375 0.55859375 0.0265625 0.0375
0 0.70078125 0.846875 0.03125 0.04765625
0 0.17421875 0.56328125 0.028125 0.03984375
0 0.7046875 0.45703125 0.0421875 0.05859375
0 0.55078125 0.465625 0.034375 0.05234375
0 0.31640625 0.22109375 0.028125 0.04140625
0 0.078125 0.57734375 0.0390625 0.04375
0 0.8796875 0.80859375 0.0203125 0.025
0 0.94609375 0.93984375 0.0265625 0.0375
0 0.021875 0.07421875 0.021875 0.03515625
0 0.73515625 0.159375 0.01875 0.02734375
0 0.025 0.45078125 0.0453125 0.06015625
0 0.34609375 0.20703125 0.0296875 0.0375
0 0.54375 0.37890625 0.028125 0.04140625
0 0.47109375 0.715625 0.0328125 0.06015625
0 0.53515625 0.43984375 0.0375 0.05390625
2 0.4765625 0.8625 0.021875 0.03359375