0 0.028125 0.26875 0.034375 0.05625
0 0.05625 0.390625 0.028125 0.03359375
0 0.5328125 0.02265625 0.040625 0.0453125
0 0.54765625 0.27109375 0.0421875 0.05625
0 0.90234375 0.11015625 0.0328125 0.04765625
0 0.66015625 0.3375 0.0265625 0.03359375
0 0.61796875 0.45859375 0.0375 0.04375
0 0.54375 0.45859375 0.0359375 0.04140625
0 0.19453125 0.403125 0.0359375 0.04375
0 0.3203125 0.896875 0.04375 0.06015625
0 0.17265625 0.065625 0.0375 0.04375
0 0.65859375 0.66875 0.0296875 0.0375
0 0.7453125 0.65 0.0265625 0.03984375
0 0.65859375 0.53359375 0.0390625 0.04765625
0 0.7765625 0.403125 0.03125 0.03359375
0 0.85390625 0.47890625 0.0296875 0.03359375
0 0.840625 0.45234375 0.040625 0.05390625
0 0.60625 0.07265625 0.0265625 0.025
0 0.83515625 0.703125 0.0265625 0.03515625
0 0.8609375 0.971875 0.0328125 0.04609375
0 0.9546875 0.82265625 0.0234375 0.04140625
0 0.8203125 0.72578125 0.028125 0.02734375
0 0.825 0.58046875 0.0265625 0.0375
0 0.67578125 0.859375 0.03125 0.04765625
0 0.13359375 0.56875 0.028125 0.03984375
0 0.54375 0.46328125 0.034375 0.05234375
0 0.28125 0.278125 0.0359375 0.05625
0 0.88671875 0.44921875 0.0203125 0.02734375
0 0.440625 0.09453125 0.03125 0.05234375
0 0.18828125 0.66953125 0.0390625 0.04609375
0 0.58203125 0.74375 0.046875 0.05625
0 0.8765625 0.915625 0.025 0.03515625
0 0.9796875 0.196875 0.025 0.04375
0 0.3578125 0.91171875 0.046875 0.06015625
0 0.0921875 0.07109375 0.0453125 0.05234375
0 0.55546875 0.04921875 0.0390625 0.04765625
0 0.68828125 0.228125 0.01875 0.02734375
0 0.01328125 0.50625 0.0265625 0.05390625
0 0.30234375 0.275 0.0265625 0.03359375
0 0.54375 0.37890625 0.028125 0.04140625
0 0.47109375 0.715625 0.0328125 0.06015625
0 0.5328125 0.43984375 0.0375 0.05390625
2 0.4765625 0.8625 0.021875 0.03359375