0 0.040625 0.25546875 0.034375 0.05625
0 0.05625 0.38984375 0.028125 0.03359375
0 0.515625 0.04921875 0.040625 0.05859375
0 0.553125 0.246875 0.040625 0.05859375
0 0.9078125 0.10703125 0.0328125 0.04765625
0 0.66015625 0.33125 0.0265625 0.03359375
0 0.63828125 0.44921875 0.0359375 0.04375
0 0.54609375 0.45390625 0.0359375 0.04140625
0 0.196875 0.403125 0.0359375 0.04375
0 0.30390625 0.89140625 0.0453125 0.06015625
0 0.83671875 0.01484375 0.0359375 0.02890625
0 0.29296875 0.10234375 0.0453125 0.05390625
0 0.6609375 0.67109375 0.0296875 0.0375
0 0.7453125 0.65 0.0265625 0.03984375
0 0.6890625 0.540625 0.0390625 0.04765625
0 0.79609375 0.40234375 0.034375 0.03515625
0 0.853125 0.478125 0.028125 0.03125
0 0.84296875 0.446875 0.040625 0.05390625
0 0.609375 0.07265625 0.0265625 0.025
0 0.84296875 0.63828125 0.034375 0.04609375
0 0.87578125 0.95390625 0.0328125 0.04609375
0 0.96328125 0.80625 0.0234375 0.04140625
0 0.8203125 0.72578125 0.028125 0.02734375
0 0.83828125 0.57109375 0.0265625 0.0375
0 0.68671875 0.85546875 0.03125 0.04765625
0 0.1421875 0.565625 0.028125 0.03984375
0 0.54453125 0.46328125 0.034375 0.05234375
0 0.28984375 0.2625 0.0359375 0.05625
0 0.73046875 0.43203125 0.028125 0.02734375
0 0.50703125 0.23671875 0.0359375 0.04609375
0 0.42578125 0.65625 0.0421875 0.06015625
0 0.9109375 0.87734375 0.025 0.04140625
0 0.415625 0.69609375 0.0453125 0.05859375
0 0.7984375 0.64609375 0.03125 0.04375
0 0.0546875 0.02734375 0.0328125 0.04140625
0 0.90546875 0.25703125 0.0359375 0.04765625
0 0.9921875 0.18203125 0.015625 0.04375
0 0.70234375 0.21171875 0.01875 0.02734375
0 0.015625 0.49765625 0.03125 0.06015625
0 0.3171875 0.26171875 0.0265625 0.03359375
0 0.54375 0.37890625 0.028125 0.04140625
0 0.47109375 0.715625 0.0328125 0.06015625
0 0.5328125 0.43984375 0.0375 0.05390625
2 0.4765625 0.8625 0.021875 0.03359375