0 0.0390625 0.25703125 0.034375 0.05625
0 0.05625 0.38984375 0.028125 0.03359375
0 0.5140625 0.03828125 0.040625 0.05859375
0 0.55 0.25 0.0421875 0.05859375
0 0.90703125 0.10859375 0.0328125 0.04765625
0 0.66015625 0.33203125 0.0265625 0.03359375
0 0.63125 0.45546875 0.0375 0.04375
0 0.54453125 0.45625 0.0359375 0.04140625
0 0.196875 0.403125 0.0359375 0.04375
0 0.3046875 0.88984375 0.0453125 0.06015625
0 0.26015625 0.09765625 0.04375 0.04765625
0 0.6609375 0.67109375 0.0296875 0.0375
0 0.7453125 0.65 0.0265625 0.03984375
0 0.68515625 0.54140625 0.0390625 0.04765625
0 0.7953125 0.40390625 0.03125 0.03359375
0 0.85390625 0.47734375 0.0296875 0.02890625
0 0.8421875 0.44765625 0.040625 0.05390625
0 0.60859375 0.07265625 0.0265625 0.025
0 0.84375 0.640625 0.034375 0.04609375
0 0.8734375 0.95703125 0.0328125 0.04609375
0 0.96171875 0.80859375 0.0234375 0.04140625
0 0.8203125 0.72578125 0.028125 0.02734375
0 0.83671875 0.571875 0.0265625 0.0375
0 0.68515625 0.85625 0.03125 0.04765625
0 0.14140625 0.56640625 0.028125 0.03984375
0 0.54453125 0.46328125 0.034375 0.05234375
0 0.2875 0.26640625 0.0359375 0.05625
0 0.7328125 0.43515625 0.025 0.0375
0 0.5109375 0.20546875 0.028125 0.03984375
0 0.3921875 0.65390625 0.0359375 0.05
0 0.88984375 0.88125 0.025 0.03359375
0 0.43203125 0.68125 0.04375 0.05859375
0 0.78359375 0.67890625 0.03125 0.03984375
0 0.01953125 0.04921875 0.0390625 0.05390625
0 0.92578125 0.27734375 0.0359375 0.04609375
0 0.990625 0.18515625 0.0171875 0.04375
0 0.7 0.21328125 0.01875 0.02734375
0 0.01484375 0.5 0.0296875 0.06015625
0 0.315625 0.26328125 0.0265625 0.03359375
0 0.54375 0.37890625 0.028125 0.04140625
0 0.47109375 0.715625 0.0328125 0.06015625
0 0.5328125 0.43984375 0.0375 0.05390625
2 0.4765625 0.8625 0.021875 0.03359375