0 0.0515625 0.24140625 0.034375 0.05625
0 0.05625 0.390625 0.028125 0.03359375
0 0.49921875 0.09765625 0.0453125 0.0625
0 0.56171875 0.23203125 0.0453125 0.05390625
0 0.91953125 0.11015625 0.0328125 0.04765625
0 0.66015625 0.32734375 0.0265625 0.03359375
0 0.653125 0.4375 0.021875 0.03359375
0 0.56171875 0.47265625 0.0296875 0.04375
0 0.19765625 0.403125 0.0359375 0.04375
0 0.30546875 0.90703125 0.04375 0.05625
0 0.61875 0.14453125 0.03125 0.05625
0 0.37578125 0.24921875 0.0265625 0.03359375
0 0.6625 0.671875 0.0296875 0.0375
0 0.74453125 0.64921875 0.0265625 0.03984375
0 0.7125 0.52265625 0.0359375 0.04765625
0 0.8015625 0.38984375 0.0390625 0.04609375
0 0.8546875 0.478125 0.0296875 0.03359375
0 0.8453125 0.43515625 0.040625 0.05390625
0 0.61015625 0.078125 0.0265625 0.025
0 0.8203125 0.51953125 0.021875 0.03515625
0 0.890625 0.925 0.0328125 0.04609375
0 0.97578125 0.7875 0.0234375 0.04140625
0 0.8203125 0.72578125 0.028125 0.02734375
0 0.84609375 0.57578125 0.0265625 0.0375
0 0.69921875 0.853125 0.03125 0.04765625
0 0.1546875 0.565625 0.028125 0.03984375
0 0.5453125 0.46328125 0.034375 0.05234375
0 0.30078125 0.246875 0.0359375 0.05625
0 0.58203125 0.465625 0.0234375 0.02734375
0 0.60859375 0.38515625 0.0390625 0.05
0 0.6265625 0.83515625 0.040625 0.04375
0 0.94609375 0.79921875 0.04375 0.05625
0 0.93984375 0.67734375 0.028125 0.03515625
0 0.26953125 0.69765625 0.046875 0.05625
0 0.87421875 0.4375 0.0234375 0.03125
0 0.18828125 0.09453125 0.046875 0.07109375
0 0.715625 0.19453125 0.01875 0.02734375
0 0.01875 0.490625 0.0375 0.06640625
0 0.3296875 0.24375 0.0296875 0.03359375
0 0.54375 0.37890625 0.028125 0.04140625
0 0.47109375 0.715625 0.0328125 0.06015625
0 0.53359375 0.43984375 0.0375 0.05390625
2 0.4765625 0.8625 0.021875 0.03359375