0 0.1015625 0.22109375 0.03125 0.05390625
0 0.065625 0.365625 0.0265625 0.02890625
0 0.403125 0.29140625 0.0359375 0.05625
0 0.7109375 0.15703125 0.04375 0.05234375
0 0.578125 0.21171875 0.040625 0.04765625
0 0.66953125 0.153125 0.03125 0.0375
0 0.928125 0.01875 0.025 0.03359375
0 0.94296875 0.10546875 0.0328125 0.04765625
0 0.66328125 0.32421875 0.0296875 0.03984375
0 0.66484375 0.38359375 0.021875 0.03359375
0 0.57421875 0.43984375 0.028125 0.04375
0 0.13828125 0.23125 0.0421875 0.05
0 0.20078125 0.56640625 0.03125 0.04140625
0 0.2015625 0.40859375 0.034375 0.03984375
0 0.325 0.871875 0.04375 0.05625
0 0.2453125 0.8375 0.03125 0.04140625
0 0.471875 0.934375 0.03125 0.04609375
0 0.63828125 0.73828125 0.0265625 0.03515625
0 0.66484375 0.67578125 0.0296875 0.0375
0 0.74765625 0.653125 0.0265625 0.03984375
0 0.72890625 0.47109375 0.0265625 0.0375
0 0.7953125 0.56015625 0.034375 0.04609375
0 0.8453125 0.359375 0.028125 0.0375
0 0.853125 0.47890625 0.0296875 0.03359375
0 0.8609375 0.42265625 0.0359375 0.05390625
0 0.615625 0.09609375 0.0265625 0.03359375
0 0.81640625 0.24296875 0.025 0.03515625
0 0.90625 0.87421875 0.0328125 0.04609375
0 0.9921875 0.9875 0.015625 0.025
0 0.98359375 0.778125 0.0234375 0.04140625
0 0.82109375 0.73125 0.028125 0.02734375
0 0.79140625 0.80703125 0.0328125 0.04375
0 0.875 0.55546875 0.0265625 0.0375
0 0.70390625 0.846875 0.03125 0.04765625
0 0.1765625 0.56328125 0.028125 0.03984375
0 0.68125 0.55234375 0.0421875 0.05859375
0 0.55078125 0.465625 0.034375 0.05234375
0 0.3171875 0.21640625 0.028125 0.04140625
0 0.0234375 0.58671875 0.0296875 0.04375
0 0.934375 0.834375 0.0203125 0.025
0 0.990625 0.91015625 0.0171875 0.03125
0 0.009375 0.015625 0.0171875 0.025
0 0.7390625 0.15546875 0.01875 0.02734375
0 0.02734375 0.44453125 0.0453125 0.06015625
0 0.3484375 0.20546875 0.0296875 0.0375
0 0.54375 0.37890625 0.028125 0.04140625
0 0.47109375 0.715625 0.0328125 0.06015625
0 0.5359375 0.43984375 0.0375 0.05390625
2 0.4765625 0.8625 0.021875 0.03359375