0 0.0671875 0.23125 0.0328125 0.05390625
0 0.059375 0.38828125 0.028125 0.03359375
0 0.42421875 0.221875 0.0390625 0.06015625
0 0.56875 0.22265625 0.0421875 0.05234375
0 0.84296875 0.35546875 0.03125 0.0375
0 0.93359375 0.11171875 0.0328125 0.04765625
0 0.66328125 0.32421875 0.0296875 0.03984375
0 0.65625 0.41015625 0.021875 0.03359375
0 0.56484375 0.45546875 0.028125 0.04375
0 0.20234375 0.40625 0.0359375 0.04375
0 0.35859375 0.90234375 0.04375 0.05625
0 0.34453125 0.57890625 0.0328125 0.03515625
0 0.48671875 0.98125 0.0421875 0.03359375
0 0.5 0.56171875 0.0265625 0.03359375
0 0.66484375 0.67421875 0.0296875 0.0375
0 0.746875 0.65234375 0.0265625 0.03984375
0 0.71796875 0.49375 0.0296875 0.04375
0 0.8328125 0.38515625 0.028125 0.0375
0 0.85390625 0.47890625 0.0296875 0.03359375
0 0.8578125 0.42578125 0.0359375 0.05390625
0 0.61171875 0.09609375 0.0265625 0.03359375
0 0.8375 0.375 0.021875 0.02890625
0 0.90078125 0.896875 0.0328125 0.04609375
0 0.9796875 0.7875 0.0234375 0.04140625
0 0.8203125 0.72890625 0.028125 0.02734375
0 0.8625 0.565625 0.0265625 0.0375
0 0.703125 0.85078125 0.03125 0.04765625
0 0.16640625 0.565625 0.028125 0.03984375
0 0.546875 0.46328125 0.034375 0.05234375
0 0.31171875 0.234375 0.03125 0.04609375
0 0.28203125 0.43515625 0.04375 0.05
0 0.73125 0.49609375 0.01875 0.025
0 0.07265625 0.44453125 0.021875 0.03125
0 0.8625 0.771875 0.03125 0.03984375
0 0.96875 0.196875 0.0234375 0.04140625
0 0.41328125 0.95546875 0.040625 0.05
0 0.7203125 0.17734375 0.01875 0.02734375
0 0.021875 0.47421875 0.0421875 0.06015625
0 0.34140625 0.228125 0.0296875 0.0375
0 0.54375 0.37890625 0.028125 0.04140625
0 0.47109375 0.715625 0.0328125 0.06015625
0 0.534375 0.43984375 0.0375 0.05390625
2 0.4765625 0.8625 0.021875 0.03359375