0 0.078125 0.228125 0.03125 0.05390625
0 0.0578125 0.384375 0.028125 0.03359375
0 0.41796875 0.259375 0.034375 0.05625
0 0.97265625 0.25546875 0.0375 0.04609375
0 0.5734375 0.22109375 0.040625 0.05
0 0.74765625 0.29765625 0.0359375 0.04375
0 0.93984375 0.11171875 0.0328125 0.04765625
0 0.66328125 0.32421875 0.0296875 0.03984375
0 0.659375 0.40234375 0.0203125 0.02890625
0 0.5703125 0.44921875 0.028125 0.04375
0 0.26796875 0.03359375 0.0359375 0.05390625
0 0.10078125 0.88359375 0.0265625 0.03515625
0 0.2015625 0.40859375 0.034375 0.03984375
0 0.34453125 0.8625 0.04375 0.05625
0 0.3328125 0.65 0.0375 0.05
0 0.47578125 0.97109375 0.0453125 0.05390625
0 0.56640625 0.62890625 0.0421875 0.05
0 0.66484375 0.675 0.0296875 0.0375
0 0.746875 0.65234375 0.0265625 0.03984375
0 0.721875 0.48671875 0.0296875 0.04375
0 0.68828125 0.825 0.034375 0.04375
0 0.8375 0.37265625 0.028125 0.0375
0 0.85390625 0.47890625 0.0296875 0.03359375
0 0.859375 0.42578125 0.0359375 0.05390625
0 0.61171875 0.096875 0.0265625 0.03359375
0 0.84375 0.29921875 0.0265625 0.03359375
0 0.90078125 0.88671875 0.0328125 0.04609375
0 0.98046875 0.78359375 0.0234375 0.04140625
0 0.8203125 0.73046875 0.028125 0.02734375
0 0.86484375 0.5625 0.0265625 0.0375
0 0.6890625 0.85703125 0.03125 0.04765625
0 0.16875 0.565625 0.028125 0.03984375
0 0.68125 0.178125 0.0421875 0.05859375
0 0.5484375 0.46328125 0.034375 0.05234375
0 0.3125 0.22734375 0.028125 0.04140625
0 0.16015625 0.43515625 0.021875 0.02890625
0 0.7734375 0.69765625 0.01875 0.025
0 0.078125 0.253125 0.021875 0.03125
0 0.975 0.93125 0.028125 0.04140625
0 0.72109375 0.17265625 0.01875 0.02734375
0 0.0234375 0.46328125 0.04375 0.06015625
0 0.3421875 0.21875 0.0296875 0.0375
0 0.54375 0.37890625 0.028125 0.04140625
0 0.47109375 0.715625 0.0328125 0.06015625
0 0.53515625 0.43984375 0.0375 0.05390625
2 0.4765625 0.8625 0.021875 0.03359375