0 0.0125 0.29609375 0.025 0.05625
0 0.05625 0.39140625 0.028125 0.03359375
0 0.525 0.27890625 0.0421875 0.05625
0 0.88828125 0.11171875 0.028125 0.04140625
0 0.66015625 0.34375 0.0265625 0.03359375
0 0.58515625 0.39921875 0.0375 0.04375
0 0.54140625 0.4625 0.0359375 0.04140625
0 0.19453125 0.40703125 0.0359375 0.04375
0 0.659375 0.66796875 0.0296875 0.0375
0 0.74609375 0.65078125 0.0265625 0.03984375
0 0.59375 0.46796875 0.0390625 0.04765625
0 0.7765625 0.43984375 0.03125 0.03359375
0 0.85546875 0.48125 0.0296875 0.03359375
0 0.821875 0.47265625 0.040625 0.05390625
0 0.60078125 0.075 0.0265625 0.025
0 0.81953125 0.871875 0.021875 0.02890625
0 0.93671875 0.84765625 0.0234375 0.04140625
0 0.8203125 0.72578125 0.028125 0.02734375
0 0.8125 0.615625 0.0265625 0.0375
0 0.653125 0.85859375 0.0375 0.05390625
0 0.10859375 0.578125 0.028125 0.03984375
0 0.54375 0.46328125 0.034375 0.05234375
0 0.25859375 0.3125 0.0359375 0.05625
0 0.9140625 0.96015625 0.028125 0.0375
0 0.9640625 0.21875 0.025 0.04375
0 0.39453125 0.48984375 0.0453125 0.0625
0 0.09375 0.696875 0.05 0.05859375
0 0.66484375 0.80625 0.0359375 0.03984375
0 0.896875 0.29140625 0.0484375 0.07109375
0 0.3234375 0.353125 0.0453125 0.06015625
0 0.3921875 0.340625 0.04375 0.04765625
0 0.665625 0.13046875 0.0453125 0.05234375
0 0.32421875 0.16953125 0.025 0.03359375
0 0.96328125 0.21015625 0.025 0.03125
0 0.6625 0.26171875 0.01875 0.02734375
0 0.0078125 0.51171875 0.015625 0.03984375
0 0.27578125 0.29609375 0.0265625 0.03359375
0 0.54375 0.37890625 0.028125 0.04140625
0 0.47109375 0.715625 0.0328125 0.06015625
0 0.53125 0.43984375 0.0375 0.05390625
2 0.4765625 0.8625 0.021875 0.03359375
0 0.76640625 0.86328125 0.04375 0.06015625
0 0.1421875 0.134375 0.0328125 0.03984375