0 0.06328125 0.23359375 0.0328125 0.05390625
0 0.05859375 0.390625 0.028125 0.03359375
0 0.42578125 0.19765625 0.0421875 0.05625
0 0.56796875 0.22421875 0.0421875 0.05234375
0 0.8796875 0.409375 0.034375 0.03984375
0 0.9296875 0.11171875 0.0328125 0.04765625
0 0.66171875 0.32421875 0.0296875 0.03984375
0 0.65859375 0.41875 0.021875 0.03359375
0 0.5625 0.45703125 0.028125 0.04375
0 0.2015625 0.40703125 0.0359375 0.04375
0 0.346875 0.90703125 0.04375 0.05625
0 0.36875 0.50234375 0.0375 0.0375
0 0.4828125 0.49765625 0.025 0.03359375
0 0.66484375 0.67265625 0.0296875 0.0375
0 0.74609375 0.65078125 0.0265625 0.03984375
0 0.71875 0.5 0.0296875 0.04375
0 0.82578125 0.39375 0.0234375 0.03125
0 0.853125 0.48046875 0.0296875 0.03359375
0 0.8578125 0.42578125 0.0359375 0.05390625
0 0.61171875 0.09375 0.0265625 0.03359375
0 0.8453125 0.40546875 0.0203125 0.025
0 0.90078125 0.90390625 0.0328125 0.04609375
0 0.97890625 0.78984375 0.0234375 0.04140625
0 0.8203125 0.728125 0.028125 0.02734375
0 0.8609375 0.56484375 0.0265625 0.0375
0 0.70234375 0.85078125 0.03125 0.04765625
0 0.1640625 0.565625 0.028125 0.03984375
0 0.546875 0.46328125 0.034375 0.05234375
0 0.31015625 0.23671875 0.0390625 0.05625
0 0.33984375 0.43203125 0.0421875 0.05
0 0.721875 0.378125 0.0203125 0.02734375
0 0.04296875 0.52265625 0.0203125 0.02890625
0 0.81953125 0.684375 0.0359375 0.05
0 0.97578125 0.3 0.0234375 0.03984375
0 0.32265625 0.90078125 0.040625 0.05
0 0.0765625 0.9828125 0.0375 0.034375
0 0.19296875 0.01484375 0.0421875 0.02890625
0 0.021875 0.58125 0.0375 0.07109375
0 0.4859375 0.99375 0.021875 0.0125
0 0.71953125 0.17890625 0.01875 0.02734375
0 0.02109375 0.48046875 0.0421875 0.06015625
0 0.340625 0.23046875 0.0296875 0.0375
0 0.54375 0.37890625 0.028125 0.04140625
0 0.47109375 0.715625 0.0328125 0.06015625
0 0.534375 0.43984375 0.0375 0.05390625
2 0.4765625 0.8625 0.021875 0.03359375