0 0.06171875 0.234375 0.034375 0.05625
0 0.0578125 0.390625 0.028125 0.03359375
0 0.43828125 0.18828125 0.0421875 0.06015625
0 0.5671875 0.22421875 0.0421875 0.05234375
0 0.8953125 0.39765625 0.034375 0.03984375
0 0.92890625 0.11171875 0.0328125 0.04765625
0 0.66171875 0.32421875 0.0296875 0.03984375
0 0.659375 0.421875 0.021875 0.03359375
0 0.56171875 0.45859375 0.028125 0.04375
0 0.2015625 0.40625 0.0359375 0.04375
0 0.34375 0.903125 0.04375 0.05625
0 0.3953125 0.49609375 0.0375 0.0375
0 0.47265625 0.48828125 0.025 0.03515625
0 0.66484375 0.67265625 0.0296875 0.0375
0 0.74609375 0.65078125 0.0265625 0.03984375
0 0.7203125 0.50234375 0.0296875 0.04375
0 0.82578125 0.39140625 0.0234375 0.03125
0 0.853125 0.48046875 0.0296875 0.03359375
0 0.85703125 0.425 0.0359375 0.05390625
0 0.61171875 0.09375 0.0265625 0.03359375
0 0.8390625 0.41640625 0.01875 0.025
0 0.90078125 0.90703125 0.0328125 0.04609375
0 0.97890625 0.78984375 0.0234375 0.04140625
0 0.8203125 0.728125 0.028125 0.02734375
0 0.86015625 0.56484375 0.0265625 0.0375
0 0.7015625 0.85078125 0.03125 0.04765625
0 0.1640625 0.565625 0.028125 0.03984375
0 0.546875 0.46328125 0.034375 0.05234375
0 0.31015625 0.2375 0.0390625 0.05625
0 0.3609375 0.45 0.046875 0.05390625
0 0.7140625 0.34765625 0.021875 0.02734375
0 0.02734375 0.53828125 0.021875 0.03125
0 0.77890625 0.67890625 0.0359375 0.0375
0 0.965625 0.98515625 0.0375 0.02890625
0 0.971875 0.32421875 0.0265625 0.03984375
0 0.29140625 0.89453125 0.040625 0.05
0 0.10234375 0.975 0.0484375 0.05
0 0.165625 0.021875 0.0484375 0.04375
0 0.034375 0.54453125 0.0421875 0.06875
0 0.48671875 0.99453125 0.0203125 0.01015625
0 0.71875 0.17890625 0.01875 0.02734375
0 0.02109375 0.48046875 0.0421875 0.06015625
0 0.33984375 0.23125 0.0296875 0.0375
0 0.54375 0.37890625 0.028125 0.04140625
0 0.47109375 0.715625 0.0328125 0.06015625
0 0.534375 0.43984375 0.0375 0.05390625
2 0.4765625 0.8625 0.021875 0.03359375