0 0.059375 0.23515625 0.034375 0.05625
0 0.05703125 0.39140625 0.028125 0.03359375
0 0.440625 0.17109375 0.04375 0.06640625
0 0.56640625 0.225 0.04375 0.05
0 0.93046875 0.41796875 0.0359375 0.03984375
0 0.92734375 0.11171875 0.0328125 0.04765625
0 0.6609375 0.32421875 0.0296875 0.03984375
0 0.65859375 0.42578125 0.021875 0.03359375
0 0.5609375 0.459375 0.028125 0.04375
0 0.2 0.40546875 0.0359375 0.04375
0 0.3390625 0.9125 0.04375 0.05625
0 0.40390625 0.425 0.0390625 0.04609375
0 0.46953125 0.45703125 0.03125 0.04375
0 0.66484375 0.67265625 0.0296875 0.0375
0 0.74609375 0.65078125 0.0265625 0.03984375
0 0.721875 0.50234375 0.034375 0.04765625
0 0.81171875 0.38828125 0.0328125 0.04140625
0 0.85234375 0.48125 0.0296875 0.03359375
0 0.85625 0.425 0.0359375 0.05390625
0 0.61171875 0.09296875 0.0265625 0.03359375
0 0.8421875 0.43125 0.0203125 0.03359375
0 0.90078125 0.9125 0.0328125 0.04609375
0 0.978125 0.78984375 0.0234375 0.04140625
0 0.8203125 0.72734375 0.028125 0.02734375
0 0.85859375 0.56796875 0.0265625 0.0375
0 0.70078125 0.85078125 0.03125 0.04765625
0 0.1625 0.565625 0.028125 0.03984375
0 0.546875 0.46328125 0.034375 0.05234375
0 0.30859375 0.23828125 0.0375 0.05625
0 0.396875 0.46328125 0.0421875 0.05
0 0.72578125 0.2875 0.0203125 0.02734375
0 0.0125 0.59453125 0.021875 0.03359375
0 0.75625 0.64140625 0.03125 0.04375
0 0.92109375 0.95390625 0.0375 0.05390625
0 0.97109375 0.38671875 0.0296875 0.05234375
0 0.2296875 0.89296875 0.040625 0.05
0 0.12734375 0.93203125 0.0421875 0.04609375
0 0.10703125 0.05 0.046875 0.05625
0 0.19140625 0.984375 0.0453125 0.03125
0 0.05390625 0.48125 0.04375 0.07109375
0 0.7171875 0.18046875 0.01875 0.02734375
0 0.02109375 0.48125 0.0421875 0.06015625
0 0.3390625 0.23203125 0.0296875 0.0375
0 0.54375 0.37890625 0.028125 0.04140625
0 0.47109375 0.715625 0.0328125 0.06015625
0 0.534375 0.43984375 0.0375 0.05390625
2 0.4765625 0.8625 0.021875 0.03359375