0 0.02109375 0.284375 0.034375 0.05625
0 0.05625 0.390625 0.028125 0.03359375
0 0.54375 0.27421875 0.0421875 0.05625
0 0.896875 0.11171875 0.03125 0.04765625
0 0.65859375 0.34140625 0.0265625 0.03359375
0 0.60390625 0.44375 0.0375 0.04375
0 0.54296875 0.459375 0.0359375 0.04140625
0 0.19296875 0.40546875 0.0359375 0.04375
0 0.34765625 0.9375 0.0390625 0.05390625
0 0.0875 0.03046875 0.0375 0.04765625
0 0.65859375 0.66796875 0.0296875 0.0375
0 0.7453125 0.65 0.0265625 0.03984375
0 0.6359375 0.51640625 0.0390625 0.04765625
0 0.7828125 0.42890625 0.028125 0.03125
0 0.85390625 0.47890625 0.0296875 0.03359375
0 0.82890625 0.45703125 0.040625 0.05390625
0 0.6046875 0.07265625 0.0265625 0.025
0 0.84296875 0.75703125 0.034375 0.03984375
0 0.85546875 0.98203125 0.0328125 0.03515625
0 0.94765625 0.83203125 0.0234375 0.04140625
0 0.8203125 0.72578125 0.028125 0.02734375
0 0.8203125 0.590625 0.0265625 0.0375
0 0.67109375 0.86015625 0.0328125 0.05
0 0.12734375 0.571875 0.028125 0.03984375
0 0.54375 0.46328125 0.034375 0.05234375
0 0.275 0.29140625 0.0359375 0.05625
0 0.3796875 0.02578125 0.0265625 0.03125
0 0.09765625 0.88671875 0.0484375 0.05625
0 0.696875 0.81875 0.046875 0.05625
0 0.97421875 0.20625 0.025 0.04375
0 0.38359375 0.88671875 0.04375 0.0625
0 0.2890625 0.78515625 0.046875 0.06484375
0 0.5140625 0.96328125 0.03125 0.03984375
0 0.75859375 0.7375 0.0515625 0.07890625
0 0.04921875 0.55390625 0.053125 0.05859375
0 0.2078125 0.16484375 0.0484375 0.04765625
0 0.60234375 0.08671875 0.04375 0.05
0 0.4703125 0.02265625 0.0296875 0.0375
0 0.67890625 0.240625 0.01875 0.02734375
0 0.01171875 0.5125 0.0234375 0.05390625
0 0.2890625 0.28359375 0.0265625 0.03359375
0 0.54375 0.37890625 0.028125 0.04140625
0 0.47109375 0.715625 0.0328125 0.06015625
0 0.53203125 0.43984375 0.0375 0.05390625
2 0.4765625 0.8625 0.021875 0.03359375