0 0.0828125 0.21953125 0.03125 0.05390625
0 0.0625 0.37421875 0.0265625 0.03125
0 0.41328125 0.278125 0.034375 0.05625
0 0.8296875 0.2125 0.04375 0.04765625
0 0.5734375 0.21875 0.040625 0.05
0 0.70078125 0.22578125 0.0390625 0.04609375
0 0.965625 0.02890625 0.025 0.02890625
0 0.9390625 0.10703125 0.0328125 0.04765625
0 0.66328125 0.32421875 0.0296875 0.03984375
0 0.66171875 0.38828125 0.0203125 0.03125
0 0.57265625 0.44609375 0.028125 0.04375
0 0.22578125 0.203125 0.0390625 0.05234375
0 0.1671875 0.71171875 0.0296875 0.04140625
0 0.2015625 0.41015625 0.034375 0.03984375
0 0.3296875 0.859375 0.04375 0.05625
0 0.3 0.771875 0.0390625 0.0375
0 0.4703125 0.95078125 0.0375 0.05
0 0.6296875 0.68828125 0.0421875 0.05390625
0 0.66484375 0.67578125 0.0296875 0.0375
0 0.74765625 0.653125 0.0265625 0.03984375
0 0.7234375 0.47734375 0.0265625 0.04375
0 0.73984375 0.67578125 0.0359375 0.0375
0 0.840625 0.37109375 0.028125 0.0375
0 0.85390625 0.478125 0.0296875 0.03359375
0 0.86015625 0.425 0.0359375 0.05390625
0 0.6125 0.09609375 0.0265625 0.03359375
0 0.8328125 0.26328125 0.025 0.03125
0 0.90078125 0.87890625 0.0328125 0.04609375
0 0.98515625 0.9921875 0.0171875 0.015625
0 0.98203125 0.78125 0.0234375 0.04140625
0 0.82109375 0.73125 0.028125 0.02734375
0 0.80859375 0.959375 0.0328125 0.04375
0 0.86953125 0.55859375 0.0265625 0.0375
0 0.6984375 0.846875 0.03125 0.04765625
0 0.1734375 0.56328125 0.028125 0.03984375
0 0.69765625 0.375 0.0421875 0.05859375
0 0.55 0.465625 0.034375 0.05234375
0 0.315625 0.221875 0.028125 0.04140625
0 0.09375 0.52109375 0.0265625 0.03984375
0 0.834375 0.79921875 0.01875 0.02265625
0 0.9171875 0.978125 0.0359375 0.04140625
0 0.046875 0.11640625 0.021875 0.025
0 0.73046875 0.16484375 0.01875 0.02734375
0 0.02421875 0.45546875 0.0453125 0.06015625
0 0.34375 0.209375 0.0296875 0.0375
0 0.54375 0.37890625 0.028125 0.04140625
0 0.47109375 0.715625 0.0328125 0.06015625
0 0.53515625 0.43984375 0.0375 0.05390625
2 0.4765625 0.8625 0.021875 0.03359375