0 0.06796875 0.23046875 0.0328125 0.05390625
0 0.05859375 0.38828125 0.028125 0.03359375
0 0.42109375 0.22578125 0.0390625 0.06015625
0 0.56953125 0.221875 0.040625 0.05
0 0.83203125 0.35859375 0.0328125 0.03984375
0 0.934375 0.11171875 0.0328125 0.04765625
0 0.66328125 0.32421875 0.0296875 0.03984375
0 0.65625 0.41015625 0.021875 0.03359375
0 0.565625 0.45546875 0.028125 0.04375
0 0.2015625 0.40546875 0.034375 0.04140625
0 0.353125 0.89375 0.04375 0.05859375
0 0.35546875 0.58984375 0.034375 0.04375
0 0.48046875 0.97890625 0.0421875 0.0375
0 0.50859375 0.5625 0.028125 0.03359375
0 0.66484375 0.67421875 0.0296875 0.0375
0 0.746875 0.65234375 0.0265625 0.03984375
0 0.71796875 0.49296875 0.0296875 0.04375
0 0.634375 0.9890625 0.0375 0.021875
0 0.83359375 0.384375 0.028125 0.0375
0 0.85390625 0.47890625 0.0296875 0.03359375
0 0.85859375 0.42734375 0.0359375 0.05390625
0 0.61171875 0.09609375 0.0265625 0.03359375
0 0.8484375 0.36484375 0.021875 0.02890625
0 0.90078125 0.89609375 0.0328125 0.04609375
0 0.9796875 0.7875 0.0234375 0.04140625
0 0.8203125 0.72890625 0.028125 0.02734375
0 0.8625 0.565625 0.0265625 0.0375
0 0.703125 0.85078125 0.03125 0.04765625
0 0.1671875 0.565625 0.028125 0.03984375
0 0.546875 0.46328125 0.034375 0.05234375
0 0.31171875 0.234375 0.03125 0.04609375
0 0.259375 0.428125 0.0375 0.05625
0 0.73125 0.51484375 0.01875 0.025
0 0.07421875 0.43125 0.021875 0.03125
0 0.8796875 0.78046875 0.0390625 0.05
0 0.96796875 0.17578125 0.0234375 0.03984375
0 0.4296875 0.95234375 0.040625 0.05
0 0.7203125 0.17578125 0.01875 0.02734375
0 0.021875 0.47421875 0.0421875 0.06015625
0 0.34140625 0.22734375 0.0296875 0.0375
0 0.54375 0.37890625 0.028125 0.04140625
0 0.47109375 0.715625 0.0328125 0.06015625
0 0.534375 0.43984375 0.0375 0.05390625
2 0.4765625 0.8625 0.021875 0.03359375