0 0.10234375 0.209375 0.03125 0.05390625
0 0.06640625 0.359375 0.0265625 0.02890625
0 0.4015625 0.30703125 0.0375 0.04765625
0 0.6171875 0.13125 0.0390625 0.04609375
0 0.58203125 0.20625 0.040625 0.04765625
0 0.63203125 0.10546875 0.028125 0.03515625
0 0.9140625 0.071875 0.0296875 0.03125
0 0.946875 0.10390625 0.0328125 0.04765625
0 0.66328125 0.32421875 0.0296875 0.03984375
0 0.66875 0.37734375 0.021875 0.03359375
0 0.57578125 0.43515625 0.028125 0.04375
0 0.08359375 0.26875 0.04375 0.05234375
0 0.1734375 0.453125 0.028125 0.0375
0 0.203125 0.41015625 0.0328125 0.0375
0 0.3203125 0.86953125 0.04375 0.05625
0 0.1875 0.9125 0.03125 0.03984375
0 0.475 0.90625 0.025 0.03359375
0 0.63984375 0.78671875 0.0421875 0.05390625
0 0.66484375 0.67734375 0.0296875 0.0375
0 0.74765625 0.65 0.0265625 0.03984375
0 0.73125 0.465625 0.0265625 0.0375
0 0.79921875 0.465625 0.0390625 0.05234375
0 0.84609375 0.35625 0.028125 0.0375
0 0.85234375 0.48046875 0.0296875 0.03359375
0 0.86171875 0.42109375 0.0359375 0.05390625
0 0.61796875 0.09453125 0.0265625 0.03359375
0 0.80546875 0.21796875 0.0234375 0.03359375
0 0.909375 0.86640625 0.0328125 0.04609375
0 0.9921875 0.984375 0.015625 0.03125
0 0.9859375 0.77421875 0.0234375 0.04140625
0 0.821875 0.73203125 0.028125 0.02734375
0 0.79609375 0.67890625 0.03125 0.04375
0 0.8765625 0.55078125 0.0265625 0.0375
0 0.70546875 0.84609375 0.03125 0.04765625
0 0.18125 0.56328125 0.028125 0.03984375
0 0.63046875 0.66484375 0.0421875 0.05859375
0 0.5515625 0.465625 0.034375 0.05234375
0 0.31953125 0.20859375 0.028125 0.04140625
0 0.74140625 0.14609375 0.01875 0.02734375
0 0.02578125 0.43828125 0.0453125 0.06015625
0 0.353125 0.19921875 0.0296875 0.0375
0 0.54375 0.37890625 0.028125 0.04140625
0 0.47109375 0.715625 0.0328125 0.06015625
0 0.5359375 0.43984375 0.0375 0.05390625
2 0.4765625 0.8625 0.021875 0.03359375