0 0.03515625 0.26171875 0.034375 0.05625
0 0.05625 0.38984375 0.028125 0.03359375
0 0.5234375 0.03828125 0.040625 0.05625
0 0.54765625 0.26328125 0.0421875 0.05625
0 0.9046875 0.109375 0.0328125 0.04765625
0 0.66015625 0.33359375 0.0265625 0.03359375
0 0.6265625 0.45859375 0.0375 0.04375
0 0.54453125 0.45703125 0.0359375 0.04140625
0 0.19609375 0.403125 0.0359375 0.04375
0 0.3109375 0.890625 0.0453125 0.06015625
0 0.221875 0.09921875 0.03125 0.03984375
0 0.66015625 0.67109375 0.0296875 0.0375
0 0.7453125 0.65 0.0265625 0.03984375
0 0.67578125 0.54296875 0.0390625 0.04765625
0 0.7953125 0.40859375 0.03125 0.03359375
0 0.85390625 0.47734375 0.0296875 0.02890625
0 0.84140625 0.44921875 0.040625 0.05390625
0 0.6078125 0.07265625 0.0265625 0.025
0 0.8375 0.66953125 0.034375 0.04609375
0 0.86640625 0.9625 0.0328125 0.04609375
0 0.95859375 0.81328125 0.0234375 0.04140625
0 0.8203125 0.72578125 0.028125 0.02734375
0 0.83515625 0.57890625 0.0265625 0.0375
0 0.68125 0.85703125 0.03125 0.04765625
0 0.13828125 0.56640625 0.028125 0.03984375
0 0.54375 0.46328125 0.034375 0.05234375
0 0.28515625 0.27109375 0.0359375 0.05625
0 0.80078125 0.43515625 0.021875 0.02734375
0 0.47109375 0.17265625 0.03125 0.03984375
0 0.309375 0.63515625 0.04375 0.05234375
0 0.853125 0.946875 0.025 0.03515625
0 0.48671875 0.66640625 0.0390625 0.04140625
0 0.81953125 0.78046875 0.028125 0.03984375
0 0.9859375 0.19140625 0.021875 0.04375
0 0.30625 0.97265625 0.05 0.05390625
0 0.0171875 0.02265625 0.0296875 0.04140625
0 0.6953125 0.21953125 0.01875 0.02734375
0 0.0140625 0.50234375 0.028125 0.05859375
0 0.3109375 0.26796875 0.0265625 0.03359375
0 0.54375 0.37890625 0.028125 0.04140625
0 0.47109375 0.715625 0.0328125 0.06015625
0 0.5328125 0.43984375 0.0375 0.05390625
2 0.4765625 0.8625 0.021875 0.03359375