0 0.10234375 0.21328125 0.03125 0.05390625
0 0.065625 0.36171875 0.0265625 0.02890625
0 0.40703125 0.30859375 0.0375 0.05
0 0.646875 0.1375 0.0390625 0.04609375
0 0.58203125 0.20625 0.040625 0.04765625
0 0.653125 0.10703125 0.0359375 0.03984375
0 0.9265625 0.05625 0.028125 0.0375
0 0.9453125 0.10390625 0.0328125 0.04765625
0 0.66328125 0.32421875 0.0296875 0.03984375
0 0.6671875 0.37890625 0.021875 0.03359375
0 0.57578125 0.4375 0.028125 0.04375
0 0.10078125 0.25390625 0.040625 0.05234375
0 0.1828125 0.49140625 0.0265625 0.03515625
0 0.20234375 0.409375 0.0328125 0.0375
0 0.31953125 0.86484375 0.04375 0.05625
0 0.20625 0.884375 0.0390625 0.04375
0 0.47734375 0.92109375 0.0296875 0.03515625
0 0.6234375 0.778125 0.034375 0.04375
0 0.66484375 0.67734375 0.0296875 0.0375
0 0.74765625 0.65078125 0.0265625 0.03984375
0 0.73046875 0.46640625 0.0265625 0.0375
0 0.78984375 0.503125 0.0390625 0.05234375
0 0.84375 0.35859375 0.028125 0.0375
0 0.85234375 0.48046875 0.0296875 0.03359375
0 0.86171875 0.421875 0.0359375 0.05390625
0 0.6171875 0.09453125 0.0265625 0.03359375
0 0.81640625 0.21484375 0.021875 0.02890625
0 0.90859375 0.86875 0.0328125 0.04609375
0 0.9921875 0.98515625 0.015625 0.02890625
0 0.98515625 0.775 0.0234375 0.04140625
0 0.821875 0.73203125 0.028125 0.02734375
0 0.79296875 0.72265625 0.03125 0.04375
0 0.8765625 0.553125 0.0265625 0.0375
0 0.70546875 0.84609375 0.03125 0.04765625
0 0.1796875 0.56328125 0.028125 0.03984375
0 0.653125 0.63125 0.0421875 0.05859375
0 0.5515625 0.465625 0.034375 0.05234375
0 0.31875 0.21171875 0.028125 0.04140625
0 0.99296875 0.84296875 0.0140625 0.02265625
0 0.73984375 0.15078125 0.01875 0.02734375
0 0.02578125 0.44140625 0.0453125 0.06015625
0 0.3515625 0.20078125 0.0296875 0.0375
0 0.54375 0.37890625 0.028125 0.04140625
0 0.47109375 0.715625 0.0328125 0.06015625
0 0.5359375 0.43984375 0.0375 0.05390625
2 0.4765625 0.8625 0.021875 0.03359375