0 0.1015625 0.21875 0.03125 0.05390625
0 0.065625 0.36484375 0.0265625 0.02890625
0 0.40546875 0.29765625 0.0359375 0.05625
0 0.6921875 0.153125 0.0421875 0.04765625
0 0.57890625 0.21015625 0.040625 0.04765625
0 0.66171875 0.14296875 0.0296875 0.03515625
0 0.92734375 0.02890625 0.0265625 0.03515625
0 0.94375 0.10390625 0.0328125 0.04765625
0 0.66328125 0.32421875 0.0296875 0.03984375
0 0.665625 0.38203125 0.021875 0.03359375
0 0.575 0.43984375 0.028125 0.04375
0 0.134375 0.24609375 0.0375 0.04375
0 0.1796875 0.54140625 0.03125 0.04140625
0 0.2015625 0.40703125 0.034375 0.03984375
0 0.3234375 0.86953125 0.04375 0.05625
0 0.240625 0.86484375 0.040625 0.05234375
0 0.46796875 0.93046875 0.0265625 0.03984375
0 0.6296875 0.74609375 0.021875 0.02890625
0 0.66484375 0.67578125 0.0296875 0.0375
0 0.74765625 0.65234375 0.0265625 0.03984375
0 0.72890625 0.46953125 0.0265625 0.0375
0 0.7921875 0.54375 0.0359375 0.04765625
0 0.8453125 0.35859375 0.028125 0.0375
0 0.853125 0.47890625 0.0296875 0.03359375
0 0.8609375 0.421875 0.0359375 0.05390625
0 0.615625 0.09609375 0.0265625 0.03359375
0 0.81640625 0.22578125 0.025 0.03515625
0 0.90703125 0.87265625 0.0328125 0.04609375
0 0.9921875 0.9875 0.015625 0.025
0 0.984375 0.77734375 0.0234375 0.04140625
0 0.82109375 0.73125 0.028125 0.02734375
0 0.7984375 0.78125 0.0328125 0.04375
0 0.87578125 0.55390625 0.0265625 0.0375
0 0.7046875 0.846875 0.03125 0.04765625
0 0.17734375 0.56328125 0.028125 0.03984375
0 0.67734375 0.575 0.0421875 0.05859375
0 0.55078125 0.465625 0.034375 0.05234375
0 0.31796875 0.215625 0.028125 0.04140625
0 0.02734375 0.62265625 0.025 0.03125
0 0.95078125 0.825 0.0203125 0.025
0 0.9921875 0.88203125 0.015625 0.03125
0 0.00546875 0.00625 0.0109375 0.0125
0 0.74296875 0.15546875 0.01875 0.02734375
0 0.02734375 0.44375 0.0453125 0.06015625
0 0.34921875 0.20390625 0.0296875 0.0375
0 0.54375 0.37890625 0.028125 0.04140625
0 0.47109375 0.715625 0.0328125 0.06015625
0 0.5359375 0.43984375 0.0375 0.05390625
2 0.4765625 0.8625 0.021875 0.03359375