0 0.08359375 0.21875 0.03125 0.05390625
0 0.06328125 0.371875 0.0265625 0.02890625
0 0.415625 0.2875 0.034375 0.05625
0 0.80390625 0.19296875 0.04375 0.04765625
0 0.57421875 0.21796875 0.040625 0.05
0 0.6984375 0.209375 0.0328125 0.03515625
0 0.95859375 0.02890625 0.0234375 0.02890625
0 0.93984375 0.10625 0.0328125 0.04765625
0 0.66328125 0.32421875 0.0296875 0.03984375
0 0.6625 0.3875 0.0203125 0.03125
0 0.57265625 0.44375 0.028125 0.04375
0 0.20390625 0.20625 0.04375 0.05859375
0 0.16640625 0.67421875 0.0265625 0.0375
0 0.2015625 0.41171875 0.034375 0.03984375
0 0.32890625 0.853125 0.04375 0.05625
0 0.2984375 0.77578125 0.0375 0.0375
0 0.4703125 0.95 0.0375 0.05
0 0.65 0.70234375 0.040625 0.05390625
0 0.66484375 0.67578125 0.0296875 0.0375
0 0.74765625 0.653125 0.0265625 0.03984375
0 0.7234375 0.47578125 0.0265625 0.04375
0 0.75546875 0.653125 0.0359375 0.04140625
0 0.84375 0.365625 0.028125 0.0375
0 0.85390625 0.47734375 0.0296875 0.03359375
0 0.86015625 0.42421875 0.0359375 0.05390625
0 0.61328125 0.09609375 0.0265625 0.03359375
0 0.82109375 0.2625 0.025 0.03125
0 0.90234375 0.878125 0.0328125 0.04609375
0 0.98671875 0.99140625 0.0171875 0.01640625
0 0.98203125 0.78125 0.0234375 0.04140625
0 0.82109375 0.73125 0.028125 0.02734375
0 0.79453125 0.92890625 0.0328125 0.04375
0 0.8703125 0.55859375 0.0265625 0.0375
0 0.7 0.846875 0.03125 0.04765625
0 0.17421875 0.56328125 0.028125 0.03984375
0 0.71328125 0.41796875 0.0421875 0.05859375
0 0.55078125 0.465625 0.034375 0.05234375
0 0.315625 0.22109375 0.028125 0.04140625
0 0.0890625 0.55546875 0.0390625 0.05
0 0.85859375 0.80390625 0.0203125 0.025
0 0.93125 0.965625 0.028125 0.03515625
0 0.03984375 0.090625 0.021875 0.025
0 0.7328125 0.1625 0.01875 0.02734375
0 0.02421875 0.453125 0.0453125 0.06015625
0 0.34453125 0.20859375 0.0296875 0.0375
0 0.54375 0.37890625 0.028125 0.04140625
0 0.47109375 0.715625 0.0328125 0.06015625
0 0.53515625 0.43984375 0.0375 0.05390625
2 0.4765625 0.8625 0.021875 0.03359375