0 0.01328125 0.290625 0.0265625 0.05625
0 0.05625 0.39140625 0.028125 0.03359375
0 0.52890625 0.27734375 0.0421875 0.05625
0 0.88828125 0.1125 0.028125 0.04140625
0 0.65859375 0.34375 0.0265625 0.03359375
0 0.58671875 0.41171875 0.0375 0.04375
0 0.5421875 0.46171875 0.0359375 0.04140625
0 0.19296875 0.40703125 0.0359375 0.04375
0 0.359375 0.9859375 0.034375 0.028125
0 0.00703125 0.08828125 0.0140625 0.03984375
0 0.65859375 0.66640625 0.0296875 0.0375
0 0.74609375 0.65078125 0.0265625 0.03984375
0 0.6046875 0.48203125 0.0390625 0.04609375
0 0.778125 0.43828125 0.03125 0.03359375
0 0.85546875 0.48125 0.0296875 0.03359375
0 0.82578125 0.46796875 0.040625 0.05390625
0 0.60078125 0.075 0.0265625 0.025
0 0.82734375 0.825 0.025 0.03984375
0 0.8453125 0.990625 0.0328125 0.01875
0 0.9390625 0.84375 0.0234375 0.04140625
0 0.8203125 0.72578125 0.028125 0.02734375
0 0.815625 0.6 0.0265625 0.0375
0 0.65390625 0.859375 0.0375 0.05390625
0 0.109375 0.578125 0.028125 0.03984375
0 0.54375 0.46328125 0.034375 0.05234375
0 0.26015625 0.303125 0.0359375 0.05625
0 0.84609375 0.90546875 0.0375 0.04609375
0 0.9625 0.21328125 0.025 0.04375
0 0.38671875 0.61171875 0.0453125 0.0625
0 0.1640625 0.71875 0.04375 0.05859375
0 0.60859375 0.8375 0.0359375 0.03984375
0 0.8546875 0.4375 0.0484375 0.07265625
0 0.2640625 0.46875 0.0453125 0.0625
0 0.33125 0.28515625 0.0421875 0.04765625
0 0.63984375 0.13359375 0.034375 0.04609375
0 0.3671875 0.11015625 0.025 0.03984375
0 0.97578125 0.11875 0.028125 0.04140625
0 0.665625 0.25546875 0.01875 0.02734375
0 0.0078125 0.51015625 0.015625 0.04140625
0 0.27734375 0.29375 0.0265625 0.03359375
0 0.54375 0.37890625 0.028125 0.04140625
0 0.47109375 0.715625 0.0328125 0.06015625
0 0.53125 0.43984375 0.0375 0.05390625
2 0.4765625 0.8625 0.021875 0.03359375
0 0.7140625 0.95546875 0.0390625 0.06015625
0 0.07421875 0.10390625 0.0421875 0.05859375