0 0.02890625 0.26796875 0.034375 0.05625
0 0.05625 0.390625 0.028125 0.03359375
0 0.534375 0.02578125 0.040625 0.0515625
0 0.54765625 0.27109375 0.0421875 0.05625
0 0.90234375 0.11015625 0.0328125 0.04765625
0 0.66015625 0.3375 0.0265625 0.03359375
0 0.61875 0.45859375 0.0375 0.04375
0 0.54375 0.45859375 0.0359375 0.04140625
0 0.19453125 0.403125 0.0359375 0.04375
0 0.31796875 0.89453125 0.0453125 0.06015625
0 0.17734375 0.05859375 0.0390625 0.04609375
0 0.65859375 0.66875 0.0296875 0.0375
0 0.7453125 0.65 0.0265625 0.03984375
0 0.66015625 0.534375 0.0390625 0.04765625
0 0.7734375 0.40859375 0.03125 0.03359375
0 0.85390625 0.47890625 0.0296875 0.03359375
0 0.840625 0.45078125 0.040625 0.05390625
0 0.60625 0.07265625 0.0265625 0.025
0 0.84375 0.69765625 0.0296875 0.03984375
0 0.8609375 0.97109375 0.0328125 0.04609375
0 0.95546875 0.821875 0.0234375 0.04140625
0 0.8203125 0.72578125 0.028125 0.02734375
0 0.825 0.58046875 0.0265625 0.0375
0 0.6765625 0.859375 0.03125 0.04765625
0 0.134375 0.56875 0.028125 0.03984375
0 0.54375 0.46328125 0.034375 0.05234375
0 0.28203125 0.27734375 0.0359375 0.05625
0 0.87109375 0.45703125 0.0203125 0.02734375
0 0.42734375 0.109375 0.0421875 0.06015625
0 0.196875 0.66484375 0.0453125 0.05390625
0 0.575 0.74140625 0.046875 0.05625
0 0.87421875 0.9 0.025 0.03515625
0 0.98046875 0.19609375 0.025 0.04375
0 0.3546875 0.92421875 0.046875 0.06875
0 0.0859375 0.065625 0.0453125 0.05234375
0 0.5484375 0.05234375 0.0390625 0.04765625
0 0.68828125 0.22734375 0.01875 0.02734375
0 0.01328125 0.50625 0.0265625 0.05390625
0 0.303125 0.275 0.0265625 0.03359375
0 0.54375 0.37890625 0.028125 0.04140625
0 0.47109375 0.715625 0.0328125 0.06015625
0 0.5328125 0.43984375 0.0375 0.05390625
2 0.4765625 0.8625 0.021875 0.03359375