0 0.0640625 0.23203125 0.0328125 0.05390625
0 0.05859375 0.38984375 0.028125 0.03359375
0 0.4265625 0.20546875 0.040625 0.06484375
0 0.56796875 0.22421875 0.0421875 0.05234375
0 0.85859375 0.39765625 0.034375 0.03984375
0 0.93125 0.11171875 0.0328125 0.04765625
0 0.6625 0.32421875 0.0296875 0.03984375
0 0.6578125 0.41484375 0.021875 0.03359375
0 0.56328125 0.45703125 0.028125 0.04375
0 0.20234375 0.40703125 0.0359375 0.04375
0 0.3453125 0.909375 0.04375 0.05625
0 0.36640625 0.51796875 0.0296875 0.03515625
0 0.49296875 0.51171875 0.0265625 0.03125
0 0.66484375 0.67421875 0.0296875 0.0375
0 0.74609375 0.65078125 0.0265625 0.03984375
0 0.71796875 0.49765625 0.0296875 0.04375
0 0.828125 0.39453125 0.025 0.03359375
0 0.853125 0.48046875 0.0296875 0.03359375
0 0.8578125 0.42578125 0.0359375 0.05390625
0 0.61171875 0.09453125 0.0265625 0.03359375
0 0.8359375 0.39765625 0.021875 0.02890625
0 0.90078125 0.90234375 0.0328125 0.04609375
0 0.97890625 0.78984375 0.0234375 0.04140625
0 0.8203125 0.728125 0.028125 0.02734375
0 0.8609375 0.56484375 0.0265625 0.0375
0 0.70234375 0.85078125 0.03125 0.04765625
0 0.16484375 0.565625 0.028125 0.03984375
0 0.546875 0.46328125 0.034375 0.05234375
0 0.3109375 0.23515625 0.0359375 0.05234375
0 0.32890625 0.44375 0.0453125 0.05859375
0 0.70859375 0.41640625 0.025 0.03515625
0 0.0609375 0.50078125 0.021875 0.03125
0 0.82265625 0.70859375 0.0390625 0.04765625
0 0.98359375 0.26640625 0.0234375 0.04140625
0 0.34921875 0.915625 0.040625 0.05
0 0.0171875 0.60546875 0.0328125 0.06640625
0 0.4859375 0.99375 0.021875 0.0125
0 0.7203125 0.178125 0.01875 0.02734375
0 0.02109375 0.478125 0.0421875 0.06015625
0 0.340625 0.23046875 0.0296875 0.0375
0 0.54375 0.37890625 0.028125 0.04140625
0 0.47109375 0.715625 0.0328125 0.06015625
0 0.534375 0.43984375 0.0375 0.05390625
2 0.4765625 0.8625 0.021875 0.03359375