0 0.06171875 0.234375 0.034375 0.05625
0 0.0578125 0.390625 0.028125 0.03359375
0 0.44140625 0.18984375 0.0421875 0.0625
0 0.5671875 0.22421875 0.0421875 0.05234375
0 0.903125 0.40390625 0.034375 0.04140625
0 0.92890625 0.11171875 0.0328125 0.04765625
0 0.66171875 0.32421875 0.0296875 0.03984375
0 0.659375 0.421875 0.021875 0.03359375
0 0.56171875 0.45859375 0.028125 0.04375
0 0.20078125 0.40625 0.0359375 0.04375
0 0.34296875 0.90546875 0.04375 0.05625
0 0.3921875 0.48515625 0.0375 0.0375
0 0.46875 0.4875 0.025 0.03515625
0 0.66484375 0.67265625 0.0296875 0.0375
0 0.74609375 0.65078125 0.0265625 0.03984375
0 0.72109375 0.503125 0.0296875 0.04375
0 0.82578125 0.39140625 0.0234375 0.03125
0 0.853125 0.48046875 0.0296875 0.03359375
0 0.85703125 0.425 0.0359375 0.05390625
0 0.61171875 0.09375 0.0265625 0.03359375
0 0.83671875 0.42109375 0.01875 0.02734375
0 0.90078125 0.90859375 0.0328125 0.04609375
0 0.978125 0.78984375 0.0234375 0.04140625
0 0.8203125 0.728125 0.028125 0.02734375
0 0.86015625 0.56484375 0.0265625 0.0375
0 0.7015625 0.85078125 0.03125 0.04765625
0 0.1640625 0.565625 0.028125 0.03984375
0 0.546875 0.46328125 0.034375 0.05234375
0 0.309375 0.2375 0.0390625 0.05625
0 0.36015625 0.43828125 0.0421875 0.05390625
0 0.7140625 0.340625 0.021875 0.02734375
0 0.03046875 0.55234375 0.021875 0.03125
0 0.78359375 0.67265625 0.0375 0.04765625
0 0.95703125 0.984375 0.0484375 0.02734375
0 0.9609375 0.33671875 0.0265625 0.0375
0 0.28359375 0.890625 0.04375 0.05234375
0 0.10703125 0.96953125 0.0484375 0.05625
0 0.159375 0.028125 0.046875 0.05625
0 0.03671875 0.53359375 0.0421875 0.06640625
0 0.71875 0.17890625 0.01875 0.02734375
0 0.02109375 0.48046875 0.0421875 0.06015625
0 0.33984375 0.23125 0.0296875 0.0375
0 0.54375 0.37890625 0.028125 0.04140625
0 0.47109375 0.715625 0.0328125 0.06015625
0 0.534375 0.43984375 0.0375 0.05390625
2 0.4765625 0.8625 0.021875 0.03359375