0 0.0359375 0.26015625 0.034375 0.05625
0 0.05625 0.38984375 0.028125 0.03359375
0 0.52578125 0.04375 0.040625 0.05625
0 0.54765625 0.26171875 0.0421875 0.05625
0 0.90546875 0.10859375 0.0328125 0.04765625
0 0.66015625 0.33359375 0.0265625 0.03359375
0 0.62890625 0.45703125 0.0375 0.04375
0 0.54453125 0.45703125 0.0359375 0.04140625
0 0.19609375 0.403125 0.0359375 0.04375
0 0.3046875 0.89296875 0.0453125 0.06015625
0 0.22734375 0.12109375 0.0234375 0.02734375
0 0.66015625 0.67109375 0.0296875 0.0375
0 0.7453125 0.65 0.0265625 0.03984375
0 0.678125 0.54140625 0.0390625 0.04765625
0 0.7953125 0.40703125 0.03125 0.03359375
0 0.85390625 0.47890625 0.0296875 0.03359375
0 0.8421875 0.44921875 0.040625 0.05390625
0 0.6078125 0.07265625 0.0265625 0.025
0 0.84921875 0.659375 0.034375 0.04140625
0 0.86875 0.96171875 0.0328125 0.04609375
0 0.959375 0.81171875 0.0234375 0.04140625
0 0.8203125 0.72578125 0.028125 0.02734375
0 0.8359375 0.57890625 0.0265625 0.0375
0 0.68203125 0.85703125 0.03125 0.04765625
0 0.1390625 0.56640625 0.028125 0.03984375
0 0.54375 0.46328125 0.034375 0.05234375
0 0.28515625 0.26953125 0.0359375 0.05625
0 0.76953125 0.41640625 0.021875 0.02734375
0 0.47734375 0.17421875 0.0359375 0.04609375
0 0.32890625 0.64921875 0.0421875 0.05234375
0 0.871875 0.93671875 0.025 0.03515625
0 0.4734375 0.684375 0.040625 0.06015625
0 0.8 0.746875 0.028125 0.03984375
0 0.98359375 0.30859375 0.0328125 0.05
0 0.98671875 0.190625 0.021875 0.04375
0 0.30390625 0.984375 0.0484375 0.03125
0 0.0078125 0.015625 0.015625 0.03125
0 0.696875 0.21796875 0.01875 0.02734375
0 0.01484375 0.50234375 0.0296875 0.05859375
0 0.3125 0.26640625 0.0265625 0.03359375
0 0.54375 0.37890625 0.028125 0.04140625
0 0.47109375 0.715625 0.0328125 0.06015625
0 0.5328125 0.43984375 0.0375 0.05390625
2 0.4765625 0.8625 0.021875 0.03359375