0 0.01796875 0.28828125 0.0328125 0.05625
0 0.05625 0.390625 0.028125 0.03359375
0 0.53515625 0.27578125 0.0421875 0.05625
0 0.89296875 0.1125 0.0296875 0.04609375
0 0.65859375 0.34375 0.0265625 0.03359375
0 0.5984375 0.43203125 0.0375 0.04375
0 0.5421875 0.46015625 0.0359375 0.04140625
0 0.19296875 0.40625 0.0359375 0.04375
0 0.3609375 0.96796875 0.0390625 0.05390625
0 0.04296875 0.04140625 0.0328125 0.0375
0 0.65859375 0.66796875 0.0296875 0.0375
0 0.74609375 0.65078125 0.0265625 0.03984375
0 0.62421875 0.50859375 0.0390625 0.04765625
0 0.7796875 0.43125 0.03125 0.03359375
0 0.8546875 0.478125 0.0296875 0.03359375
0 0.8265625 0.46015625 0.040625 0.05390625
0 0.60390625 0.07265625 0.0265625 0.025
0 0.828125 0.77734375 0.034375 0.04609375
0 0.85078125 0.9859375 0.0328125 0.028125
0 0.94375 0.83671875 0.0234375 0.04140625
0 0.8203125 0.72578125 0.028125 0.02734375
0 0.81796875 0.59375 0.0265625 0.0375
0 0.66015625 0.8625 0.0375 0.05390625
0 0.1203125 0.57421875 0.028125 0.03984375
0 0.54375 0.46328125 0.034375 0.05234375
0 0.26875 0.296875 0.0359375 0.05625
0 0.08828125 0.9875 0.0265625 0.025
0 0.76015625 0.846875 0.0328125 0.03984375
0 0.96953125 0.21015625 0.025 0.04375
0 0.38515625 0.76015625 0.0390625 0.0625
0 0.23828125 0.76484375 0.04375 0.05859375
0 0.54921875 0.903125 0.0359375 0.05234375
0 0.80390625 0.61484375 0.0484375 0.07265625
0 0.146875 0.58203125 0.053125 0.05859375
0 0.25859375 0.21484375 0.0484375 0.04765625
0 0.6140625 0.11015625 0.034375 0.05
0 0.4203125 0.04921875 0.025 0.03515625
0 0.5515625 0.0125 0.0375 0.025
0 0.6734375 0.24453125 0.01875 0.02734375
0 0.009375 0.50703125 0.01875 0.04140625
0 0.28359375 0.2875 0.0265625 0.03359375
0 0.54375 0.37890625 0.028125 0.04140625
0 0.47109375 0.715625 0.0328125 0.06015625
0 0.53203125 0.43984375 0.0375 0.05390625
2 0.4765625 0.8625 0.021875 0.03359375