0 0.0296875 0.26640625 0.034375 0.05625
0 0.05625 0.390625 0.028125 0.03359375
0 0.534375 0.028125 0.040625 0.05625
0 0.54765625 0.27109375 0.0421875 0.05625
0 0.903125 0.11015625 0.0328125 0.04765625
0 0.66015625 0.33671875 0.0265625 0.03359375
0 0.61953125 0.45859375 0.0375 0.04375
0 0.54375 0.45859375 0.0359375 0.04140625
0 0.1953125 0.403125 0.0359375 0.04375
0 0.31796875 0.89296875 0.0453125 0.06015625
0 0.18125 0.05078125 0.040625 0.04765625
0 0.65859375 0.66875 0.0296875 0.0375
0 0.7453125 0.65 0.0265625 0.03984375
0 0.66171875 0.53515625 0.0390625 0.04765625
0 0.778125 0.41484375 0.03125 0.03359375
0 0.85390625 0.47890625 0.0296875 0.03359375
0 0.840625 0.45078125 0.040625 0.05390625
0 0.60703125 0.07265625 0.0265625 0.025
0 0.84921875 0.69140625 0.034375 0.03515625
0 0.86171875 0.96953125 0.0328125 0.04609375
0 0.95546875 0.821875 0.0234375 0.04140625
0 0.8203125 0.72578125 0.028125 0.02734375
0 0.82578125 0.57890625 0.0265625 0.0375
0 0.6765625 0.85859375 0.03125 0.04765625
0 0.134375 0.56875 0.028125 0.03984375
0 0.54375 0.46328125 0.034375 0.05234375
0 0.28203125 0.27578125 0.0359375 0.05625
0 0.853125 0.45703125 0.021875 0.02734375
0 0.43203125 0.11015625 0.0328125 0.04765625
0 0.21328125 0.67734375 0.046875 0.05625
0 0.5671875 0.73515625 0.046875 0.05625
0 0.865625 0.89140625 0.0265625 0.03515625
0 0.98125 0.19609375 0.025 0.04375
0 0.35390625 0.93046875 0.053125 0.0625
0 0.07890625 0.06171875 0.0453125 0.05234375
0 0.5453125 0.046875 0.0375 0.04609375
0 0.6890625 0.22578125 0.01875 0.02734375
0 0.01328125 0.50546875 0.0265625 0.05390625
0 0.3046875 0.27421875 0.0265625 0.03359375
0 0.54375 0.37890625 0.028125 0.04140625
0 0.47109375 0.715625 0.0328125 0.06015625
0 0.5328125 0.43984375 0.0375 0.05390625
2 0.4765625 0.8625 0.021875 0.03359375