0 0.01328125 0.29375 0.0265625 0.05625
0 0.05625 0.39140625 0.028125 0.03359375
0 0.52734375 0.278125 0.0421875 0.05625
0 0.88828125 0.11171875 0.028125 0.04140625
0 0.65703125 0.34375 0.0265625 0.03359375
0 0.5859375 0.40234375 0.0375 0.04375
0 0.54140625 0.46171875 0.0359375 0.04140625
0 0.19375 0.40703125 0.0359375 0.04375
0 0.659375 0.66796875 0.0296875 0.0375
0 0.74609375 0.65078125 0.0265625 0.03984375
0 0.596875 0.475 0.0390625 0.04609375
0 0.77734375 0.43984375 0.03125 0.03359375
0 0.85546875 0.48125 0.0296875 0.03359375
0 0.8234375 0.46875 0.040625 0.05390625
0 0.60078125 0.075 0.0265625 0.025
0 0.8296875 0.85078125 0.0203125 0.02890625
0 0.9375 0.846875 0.0234375 0.04140625
0 0.8203125 0.72578125 0.028125 0.02734375
0 0.81328125 0.6125 0.0265625 0.0375
0 0.653125 0.85859375 0.0375 0.05390625
0 0.10859375 0.578125 0.028125 0.03984375
0 0.54375 0.46328125 0.034375 0.05234375
0 0.259375 0.309375 0.0359375 0.05625
0 0.8796875 0.96796875 0.034375 0.04375
0 0.9640625 0.21640625 0.025 0.04375
0 0.39609375 0.53046875 0.046875 0.0625
0 0.11953125 0.70546875 0.04375 0.05859375
0 0.63984375 0.81171875 0.0359375 0.03984375
0 0.88046875 0.35390625 0.0484375 0.06640625
0 0.31328125 0.396875 0.0453125 0.05859375
0 0.36796875 0.31875 0.04375 0.04765625
0 0.6609375 0.13671875 0.046875 0.05625
0 0.33671875 0.13984375 0.025 0.03984375
0 0.9765625 0.184375 0.028125 0.03359375
0 0.6625 0.26015625 0.01875 0.02734375
0 0.0078125 0.51015625 0.015625 0.04140625
0 0.27578125 0.29609375 0.0265625 0.03359375
0 0.54375 0.37890625 0.028125 0.04140625
0 0.47109375 0.715625 0.0328125 0.06015625
0 0.53125 0.43984375 0.0375 0.05390625
2 0.4765625 0.8625 0.021875 0.03359375
0 0.75859375 0.89765625 0.04375 0.06015625
0 0.11875 0.13515625 0.0359375 0.04765625