0 0.5 0.73203125 0.0328125 0.03515625
0 0.0734375 0.83203125 0.0328125 0.04765625
0 0.8484375 0.38046875 0.028125 0.03984375
0 0.2984375 0.26171875 0.0328125 0.04609375
0 0.721875 0.37890625 0.0328125 0.04609375
0 0.91953125 0.57578125 0.03125 0.03125
0 0.853125 0.78984375 0.0375 0.04375
0 0.17890625 0.71328125 0.0328125 0.05
0 0.3609375 0.196875 0.0359375 0.05859375
0 0.02265625 0.146875 0.0265625 0.03515625
0 0.2375 0.02421875 0.028125 0.03984375
0 0.83984375 0.225 0.034375 0.04140625
0 0.98671875 0.86484375 0.0171875 0.0375
0 0.98359375 0.26953125 0.0296875 0.05