0 0.50234375 0.73203125 0.0328125 0.03515625
0 0.07578125 0.834375 0.0328125 0.04765625
0 0.7484375 0.65 0.0375 0.04765625
0 0.46796875 0.39375 0.0328125 0.04609375
0 0.70390625 0.64140625 0.0265625 0.0375
0 0.6875 0.37109375 0.0328125 0.04609375
0 0.91875 0.578125 0.03125 0.03125
0 0.1859375 0.03984375 0.0328125 0.03515625
0 0.85546875 0.790625 0.0375 0.04375
0 0.18125 0.71796875 0.034375 0.05390625
0 0.3546875 0.18828125 0.0359375 0.05859375
0 0.0328125 0.028125 0.03125 0.03125
0 0.89140625 0.01171875 0.0359375 0.02265625