0 0.50234375 0.734375 0.0328125 0.03515625
0 0.07578125 0.834375 0.0328125 0.04765625
0 0.759375 0.76796875 0.0375 0.04765625
0 0.45234375 0.35234375 0.03125 0.05234375
0 0.6359375 0.596875 0.0265625 0.0375
0 0.68671875 0.35703125 0.0328125 0.04609375
0 0.91875 0.578125 0.03125 0.03125
0 0.18671875 0.04609375 0.034375 0.0375
0 0.85625 0.790625 0.0375 0.04375
0 0.9875 0.6875 0.025 0.04765625
0 0.18125 0.71875 0.034375 0.05390625
0 0.35390625 0.1875 0.0359375 0.05859375
0 0.95625 0.01328125 0.0375 0.0265625