0 0.5015625 0.73203125 0.0328125 0.03515625
0 0.075 0.83359375 0.0328125 0.04765625
0 0.82578125 0.49921875 0.0375 0.04765625
0 0.43828125 0.25625 0.0328125 0.04609375
0 0.8625 0.80546875 0.0265625 0.0375
0 0.709375 0.37578125 0.0328125 0.04609375
0 0.91875 0.57734375 0.03125 0.03125
0 0.8546875 0.790625 0.0375 0.04375
0 0.18046875 0.71640625 0.0328125 0.05234375
0 0.35703125 0.19140625 0.0359375 0.05859375
0 0.1328125 0.19453125 0.0265625 0.03515625
0 0.20234375 0.021875 0.0296875 0.03125
0 0.740625 0.015625 0.0296875 0.02890625
0 0.796875 0.91953125 0.0296875 0.03984375