0 0.49765625 0.73125 0.0328125 0.0375
0 0.071875 0.83203125 0.0328125 0.04765625
0 0.290625 0.25546875 0.0328125 0.04609375
0 0.70625 0.38125 0.0328125 0.04609375
0 0.91875 0.57109375 0.03125 0.03125
0 0.8484375 0.7875 0.0375 0.04375
0 0.17734375 0.71484375 0.03125 0.04765625
0 0.38359375 0.23125 0.0359375 0.05859375
0 0.17734375 0.13125 0.0328125 0.04140625
0 0.81484375 0.87890625 0.0375 0.04609375
0 0.4921875 0.415625 0.0328125 0.0375
0 0.48046875 0.13515625 0.034375 0.04140625
0 0.17734375 0.13828125 0.0328125 0.04609375