0 0.50078125 0.73203125 0.0328125 0.03515625
0 0.07421875 0.83359375 0.0328125 0.04765625
0 0.73984375 0.378125 0.0265625 0.04375
0 0.36640625 0.2375 0.0328125 0.04609375
0 0.97578125 0.93828125 0.0265625 0.0375
0 0.72578125 0.39375 0.0328125 0.04609375
0 0.91953125 0.57578125 0.03125 0.03125
0 0.85390625 0.78984375 0.0375 0.04375
0 0.1796875 0.71484375 0.0328125 0.05
0 0.35859375 0.19375 0.0359375 0.05859375
0 0.17890625 0.21171875 0.0265625 0.03515625
0 0.21796875 0.06015625 0.0296875 0.0375
0 0.73203125 0.1375 0.034375 0.04140625