0 0.5015625 0.73203125 0.0328125 0.03515625
0 0.075 0.83359375 0.0328125 0.04765625
0 0.8171875 0.52265625 0.0375 0.04765625
0 0.44296875 0.27265625 0.0328125 0.04609375
0 0.84609375 0.75390625 0.0265625 0.0375
0 0.70703125 0.37421875 0.0328125 0.04609375
0 0.91875 0.57734375 0.03125 0.03125
0 0.8546875 0.790625 0.0375 0.04375
0 0.18046875 0.71640625 0.0328125 0.05234375
0 0.35703125 0.19140625 0.0359375 0.05859375
0 0.1015625 0.18359375 0.0265625 0.03515625
0 0.20390625 0.01640625 0.0296875 0.03125
0 0.81328125 0.95625 0.028125 0.03515625
0 0.98515625 0.3125 0.0265625 0.04140625