0 0.49765625 0.73125 0.0328125 0.0375
0 0.071875 0.83203125 0.0328125 0.04765625
0 0.28515625 0.26328125 0.0328125 0.04609375
0 0.709375 0.384375 0.0328125 0.04609375
0 0.91875 0.57109375 0.03125 0.03125
0 0.8484375 0.7875 0.0375 0.04375
0 0.17734375 0.71484375 0.03125 0.04765625
0 0.384375 0.23203125 0.0359375 0.05859375
0 0.19296875 0.12265625 0.0328125 0.04140625
0 0.825 0.88046875 0.0375 0.04609375
0 0.50078125 0.43984375 0.0328125 0.0375
0 0.47734375 0.13359375 0.034375 0.04140625
0 0.1921875 0.13125 0.034375 0.04765625