0 0.49765625 0.73046875 0.0328125 0.03984375
0 0.07265625 0.83359375 0.0328125 0.04765625
0 0.30546875 0.26171875 0.0328125 0.04609375
0 0.73046875 0.35078125 0.0328125 0.04609375
0 0.9171875 0.56953125 0.03125 0.03125
0 0.846875 0.78671875 0.0375 0.04375
0 0.1765625 0.715625 0.03125 0.04765625
0 0.4015625 0.25625 0.0390625 0.05859375
0 0.78984375 0.965625 0.0328125 0.0375
0 0.3171875 0.06015625 0.0359375 0.04140625
0 0.88828125 0.18359375 0.0390625 0.05
0 0.4359375 0.01796875 0.0390625 0.03515625