0 0.49765625 0.73125 0.0328125 0.0375
0 0.071875 0.83203125 0.0328125 0.04765625
0 0.30078125 0.290625 0.0328125 0.04609375
0 0.721875 0.396875 0.0328125 0.04609375
0 0.91875 0.57109375 0.03125 0.03125
0 0.8484375 0.7875 0.0375 0.04375
0 0.17734375 0.71484375 0.03125 0.04765625
0 0.3875 0.23671875 0.0375 0.05859375
0 0.23203125 0.08671875 0.0328125 0.04140625
0 0.89453125 0.896875 0.0375 0.04609375
0 0.54140625 0.51484375 0.0328125 0.0375
0 0.4453125 0.12109375 0.034375 0.04140625
0 0.23671875 0.0875 0.034375 0.05
0 0.953125 0.015625 0.0359375 0.03125