0 0.49765625 0.73125 0.0328125 0.0375
0 0.071875 0.83203125 0.0328125 0.04765625
0 0.31328125 0.26796875 0.0328125 0.04609375
0 0.73046875 0.4 0.0328125 0.04609375
0 0.91875 0.57109375 0.03125 0.03125
0 0.8484375 0.7875 0.0375 0.04375
0 0.17734375 0.71484375 0.03125 0.04765625
0 0.3890625 0.2375 0.0375 0.05859375
0 0.225 0.06171875 0.0328125 0.04140625
0 0.940625 0.90390625 0.0375 0.04609375
0 0.5515625 0.54140625 0.0328125 0.0375
0 0.4203125 0.1 0.034375 0.04140625
0 0.23046875 0.06328125 0.034375 0.05
0 0.98125 0.040625 0.0359375 0.03125