0 0.49765625 0.73125 0.0328125 0.0375
0 0.071875 0.83203125 0.0328125 0.04765625
0 0.3453125 0.24140625 0.0328125 0.04609375
0 0.74453125 0.40546875 0.0328125 0.04609375
0 0.91875 0.57109375 0.03125 0.03125
0 0.84765625 0.7875 0.0375 0.04375
0 0.17734375 0.71484375 0.03125 0.04765625
0 0.3921875 0.24140625 0.0375 0.05859375
0 0.18515625 0.02109375 0.0328125 0.03515625
0 0.9046875 0.8375 0.0375 0.04609375
0 0.58671875 0.59296875 0.0328125 0.0375
0 0.38046875 0.07578125 0.034375 0.04140625
0 0.18359375 0.02109375 0.0328125 0.04140625