0 0.49765625 0.73125 0.0328125 0.0375
0 0.071875 0.83359375 0.0328125 0.04765625
0 0.2453125 0.309375 0.0328125 0.04609375
0 0.765625 0.39609375 0.0328125 0.04609375
0 0.91796875 0.56953125 0.03125 0.03125
0 0.84765625 0.78671875 0.0375 0.04375
0 0.1765625 0.71484375 0.03125 0.04765625
0 0.3953125 0.25625 0.0375 0.05859375
0 0.7265625 0.753125 0.0328125 0.0375
0 0.2421875 0.0375 0.03125 0.0375
0 0.36171875 0.14296875 0.0390625 0.04609375
0 0.98984375 0.9796875 0.0203125 0.040625
0 0.95 0.81015625 0.03125 0.05