0 0.5015625 0.73203125 0.0328125 0.03515625
0 0.075 0.83359375 0.0328125 0.04765625
0 0.8296875 0.48828125 0.0375 0.04765625
0 0.43515625 0.25 0.0328125 0.04609375
0 0.88359375 0.81640625 0.0265625 0.0375
0 0.71015625 0.37734375 0.0328125 0.04609375
0 0.91875 0.57734375 0.03125 0.03125
0 0.8546875 0.790625 0.0375 0.04375
0 0.1796875 0.715625 0.0328125 0.05234375
0 0.3578125 0.19296875 0.0359375 0.05859375
0 0.15546875 0.19921875 0.0265625 0.03515625
0 0.20078125 0.02109375 0.0296875 0.03125
0 0.7328125 0.021875 0.03125 0.03359375
0 0.79921875 0.909375 0.0296875 0.04140625