0 0.50078125 0.73203125 0.0328125 0.03515625
0 0.07421875 0.83359375 0.0328125 0.04765625
0 0.7578125 0.396875 0.0359375 0.04609375
0 0.38203125 0.22890625 0.0328125 0.04609375
0 0.95546875 0.921875 0.0265625 0.0375
0 0.71953125 0.3875 0.0328125 0.04609375
0 0.91953125 0.57578125 0.03125 0.03125
0 0.85390625 0.78984375 0.0375 0.04375
0 0.1796875 0.71484375 0.0328125 0.05
0 0.35859375 0.19375 0.0359375 0.05859375
0 0.20390625 0.203125 0.0265625 0.03515625
0 0.21171875 0.04609375 0.0296875 0.03125
0 0.725 0.1125 0.034375 0.03984375
0 0.92109375 0.984375 0.0265625 0.03125