0 0.49765625 0.73125 0.0328125 0.0375
0 0.071875 0.83359375 0.0328125 0.04765625
0 0.24609375 0.31015625 0.0328125 0.04609375
0 0.765625 0.39453125 0.0328125 0.04609375
0 0.91796875 0.56953125 0.03125 0.03125
0 0.84765625 0.78671875 0.0375 0.04375
0 0.1765625 0.71484375 0.03125 0.04765625
0 0.3953125 0.25625 0.0375 0.05859375
0 0.728125 0.75703125 0.0328125 0.0375
0 0.24296875 0.0375 0.03125 0.0375
0 0.36484375 0.14375 0.0390625 0.04609375
0 0.98984375 0.97890625 0.0203125 0.04140625
0 0.9453125 0.80625 0.03125 0.05