0 0.5 0.73203125 0.0328125 0.03515625
0 0.0734375 0.83203125 0.0328125 0.04765625
0 0.8375 0.37890625 0.028125 0.03984375
0 0.3046875 0.25703125 0.0328125 0.04609375
0 0.72265625 0.37890625 0.0328125 0.04609375
0 0.91953125 0.57578125 0.03125 0.03125
0 0.853125 0.78984375 0.0375 0.04375
0 0.17890625 0.71328125 0.0328125 0.05
0 0.36015625 0.19609375 0.0359375 0.05859375
0 0.03828125 0.15234375 0.0265625 0.03515625
0 0.23828125 0.02265625 0.0296875 0.0375
0 0.8296875 0.221875 0.034375 0.04140625
0 0.99296875 0.87734375 0.0140625 0.03515625
0 0.98515625 0.27578125 0.0296875 0.05