0 0.49765625 0.73125 0.0328125 0.0375
0 0.071875 0.83359375 0.0328125 0.04765625
0 0.25859375 0.34296875 0.0328125 0.04609375
0 0.7625 0.38671875 0.0328125 0.04609375
0 0.91796875 0.56953125 0.03125 0.03125
0 0.84765625 0.78671875 0.0375 0.04375
0 0.1765625 0.71484375 0.03125 0.04765625
0 0.396875 0.25625 0.0375 0.05859375
0 0.73828125 0.80234375 0.0328125 0.0375
0 0.2609375 0.04609375 0.0328125 0.03984375
0 0.87578125 0.03515625 0.0359375 0.04375
0 0.415625 0.14609375 0.0390625 0.0375
0 0.97265625 0.93515625 0.0328125 0.04609375
0 0.93203125 0.80390625 0.03125 0.05