0 0.49765625 0.73046875 0.0328125 0.03984375
0 0.07265625 0.83359375 0.0328125 0.04765625
0 0.31796875 0.29140625 0.0328125 0.04609375
0 0.6984375 0.37578125 0.0328125 0.04609375
0 0.9171875 0.56953125 0.03125 0.03125
0 0.846875 0.78671875 0.0375 0.04375
0 0.17265625 0.71328125 0.0328125 0.04765625
0 0.409375 0.271875 0.0359375 0.05859375
0 0.290625 0.07734375 0.034375 0.04765625
0 0.3453125 0.16171875 0.0359375 0.04609375
0 0.6546875 0.253125 0.0390625 0.05
0 0.0109375 0.01640625 0.021875 0.025