0 0.49765625 0.73125 0.0328125 0.0375
0 0.071875 0.83359375 0.0328125 0.04765625
0 0.26640625 0.36640625 0.0328125 0.04609375
0 0.759375 0.38359375 0.0328125 0.04609375
0 0.91796875 0.56953125 0.03125 0.03125
0 0.84765625 0.78671875 0.0375 0.04375
0 0.1765625 0.71484375 0.03125 0.04765625
0 0.396875 0.25625 0.0375 0.05859375
0 0.7390625 0.821875 0.0328125 0.0375
0 0.26484375 0.04609375 0.034375 0.04140625
0 0.86640625 0.053125 0.0359375 0.04375
0 0.43671875 0.14453125 0.0390625 0.0375
0 0.97734375 0.95390625 0.0328125 0.04609375
0 0.90859375 0.84140625 0.03125 0.05