0 0.49765625 0.73125 0.0328125 0.0375
0 0.071875 0.83359375 0.0328125 0.04765625
0 0.25390625 0.33203125 0.0328125 0.04609375
0 0.7640625 0.38828125 0.0328125 0.04609375
0 0.91796875 0.56953125 0.03125 0.03125
0 0.84765625 0.78671875 0.0375 0.04375
0 0.1765625 0.71484375 0.03125 0.04765625
0 0.39609375 0.25625 0.0375 0.05859375
0 0.73671875 0.790625 0.0328125 0.0375
0 0.25859375 0.04609375 0.03125 0.0375
0 0.88203125 0.02421875 0.0359375 0.04375
0 0.403125 0.146875 0.0390625 0.0375
0 0.9796875 0.93828125 0.021875 0.04375
0 0.915625 0.78828125 0.03125 0.05