0 0.49765625 0.73125 0.0328125 0.0375
0 0.071875 0.83359375 0.0328125 0.04765625
0 0.2578125 0.340625 0.0328125 0.04609375
0 0.7625 0.3875 0.0328125 0.04609375
0 0.91796875 0.56953125 0.03125 0.03125
0 0.84765625 0.78671875 0.0375 0.04375
0 0.1765625 0.71484375 0.03125 0.04765625
0 0.39609375 0.25625 0.0375 0.05859375
0 0.7375 0.8 0.0328125 0.0375
0 0.2609375 0.04609375 0.0328125 0.0375
0 0.87734375 0.03359375 0.0359375 0.04375
0 0.41328125 0.146875 0.0390625 0.0375
0 0.971875 0.93359375 0.0328125 0.04609375
0 0.928125 0.80234375 0.03125 0.05