0 0.49765625 0.73046875 0.0328125 0.03984375
0 0.07265625 0.83359375 0.0328125 0.04765625
0 0.3015625 0.30078125 0.0328125 0.04609375
0 0.74921875 0.37109375 0.0328125 0.04609375
0 0.9171875 0.56953125 0.03125 0.03125
0 0.846875 0.78671875 0.0375 0.04375
0 0.1765625 0.715625 0.03125 0.04765625
0 0.3984375 0.25625 0.0375 0.05859375
0 0.74140625 0.88203125 0.0328125 0.0375
0 0.28828125 0.06875 0.0359375 0.04140625
0 0.85234375 0.13203125 0.0359375 0.04375
0 0.48515625 0.10234375 0.0421875 0.04609375
0 0.884375 0.9625 0.03125 0.05