0 0.49765625 0.73125 0.0328125 0.0375
0 0.071875 0.83359375 0.0328125 0.04765625
0 0.27421875 0.321875 0.0328125 0.04609375
0 0.75546875 0.378125 0.0328125 0.04609375
0 0.91796875 0.56953125 0.03125 0.03125
0 0.846875 0.78671875 0.0375 0.04375
0 0.1765625 0.715625 0.03125 0.04765625
0 0.39765625 0.25625 0.0375 0.05859375
0 0.73984375 0.83984375 0.0328125 0.0375
0 0.27265625 0.05078125 0.0359375 0.04140625
0 0.85546875 0.07890625 0.0359375 0.04375
0 0.4609375 0.13671875 0.0421875 0.04609375
0 0.89453125 0.88828125 0.03125 0.05