0 0.49765625 0.73125 0.0328125 0.0375
0 0.071875 0.83359375 0.0328125 0.04765625
0 0.2671875 0.36171875 0.0328125 0.04609375
0 0.75859375 0.38203125 0.0328125 0.04609375
0 0.91796875 0.56953125 0.03125 0.03125
0 0.84765625 0.78671875 0.0375 0.04375
0 0.1765625 0.715625 0.03125 0.04765625
0 0.396875 0.25625 0.0375 0.05859375
0 0.73984375 0.82421875 0.0328125 0.0375
0 0.265625 0.04609375 0.0359375 0.04140625
0 0.865625 0.05625 0.0359375 0.04375
0 0.4390625 0.14453125 0.0390625 0.0375
0 0.97734375 0.95625 0.0328125 0.04609375
0 0.9078125 0.846875 0.03125 0.05