0 0.49765625 0.73125 0.0328125 0.0375
0 0.071875 0.83359375 0.0328125 0.04765625
0 0.24765625 0.32109375 0.0328125 0.04609375
0 0.76640625 0.39140625 0.0328125 0.04609375
0 0.91796875 0.56953125 0.03125 0.03125
0 0.84765625 0.78671875 0.0375 0.04375
0 0.1765625 0.71484375 0.03125 0.04765625
0 0.39609375 0.25625 0.0375 0.05859375
0 0.73515625 0.778125 0.0328125 0.0375
0 0.2515625 0.04296875 0.03125 0.0375
0 0.88828125 0.015625 0.034375 0.02890625
0 0.384375 0.14921875 0.0390625 0.0375
0 0.9890625 0.96328125 0.021875 0.04375
0 0.9203125 0.77578125 0.03125 0.05