0 0.49765625 0.73125 0.0328125 0.0375
0 0.071875 0.83125 0.0328125 0.04765625
0 0.36171875 0.25625 0.0328125 0.04609375
0 0.6828125 0.36953125 0.0328125 0.04609375
0 0.91953125 0.57109375 0.03125 0.03125
0 0.8484375 0.7875 0.0375 0.04375
0 0.17734375 0.71328125 0.03125 0.04765625
0 0.37734375 0.225 0.0359375 0.05859375
0 0.0328125 0.13984375 0.028125 0.04140625
0 0.79765625 0.87578125 0.0375 0.04609375
0 0.409375 0.315625 0.0328125 0.0375
0 0.45546875 0.08359375 0.034375 0.04140625
0 0.03515625 0.1375 0.03125 0.05390625