0 0.5015625 0.73203125 0.0328125 0.03515625
0 0.075 0.83359375 0.0328125 0.04765625
0 0.825 0.5 0.0375 0.04765625
0 0.4390625 0.25703125 0.0328125 0.04609375
0 0.85859375 0.8 0.0265625 0.0375
0 0.70859375 0.37578125 0.0328125 0.04609375
0 0.91875 0.57734375 0.03125 0.03125
0 0.8546875 0.790625 0.0375 0.04375
0 0.18046875 0.71640625 0.0328125 0.05234375
0 0.35703125 0.19140625 0.0359375 0.05859375
0 0.12890625 0.19453125 0.0265625 0.03515625
0 0.20234375 0.021875 0.0296875 0.03125
0 0.74140625 0.01484375 0.0296875 0.02890625
0 0.7984375 0.92421875 0.028125 0.03984375
0 0.9921875 0.29375 0.015625 0.03359375