0 0.49765625 0.73125 0.0328125 0.0375
0 0.071875 0.83203125 0.0328125 0.04765625
0 0.2953125 0.29296875 0.0328125 0.04609375
0 0.71875 0.39453125 0.0328125 0.04609375
0 0.91875 0.57109375 0.03125 0.03125
0 0.8484375 0.7875 0.0375 0.04375
0 0.17734375 0.71484375 0.03125 0.04765625
0 0.38671875 0.23515625 0.0375 0.05859375
0 0.23515625 0.09609375 0.0328125 0.04140625
0 0.8765625 0.89140625 0.0375 0.04609375
0 0.53359375 0.49609375 0.0328125 0.0375
0 0.4546875 0.12578125 0.034375 0.04140625
0 0.2328125 0.09609375 0.034375 0.05
0 0.93515625 0.015625 0.0359375 0.03125