0 0.5015625 0.73203125 0.0328125 0.03515625
0 0.075 0.83359375 0.0328125 0.04765625
0 0.8234375 0.50390625 0.0375 0.04765625
0 0.43984375 0.26015625 0.0328125 0.04609375
0 0.85625 0.79296875 0.0265625 0.0375
0 0.70859375 0.37578125 0.0328125 0.04609375
0 0.91875 0.57734375 0.03125 0.03125
0 0.8546875 0.790625 0.0375 0.04375
0 0.18046875 0.71640625 0.0328125 0.05234375
0 0.35703125 0.19140625 0.0359375 0.05859375
0 0.1234375 0.19296875 0.0265625 0.03515625
0 0.20234375 0.02109375 0.0296875 0.03125
0 0.74765625 0.01328125 0.0296875 0.0265625
0 0.8 0.93125 0.028125 0.0375
0 0.98203125 0.29375 0.0265625 0.04140625