0 0.49765625 0.73046875 0.0328125 0.03984375
0 0.07265625 0.83359375 0.0328125 0.04765625
0 0.32109375 0.28359375 0.0328125 0.04609375
0 0.74375 0.36015625 0.0328125 0.04609375
0 0.9171875 0.56953125 0.03125 0.03125
0 0.846875 0.78671875 0.0375 0.04375
0 0.1765625 0.715625 0.03125 0.04765625
0 0.4 0.25625 0.0390625 0.05859375
0 0.75859375 0.925 0.0328125 0.0375
0 0.31328125 0.10390625 0.0359375 0.04140625
0 0.8859375 0.18515625 0.0359375 0.04375
0 0.47890625 0.05625 0.0421875 0.04609375
0 0.04375 0.00859375 0.028125 0.01640625