0 0.50078125 0.73203125 0.0328125 0.03515625
0 0.07421875 0.83359375 0.0328125 0.04765625
0 0.7859375 0.43515625 0.0375 0.04765625
0 0.4015625 0.221875 0.0328125 0.04609375
0 0.940625 0.88359375 0.0265625 0.0375
0 0.7140625 0.38046875 0.0328125 0.04609375
0 0.91875 0.57734375 0.03125 0.03125
0 0.8546875 0.78984375 0.0375 0.04375
0 0.1796875 0.715625 0.0328125 0.05234375
0 0.35859375 0.19375 0.0359375 0.05859375
0 0.23671875 0.21953125 0.0265625 0.03515625
0 0.1984375 0.025 0.0296875 0.03125
0 0.7203125 0.08125 0.0328125 0.03515625
0 0.8859375 0.95390625 0.0296875 0.04140625