0 0.49765625 0.73125 0.0328125 0.0375
0 0.071875 0.83203125 0.0328125 0.04765625
0 0.3390625 0.24765625 0.0328125 0.04609375
0 0.68828125 0.37421875 0.0328125 0.04609375
0 0.91875 0.57109375 0.03125 0.03125
0 0.8484375 0.7875 0.0375 0.04375
0 0.17734375 0.71328125 0.03125 0.04765625
0 0.378125 0.22578125 0.0359375 0.05859375
0 0.075 0.14609375 0.028125 0.04140625
0 0.77109375 0.85625 0.0375 0.04609375
0 0.43046875 0.33203125 0.0328125 0.0375
0 0.46875 0.10625 0.034375 0.04140625
0 0.06953125 0.14921875 0.0328125 0.04609375