0 0.49765625 0.73125 0.0328125 0.0375
0 0.071875 0.83359375 0.0328125 0.04765625
0 0.25546875 0.33671875 0.0328125 0.04609375
0 0.76328125 0.3875 0.0328125 0.04609375
0 0.91796875 0.56953125 0.03125 0.03125
0 0.84765625 0.78671875 0.0375 0.04375
0 0.1765625 0.71484375 0.03125 0.04765625
0 0.39609375 0.25625 0.0375 0.05859375
0 0.7375 0.79453125 0.0328125 0.0375
0 0.26015625 0.04609375 0.03125 0.0375
0 0.8796875 0.028125 0.0359375 0.04375
0 0.40859375 0.146875 0.0390625 0.0375
0 0.97265625 0.93515625 0.0328125 0.04609375
0 0.92109375 0.79765625 0.03125 0.05