0 0.49765625 0.73046875 0.0328125 0.03984375
0 0.07265625 0.83359375 0.0328125 0.04765625
0 0.33203125 0.26640625 0.0328125 0.04609375
0 0.73671875 0.35546875 0.0328125 0.04609375
0 0.9171875 0.56953125 0.03125 0.03125
0 0.846875 0.78671875 0.0375 0.04375
0 0.1765625 0.715625 0.03125 0.04765625
0 0.40078125 0.25625 0.0390625 0.05859375
0 0.77421875 0.94921875 0.0328125 0.0375
0 0.3234375 0.08671875 0.034375 0.05234375
0 0.91484375 0.21015625 0.0390625 0.05
0 0.45390625 0.03125 0.0421875 0.04609375