0 0.49765625 0.73125 0.0328125 0.0375
0 0.071875 0.83203125 0.0328125 0.04765625
0 0.30625 0.28125 0.0328125 0.04609375
0 0.72578125 0.39765625 0.0328125 0.04609375
0 0.91875 0.57109375 0.03125 0.03125
0 0.8484375 0.7875 0.0375 0.04375
0 0.17734375 0.71484375 0.03125 0.04765625
0 0.3875 0.23671875 0.0375 0.05859375
0 0.22890625 0.07578125 0.0328125 0.04140625
0 0.9140625 0.9 0.0375 0.04609375
0 0.5484375 0.53046875 0.0328125 0.0375
0 0.43515625 0.1125 0.034375 0.04140625
0 0.2375 0.08046875 0.034375 0.05
0 0.96953125 0.028125 0.0359375 0.03125