0 0.49765625 0.73125 0.0328125 0.0375
0 0.071875 0.83203125 0.0328125 0.04765625
0 0.3265625 0.25546875 0.0328125 0.04609375
0 0.73671875 0.40234375 0.0328125 0.04609375
0 0.91875 0.57109375 0.03125 0.03125
0 0.84765625 0.7875 0.0375 0.04375
0 0.17734375 0.71484375 0.03125 0.04765625
0 0.38984375 0.23984375 0.0375 0.05859375
0 0.215625 0.04296875 0.0328125 0.04140625
0 0.94765625 0.89296875 0.0375 0.04609375
0 0.5703125 0.56640625 0.0328125 0.0375
0 0.40078125 0.08125 0.034375 0.04140625
0 0.2125 0.0375 0.034375 0.05