0 0.5015625 0.73203125 0.0328125 0.03515625
0 0.075 0.83359375 0.0328125 0.04765625
0 0.828125 0.48203125 0.0375 0.04765625
0 0.42421875 0.2375 0.0328125 0.04609375
0 0.903125 0.83125 0.0265625 0.0375
0 0.71171875 0.378125 0.0328125 0.04609375
0 0.91875 0.57734375 0.03125 0.03125
0 0.8546875 0.78984375 0.0375 0.04375
0 0.1796875 0.715625 0.0328125 0.05234375
0 0.3578125 0.19296875 0.0359375 0.05859375
0 0.1796875 0.21875 0.0265625 0.03515625
0 0.2 0.02109375 0.0296875 0.03125
0 0.721875 0.04140625 0.0328125 0.03515625
0 0.82421875 0.92890625 0.0296875 0.04140625