0 0.49765625 0.73125 0.0328125 0.0375
0 0.071875 0.83203125 0.0328125 0.04765625
0 0.3078125 0.23671875 0.0328125 0.04609375
0 0.6984375 0.38125 0.0328125 0.04609375
0 0.91875 0.57109375 0.03125 0.03125
0 0.8484375 0.7875 0.0375 0.04375
0 0.17734375 0.71328125 0.03125 0.04765625
0 0.38125 0.22890625 0.0359375 0.05859375
0 0.13515625 0.14609375 0.03125 0.04140625
0 0.80078125 0.88515625 0.0375 0.04609375
0 0.46796875 0.35703125 0.0328125 0.0375
0 0.4875 0.140625 0.034375 0.04140625
0 0.12890625 0.15078125 0.0328125 0.04609375