0 0.49765625 0.73125 0.0328125 0.0375
0 0.071875 0.83203125 0.0328125 0.04765625
0 0.34140625 0.24921875 0.0328125 0.04609375
0 0.68828125 0.37421875 0.0328125 0.04609375
0 0.91875 0.57109375 0.03125 0.03125
0 0.8484375 0.7875 0.0375 0.04375
0 0.17734375 0.71328125 0.03125 0.04765625
0 0.378125 0.22578125 0.0359375 0.05859375
0 0.07109375 0.14453125 0.028125 0.04140625
0 0.77265625 0.85859375 0.0375 0.04609375
0 0.42890625 0.33046875 0.0328125 0.0375
0 0.46796875 0.10390625 0.034375 0.04140625
0 0.0671875 0.14765625 0.0328125 0.04609375