0 0.49765625 0.73125 0.0328125 0.0375
0 0.071875 0.83203125 0.0328125 0.04765625
0 0.28828125 0.259375 0.0328125 0.04609375
0 0.7078125 0.38203125 0.0328125 0.04609375
0 0.91875 0.57109375 0.03125 0.03125
0 0.8484375 0.7875 0.0375 0.04375
0 0.17734375 0.71484375 0.03125 0.04765625
0 0.38359375 0.23203125 0.0359375 0.05859375
0 0.18515625 0.12734375 0.0328125 0.04140625
0 0.81953125 0.88046875 0.0375 0.04609375
0 0.49609375 0.42890625 0.0328125 0.0375
0 0.47890625 0.134375 0.034375 0.04140625
0 0.18515625 0.13515625 0.0328125 0.04765625