0 0.50078125 0.73203125 0.0328125 0.03515625
0 0.07421875 0.83203125 0.0328125 0.04765625
0 0.78046875 0.37734375 0.028125 0.03984375
0 0.3265625 0.24453125 0.0328125 0.04609375
0 0.72421875 0.384375 0.0328125 0.04609375
0 0.91953125 0.57578125 0.03125 0.03125
0 0.85390625 0.78984375 0.0375 0.04375
0 0.17890625 0.71328125 0.0328125 0.05
0 0.36015625 0.19609375 0.0359375 0.05859375
0 0.0859375 0.16796875 0.0265625 0.03515625
0 0.23125 0.05703125 0.0296875 0.0375
0 0.79765625 0.21015625 0.034375 0.04140625