0 0.49765625 0.73125 0.0328125 0.0375
0 0.071875 0.83359375 0.0328125 0.04765625
0 0.2453125 0.30625 0.0328125 0.04609375
0 0.76484375 0.396875 0.0328125 0.04609375
0 0.91796875 0.56953125 0.03125 0.03125
0 0.84765625 0.78671875 0.0375 0.04375
0 0.1765625 0.71484375 0.03125 0.04765625
0 0.3953125 0.25546875 0.0375 0.05859375
0 0.72265625 0.74296875 0.0328125 0.0375
0 0.24140625 0.03515625 0.0296875 0.03359375
0 0.35546875 0.14140625 0.0390625 0.04609375
0 0.990625 0.98125 0.01875 0.0375
0 0.95859375 0.81796875 0.03125 0.05