0 0.49765625 0.73046875 0.0328125 0.03984375
0 0.07265625 0.83359375 0.0328125 0.04765625
0 0.3 0.30234375 0.0328125 0.04609375
0 0.75 0.37109375 0.0328125 0.04609375
0 0.9171875 0.56953125 0.03125 0.03125
0 0.846875 0.78671875 0.0375 0.04375
0 0.1765625 0.715625 0.03125 0.04765625
0 0.3984375 0.25625 0.0375 0.05859375
0 0.74140625 0.88046875 0.0328125 0.0375
0 0.28671875 0.06640625 0.0359375 0.04140625
0 0.85078125 0.13046875 0.0359375 0.04375
0 0.48515625 0.10546875 0.0421875 0.04609375
0 0.88359375 0.95859375 0.03125 0.05