0 0.49765625 0.73125 0.0328125 0.0375
0 0.071875 0.83203125 0.0328125 0.04765625
0 0.32265625 0.24140625 0.0328125 0.04609375
0 0.69375 0.378125 0.0328125 0.04609375
0 0.91875 0.57109375 0.03125 0.03125
0 0.8484375 0.7875 0.0375 0.04375
0 0.17734375 0.71328125 0.03125 0.04765625
0 0.3796875 0.228125 0.0359375 0.05859375
0 0.10625 0.14609375 0.0296875 0.04140625
0 0.7859375 0.88515625 0.0375 0.04609375
0 0.45390625 0.35234375 0.0328125 0.0375
0 0.48125 0.128125 0.034375 0.04140625
0 0.1 0.15390625 0.0328125 0.04609375