0 0.50078125 0.73203125 0.0328125 0.03515625
0 0.07421875 0.83359375 0.0328125 0.04765625
0 0.77421875 0.41796875 0.0359375 0.04609375
0 0.39140625 0.21640625 0.0328125 0.04609375
0 0.95 0.90078125 0.0265625 0.0375
0 0.71640625 0.38203125 0.0328125 0.04609375
0 0.91953125 0.57578125 0.03125 0.03125
0 0.8546875 0.78984375 0.0375 0.04375
0 0.1796875 0.715625 0.0328125 0.05234375
0 0.35859375 0.19375 0.0359375 0.05859375
0 0.2203125 0.20546875 0.0265625 0.03515625
0 0.2 0.03203125 0.0296875 0.03125
0 0.721875 0.09609375 0.0328125 0.03515625
0 0.90625 0.96796875 0.028125 0.03984375