0 0.49765625 0.73125 0.0328125 0.0375
0 0.071875 0.83203125 0.0328125 0.04765625
0 0.3125 0.23828125 0.0328125 0.04609375
0 0.696875 0.38125 0.0328125 0.04609375
0 0.91875 0.57109375 0.03125 0.03125
0 0.8484375 0.7875 0.0375 0.04375
0 0.17734375 0.71328125 0.03125 0.04765625
0 0.38046875 0.22890625 0.0359375 0.05859375
0 0.1265625 0.14609375 0.03125 0.04140625
0 0.796875 0.88515625 0.0375 0.04609375
0 0.4578125 0.35234375 0.0328125 0.0375
0 0.4890625 0.14140625 0.034375 0.04140625
0 0.1203125 0.153125 0.0328125 0.04609375