0 0.49765625 0.73125 0.0328125 0.0375
0 0.071875 0.83203125 0.0328125 0.04765625
0 0.28359375 0.265625 0.0328125 0.04609375
0 0.71015625 0.384375 0.0328125 0.04609375
0 0.91875 0.57109375 0.03125 0.03125
0 0.8484375 0.7875 0.0375 0.04375
0 0.17734375 0.71484375 0.03125 0.04765625
0 0.384375 0.23203125 0.0359375 0.05859375
0 0.1953125 0.121875 0.0328125 0.04140625
0 0.8265625 0.88046875 0.0375 0.04609375
0 0.50390625 0.44609375 0.0328125 0.0375
0 0.47734375 0.13359375 0.034375 0.04140625
0 0.1953125 0.13046875 0.034375 0.05