0 0.49765625 0.73125 0.0328125 0.0375
0 0.071875 0.83203125 0.0328125 0.04765625
0 0.3375 0.246875 0.0328125 0.04609375
0 0.6890625 0.375 0.0328125 0.04609375
0 0.91875 0.57109375 0.03125 0.03125
0 0.8484375 0.7875 0.0375 0.04375
0 0.17734375 0.71328125 0.03125 0.04765625
0 0.37890625 0.22578125 0.0359375 0.05859375
0 0.078125 0.14609375 0.028125 0.04140625
0 0.76875 0.85390625 0.0375 0.04609375
0 0.4328125 0.33359375 0.0328125 0.0375
0 0.4703125 0.10859375 0.034375 0.04140625
0 0.07265625 0.15 0.0328125 0.04609375