0 0.49765625 0.73046875 0.0328125 0.03984375
0 0.07265625 0.83359375 0.0328125 0.04765625
0 0.31015625 0.29453125 0.0328125 0.04609375
0 0.74765625 0.36640625 0.0328125 0.04609375
0 0.9171875 0.56953125 0.03125 0.03125
0 0.846875 0.78671875 0.0375 0.04375
0 0.1765625 0.715625 0.03125 0.04765625
0 0.39921875 0.25625 0.0390625 0.05859375
0 0.7453125 0.89609375 0.0328125 0.0375
0 0.3015625 0.078125 0.0359375 0.04140625
0 0.86328125 0.153125 0.0359375 0.04375
0 0.484375 0.084375 0.0421875 0.04609375
0 0.88203125 0.984375 0.0328125 0.02734375
0 0.01953125 0.01953125 0.0234375 0.03125
0 0.01953125 0.01796875 0.0234375 0.03125