0 0.49765625 0.73125 0.0328125 0.0375
0 0.071875 0.83203125 0.0328125 0.04765625
0 0.32109375 0.259375 0.0328125 0.04609375
0 0.734375 0.40078125 0.0328125 0.04609375
0 0.91875 0.57109375 0.03125 0.03125
0 0.8484375 0.7875 0.0375 0.04375
0 0.17734375 0.71484375 0.03125 0.04765625
0 0.38984375 0.23828125 0.0375 0.05859375
0 0.22109375 0.05 0.0328125 0.04140625
0 0.959375 0.90234375 0.0375 0.04609375
0 0.55703125 0.55546875 0.0328125 0.0375
0 0.40859375 0.08828125 0.034375 0.04140625
0 0.2203125 0.04765625 0.034375 0.05
0 0.98203125 0.053125 0.0359375 0.03125