0 0.50078125 0.73203125 0.0328125 0.03515625
0 0.07421875 0.83359375 0.0328125 0.04765625
0 0.76015625 0.4 0.034375 0.04375
0 0.38359375 0.22734375 0.0328125 0.04609375
0 0.9546875 0.91875 0.0265625 0.0375
0 0.71953125 0.38671875 0.0328125 0.04609375
0 0.91953125 0.57578125 0.03125 0.03125
0 0.85390625 0.78984375 0.0375 0.04375
0 0.1796875 0.71484375 0.0328125 0.05
0 0.35859375 0.19375 0.0359375 0.05859375
0 0.20625 0.20234375 0.0265625 0.03515625
0 0.209375 0.04296875 0.0296875 0.03125
0 0.72421875 0.109375 0.0328125 0.0375
0 0.91953125 0.98203125 0.0265625 0.03515625