0 0.49765625 0.73125 0.0328125 0.0375
0 0.071875 0.83359375 0.0328125 0.04765625
0 0.25234375 0.33046875 0.0328125 0.04609375
0 0.76484375 0.38984375 0.0328125 0.04609375
0 0.91796875 0.56953125 0.03125 0.03125
0 0.84765625 0.78671875 0.0375 0.04375
0 0.1765625 0.71484375 0.03125 0.04765625
0 0.39609375 0.25625 0.0375 0.05859375
0 0.73671875 0.7875 0.0328125 0.0375
0 0.25703125 0.04453125 0.03125 0.0375
0 0.8828125 0.02265625 0.0359375 0.04140625
0 0.40078125 0.146875 0.0390625 0.0375
0 0.984375 0.94921875 0.021875 0.04375
0 0.9140625 0.78046875 0.03125 0.05