0 0.49765625 0.73125 0.0328125 0.0375
0 0.071875 0.83359375 0.0328125 0.04765625
0 0.2515625 0.32890625 0.0328125 0.04609375
0 0.76484375 0.38984375 0.0328125 0.04609375
0 0.91796875 0.56953125 0.03125 0.03125
0 0.84765625 0.78671875 0.0375 0.04375
0 0.1765625 0.71484375 0.03125 0.04765625
0 0.39609375 0.25625 0.0375 0.05859375
0 0.73671875 0.78515625 0.0328125 0.0375
0 0.25625 0.04453125 0.03125 0.0375
0 0.884375 0.02109375 0.0359375 0.03984375
0 0.3984375 0.14765625 0.0390625 0.0375
0 0.98515625 0.95234375 0.021875 0.04375
0 0.9125 0.77265625 0.03125 0.05