0 0.50078125 0.73203125 0.0328125 0.03515625
0 0.07421875 0.83359375 0.0328125 0.04765625
0 0.7828125 0.42890625 0.0375 0.04765625
0 0.39765625 0.21875 0.0328125 0.04609375
0 0.94140625 0.89140625 0.0265625 0.0375
0 0.71484375 0.38125 0.0328125 0.04609375
0 0.91875 0.57734375 0.03125 0.03125
0 0.8546875 0.78984375 0.0375 0.04375
0 0.1796875 0.715625 0.0328125 0.05234375
0 0.35859375 0.19375 0.0359375 0.05859375
0 0.23125 0.21328125 0.0265625 0.03515625
0 0.19921875 0.02734375 0.0296875 0.03125
0 0.72109375 0.08515625 0.0328125 0.03515625
0 0.89296875 0.95859375 0.0296875 0.04140625