0 0.49765625 0.73125 0.0328125 0.0375
0 0.071875 0.83359375 0.0328125 0.04765625
0 0.26953125 0.35234375 0.0328125 0.04609375
0 0.7578125 0.38125 0.0328125 0.04609375
0 0.91796875 0.56953125 0.03125 0.03125
0 0.84765625 0.78671875 0.0375 0.04375
0 0.1765625 0.715625 0.03125 0.04765625
0 0.396875 0.25625 0.0375 0.05859375
0 0.73984375 0.82890625 0.0328125 0.0375
0 0.26640625 0.04609375 0.0359375 0.04140625
0 0.86328125 0.06015625 0.0359375 0.04375
0 0.44375 0.14375 0.0390625 0.0375
0 0.9859375 0.95859375 0.028125 0.04140625
0 0.90625 0.85859375 0.03125 0.05