0 0.49765625 0.73125 0.0328125 0.0375
0 0.071875 0.83203125 0.0328125 0.04765625
0 0.3078125 0.27734375 0.0328125 0.04609375
0 0.7265625 0.39921875 0.0328125 0.04609375
0 0.91875 0.57109375 0.03125 0.03125
0 0.8484375 0.7875 0.0375 0.04375
0 0.17734375 0.71484375 0.03125 0.04765625
0 0.38828125 0.2375 0.0375 0.05859375
0 0.228125 0.071875 0.0328125 0.04140625
0 0.92109375 0.90078125 0.0375 0.04609375
0 0.54921875 0.53359375 0.0328125 0.0375
0 0.43046875 0.109375 0.034375 0.04140625
0 0.23671875 0.07734375 0.034375 0.05
0 0.975 0.03125 0.0359375 0.03125