0 0.49765625 0.73125 0.0328125 0.0375
0 0.071875 0.83203125 0.0328125 0.04765625
0 0.3015625 0.28828125 0.0328125 0.04609375
0 0.72265625 0.396875 0.0328125 0.04609375
0 0.91875 0.57109375 0.03125 0.03125
0 0.8484375 0.7875 0.0375 0.04375
0 0.17734375 0.71484375 0.03125 0.04765625
0 0.3875 0.23671875 0.0375 0.05859375
0 0.23125 0.084375 0.0328125 0.04140625
0 0.8984375 0.89765625 0.0375 0.04609375
0 0.54375 0.51875 0.0328125 0.0375
0 0.44296875 0.11875 0.034375 0.04140625
0 0.23671875 0.08671875 0.034375 0.05
0 0.95703125 0.015625 0.0359375 0.03125