0 0.49765625 0.73125 0.0328125 0.0375
0 0.071875 0.83203125 0.0328125 0.04765625
0 0.30078125 0.23984375 0.0328125 0.04609375
0 0.7015625 0.38125 0.0328125 0.04609375
0 0.91875 0.57109375 0.03125 0.03125
0 0.8484375 0.7875 0.0375 0.04375
0 0.17734375 0.71328125 0.03125 0.04765625
0 0.38203125 0.23046875 0.0359375 0.05859375
0 0.1515625 0.14453125 0.0328125 0.04140625
0 0.80390625 0.88203125 0.0375 0.04609375
0 0.4796875 0.37578125 0.0328125 0.0375
0 0.48515625 0.13828125 0.034375 0.04140625
0 0.14609375 0.14765625 0.0328125 0.04609375