0 0.49765625 0.73046875 0.0328125 0.03984375
0 0.07265625 0.83359375 0.0328125 0.04765625
0 0.31796875 0.2875 0.0328125 0.04609375
0 0.7453125 0.3625 0.0328125 0.04609375
0 0.9171875 0.56953125 0.03125 0.03125
0 0.846875 0.78671875 0.0375 0.04375
0 0.1765625 0.715625 0.03125 0.04765625
0 0.4 0.25625 0.0390625 0.05859375
0 0.753125 0.915625 0.0328125 0.0375
0 0.3109375 0.09296875 0.0359375 0.04140625
0 0.8765625 0.171875 0.0359375 0.04375
0 0.48359375 0.065625 0.0421875 0.04609375
0 0.0359375 0.01171875 0.028125 0.02265625
0 0.03515625 0.01015625 0.0234375 0.0203125