0 0.49765625 0.73125 0.0328125 0.0375
0 0.071875 0.83203125 0.0328125 0.04765625
0 0.31796875 0.240625 0.0328125 0.04609375
0 0.6953125 0.37890625 0.0328125 0.04609375
0 0.91875 0.57109375 0.03125 0.03125
0 0.8484375 0.7875 0.0375 0.04375
0 0.17734375 0.71328125 0.03125 0.04765625
0 0.38046875 0.228125 0.0359375 0.05859375
0 0.11484375 0.14609375 0.03125 0.04140625
0 0.790625 0.88515625 0.0375 0.04609375
0 0.4609375 0.35546875 0.0328125 0.0375
0 0.484375 0.134375 0.034375 0.04140625
0 0.10859375 0.15390625 0.0328125 0.04609375