0 0.49765625 0.73125 0.0328125 0.0375
0 0.071875 0.83203125 0.0328125 0.04765625
0 0.29609375 0.24765625 0.0328125 0.04609375
0 0.70390625 0.38125 0.0328125 0.04609375
0 0.91875 0.57109375 0.03125 0.03125
0 0.8484375 0.7875 0.0375 0.04375
0 0.17734375 0.71328125 0.03125 0.04765625
0 0.3828125 0.23125 0.0359375 0.05859375
0 0.16484375 0.1375 0.0328125 0.04140625
0 0.80703125 0.87890625 0.0375 0.04609375
0 0.48515625 0.39140625 0.0328125 0.0375
0 0.4828125 0.13671875 0.034375 0.04140625
0 0.1625 0.14375 0.0328125 0.04609375