0 0.49765625 0.73125 0.0328125 0.0375
0 0.071875 0.83359375 0.0328125 0.04765625
0 0.26171875 0.34765625 0.0328125 0.04609375
0 0.7609375 0.38515625 0.0328125 0.04609375
0 0.91796875 0.56953125 0.03125 0.03125
0 0.84765625 0.78671875 0.0375 0.04375
0 0.1765625 0.71484375 0.03125 0.04765625
0 0.396875 0.25625 0.0375 0.05859375
0 0.73828125 0.809375 0.0328125 0.0375
0 0.2625 0.04609375 0.0328125 0.03984375
0 0.87265625 0.04296875 0.0359375 0.04375
0 0.4234375 0.14609375 0.0390625 0.0375
0 0.975 0.94140625 0.0328125 0.04609375
0 0.92265625 0.81640625 0.03125 0.05