0 0.49765625 0.73125 0.0328125 0.0375
0 0.071875 0.83203125 0.0328125 0.04765625
0 0.29765625 0.24453125 0.0328125 0.04609375
0 0.703125 0.38125 0.0328125 0.04609375
0 0.91875 0.57109375 0.03125 0.03125
0 0.8484375 0.7875 0.0375 0.04375
0 0.17734375 0.71328125 0.03125 0.04765625
0 0.38203125 0.23046875 0.0359375 0.05859375
0 0.159375 0.140625 0.0328125 0.04140625
0 0.80625 0.88046875 0.0375 0.04609375
0 0.4828125 0.38515625 0.0328125 0.0375
0 0.48359375 0.1375 0.034375 0.04140625
0 0.15625 0.14609375 0.0328125 0.04609375