0 0.49765625 0.73125 0.0328125 0.0375
0 0.071875 0.83203125 0.0328125 0.04765625
0 0.3515625 0.2375 0.0328125 0.04609375
0 0.746875 0.40625 0.0328125 0.04609375
0 0.91875 0.57109375 0.03125 0.03125
0 0.84765625 0.7875 0.0375 0.04375
0 0.17734375 0.71484375 0.03125 0.04765625
0 0.3921875 0.24296875 0.0375 0.05859375
0 0.17890625 0.01640625 0.0328125 0.0328125
0 0.91015625 0.85390625 0.0375 0.04609375
0 0.596875 0.6 0.0328125 0.0375
0 0.36875 0.07265625 0.034375 0.04140625
0 0.17109375 0.01328125 0.0296875 0.0265625