0 0.5015625 0.73203125 0.0328125 0.03515625
0 0.075 0.83359375 0.0328125 0.04765625
0 0.83046875 0.48671875 0.0375 0.04765625
0 0.43359375 0.24765625 0.0328125 0.04609375
0 0.88671875 0.81640625 0.0265625 0.0375
0 0.71015625 0.37734375 0.0328125 0.04609375
0 0.91875 0.57734375 0.03125 0.03125
0 0.8546875 0.790625 0.0375 0.04375
0 0.1796875 0.715625 0.0328125 0.05234375
0 0.3578125 0.19296875 0.0359375 0.05859375
0 0.15859375 0.20234375 0.0265625 0.03515625
0 0.20078125 0.02109375 0.0296875 0.03125
0 0.73125 0.02265625 0.0328125 0.03359375
0 0.80234375 0.91171875 0.0296875 0.04140625