0 0.49765625 0.73125 0.0328125 0.0375
0 0.071875 0.83203125 0.0328125 0.04765625
0 0.28125 0.27578125 0.0328125 0.04609375
0 0.71328125 0.38828125 0.0328125 0.04609375
0 0.91875 0.57109375 0.03125 0.03125
0 0.8484375 0.7875 0.0375 0.04375
0 0.17734375 0.71484375 0.03125 0.04765625
0 0.38515625 0.23359375 0.0375 0.05859375
0 0.21328125 0.1125 0.0328125 0.04140625
0 0.8390625 0.88125 0.0375 0.04609375
0 0.52265625 0.46484375 0.0328125 0.0375
0 0.471875 0.13046875 0.034375 0.04140625
0 0.21328125 0.11875 0.034375 0.05