0 0.49765625 0.73046875 0.0328125 0.03984375
0 0.07265625 0.83359375 0.0328125 0.04765625
0 0.30625 0.296875 0.0328125 0.04609375
0 0.7484375 0.36796875 0.0328125 0.04609375
0 0.9171875 0.56953125 0.03125 0.03125
0 0.846875 0.78671875 0.0375 0.04375
0 0.1765625 0.715625 0.03125 0.04765625
0 0.39921875 0.25625 0.0390625 0.05859375
0 0.74375 0.890625 0.0328125 0.0375
0 0.2984375 0.08203125 0.0359375 0.04140625
0 0.85859375 0.14453125 0.0359375 0.04375
0 0.484375 0.09140625 0.0421875 0.04609375
0 0.88125 0.97265625 0.03125 0.05
0 0.01171875 0.015625 0.0234375 0.03125
0 0.01171875 0.01796875 0.0234375 0.03125