0 0.49765625 0.73125 0.0328125 0.0375
0 0.071875 0.83125 0.0328125 0.04765625
0 0.3671875 0.25859375 0.0328125 0.04609375
0 0.68125 0.36875 0.0328125 0.04609375
0 0.91953125 0.57109375 0.03125 0.03125
0 0.8484375 0.7875 0.0375 0.04375
0 0.17734375 0.71328125 0.03125 0.04765625
0 0.37734375 0.225 0.0359375 0.05859375
0 0.025 0.14375 0.0265625 0.04140625
0 0.8046875 0.88046875 0.0375 0.04609375
0 0.4046875 0.31171875 0.0328125 0.0375
0 0.4515625 0.07890625 0.034375 0.04140625
0 0.0265625 0.14296875 0.03125 0.05390625