0 0.49765625 0.73125 0.0328125 0.0375
0 0.071875 0.83203125 0.0328125 0.04765625
0 0.321875 0.25859375 0.0328125 0.04609375
0 0.73515625 0.40078125 0.0328125 0.04609375
0 0.91875 0.57109375 0.03125 0.03125
0 0.8484375 0.7875 0.0375 0.04375
0 0.17734375 0.71484375 0.03125 0.04765625
0 0.38984375 0.23828125 0.0375 0.05859375
0 0.2203125 0.04765625 0.0328125 0.04140625
0 0.95703125 0.89765625 0.0375 0.04609375
0 0.5609375 0.55859375 0.0328125 0.0375
0 0.40625 0.08671875 0.034375 0.04140625
0 0.21875 0.04609375 0.034375 0.05