0 0.5 0.73203125 0.0328125 0.03515625
0 0.0734375 0.83203125 0.0328125 0.04765625
0 0.84453125 0.38046875 0.028125 0.03984375
0 0.30078125 0.259375 0.0328125 0.04609375
0 0.72265625 0.37890625 0.0328125 0.04609375
0 0.91953125 0.57578125 0.03125 0.03125
0 0.853125 0.78984375 0.0375 0.04375
0 0.17890625 0.71328125 0.0328125 0.05
0 0.3609375 0.196875 0.0359375 0.05859375
0 0.02890625 0.14921875 0.0265625 0.03515625
0 0.2375 0.02265625 0.028125 0.0375
0 0.8359375 0.22265625 0.034375 0.04140625
0 0.98984375 0.86875 0.0171875 0.0375
0 0.98515625 0.27109375 0.0296875 0.05