0 0.49765625 0.73125 0.0328125 0.0375
0 0.07265625 0.83359375 0.0328125 0.04765625
0 0.29375 0.30703125 0.0328125 0.04609375
0 0.75078125 0.37265625 0.0328125 0.04609375
0 0.9171875 0.56953125 0.03125 0.03125
0 0.846875 0.78671875 0.0375 0.04375
0 0.1765625 0.715625 0.03125 0.04765625
0 0.3984375 0.25625 0.0375 0.05859375
0 0.7390625 0.87265625 0.0328125 0.0375
0 0.28203125 0.05859375 0.0359375 0.04140625
0 0.84921875 0.11640625 0.0359375 0.04375
0 0.4828125 0.11484375 0.0421875 0.04609375
0 0.88359375 0.93984375 0.03125 0.05