0 0.50078125 0.73203125 0.0328125 0.03515625
0 0.07421875 0.83359375 0.0328125 0.04765625
0 0.725 0.37109375 0.025 0.04140625
0 0.35078125 0.23828125 0.0328125 0.04609375
0 0.99375 0.9875 0.0125 0.02109375
0 0.7265625 0.39140625 0.0328125 0.04609375
0 0.91953125 0.57578125 0.03125 0.03125
0 0.85390625 0.78984375 0.0375 0.04375
0 0.1796875 0.71484375 0.0328125 0.05
0 0.359375 0.19453125 0.0359375 0.05859375
0 0.1328125 0.18671875 0.0265625 0.03515625
0 0.24765625 0.08203125 0.0296875 0.0375
0 0.75625 0.17265625 0.034375 0.04140625