0 0.5015625 0.73203125 0.0328125 0.03515625
0 0.07421875 0.83359375 0.0328125 0.04765625
0 0.80703125 0.484375 0.0375 0.04765625
0 0.41796875 0.23515625 0.0328125 0.04609375
0 0.91328125 0.85546875 0.0265625 0.0375
0 0.7125 0.37890625 0.0328125 0.04609375
0 0.91875 0.57734375 0.03125 0.03125
0 0.8546875 0.78984375 0.0375 0.04375
0 0.1796875 0.715625 0.0328125 0.05234375
0 0.3578125 0.19296875 0.0359375 0.05859375
0 0.20625 0.2125 0.0265625 0.03515625
0 0.1984375 0.01953125 0.0296875 0.03125
0 0.71953125 0.06015625 0.0328125 0.03515625
0 0.85234375 0.93515625 0.0296875 0.04140625