0 0.49765625 0.73125 0.0328125 0.0375
0 0.071875 0.83203125 0.0328125 0.04765625
0 0.3 0.24140625 0.0328125 0.04609375
0 0.70234375 0.38125 0.0328125 0.04609375
0 0.91875 0.57109375 0.03125 0.03125
0 0.8484375 0.7875 0.0375 0.04375
0 0.17734375 0.71328125 0.03125 0.04765625
0 0.38203125 0.23046875 0.0359375 0.05859375
0 0.1546875 0.14296875 0.0328125 0.04140625
0 0.8046875 0.88125 0.0375 0.04609375
0 0.48046875 0.37890625 0.0328125 0.0375
0 0.484375 0.13828125 0.034375 0.04140625
0 0.14921875 0.146875 0.0328125 0.04609375