0 0.50078125 0.73203125 0.0328125 0.03515625
0 0.07421875 0.83359375 0.0328125 0.04765625
0 0.740625 0.375 0.0359375 0.04765625
0 0.35703125 0.23515625 0.0328125 0.04609375
0 0.98515625 0.95078125 0.0265625 0.0375
0 0.72734375 0.39453125 0.0328125 0.04609375
0 0.91953125 0.57578125 0.03125 0.03125
0 0.85390625 0.78984375 0.0375 0.04375
0 0.1796875 0.71484375 0.0328125 0.05
0 0.359375 0.19453125 0.0359375 0.05859375
0 0.15703125 0.19765625 0.0265625 0.03515625
0 0.2328125 0.06875 0.028125 0.0375
0 0.7421875 0.15234375 0.034375 0.04140625