0 0.49765625 0.73125 0.0328125 0.0375
0 0.071875 0.83203125 0.0328125 0.04765625
0 0.33515625 0.246875 0.0328125 0.04609375
0 0.68984375 0.375 0.0328125 0.04609375
0 0.91875 0.57109375 0.03125 0.03125
0 0.8484375 0.7875 0.0375 0.04375
0 0.17734375 0.71328125 0.03125 0.04765625
0 0.37890625 0.22578125 0.0359375 0.05859375
0 0.08125 0.14609375 0.028125 0.04140625
0 0.7703125 0.85859375 0.0375 0.04609375
0 0.434375 0.33515625 0.0328125 0.0375
0 0.47109375 0.11015625 0.034375 0.04140625
0 0.075 0.15234375 0.0328125 0.04609375