0 0.49765625 0.73125 0.0328125 0.0375
0 0.071875 0.83203125 0.0328125 0.04765625
0 0.30390625 0.284375 0.0328125 0.04609375
0 0.72421875 0.39765625 0.0328125 0.04609375
0 0.91875 0.57109375 0.03125 0.03125
0 0.8484375 0.7875 0.0375 0.04375
0 0.17734375 0.71484375 0.03125 0.04765625
0 0.3875 0.23671875 0.0375 0.05859375
0 0.23046875 0.08046875 0.0328125 0.04140625
0 0.90625 0.89921875 0.0375 0.04609375
0 0.54765625 0.52734375 0.0328125 0.0375
0 0.4390625 0.115625 0.034375 0.04140625
0 0.23671875 0.08359375 0.034375 0.05
0 0.96328125 0.01953125 0.0359375 0.03125