0 0.49765625 0.73046875 0.0328125 0.03984375
0 0.07265625 0.83359375 0.0328125 0.04765625
0 0.28984375 0.246875 0.0328125 0.04609375
0 0.72265625 0.34453125 0.0328125 0.04609375
0 0.9171875 0.56953125 0.03125 0.03125
0 0.846875 0.78671875 0.0375 0.04375
0 0.1765625 0.715625 0.03125 0.04765625
0 0.40234375 0.25625 0.0390625 0.05859375
0 0.79921875 0.98125 0.0328125 0.0375
0 0.29609375 0.03359375 0.0359375 0.04140625
0 0.83515625 0.13515625 0.0390625 0.05
0 0.02421875 0.01328125 0.0359375 0.0265625