0 0.49765625 0.73125 0.0328125 0.0375
0 0.071875 0.83203125 0.0328125 0.04765625
0 0.29140625 0.28828125 0.0328125 0.04609375
0 0.7171875 0.39375 0.0328125 0.04609375
0 0.91875 0.57109375 0.03125 0.03125
0 0.8484375 0.7875 0.0375 0.04375
0 0.17734375 0.71484375 0.03125 0.04765625
0 0.3859375 0.234375 0.0375 0.05859375
0 0.234375 0.10078125 0.0328125 0.04140625
0 0.865625 0.88828125 0.0375 0.04609375
0 0.53046875 0.4875 0.0328125 0.0375
0 0.459375 0.12734375 0.034375 0.04140625
0 0.22890625 0.103125 0.034375 0.05