0 0.49765625 0.73125 0.0328125 0.0375
0 0.071875 0.83125 0.0328125 0.04765625
0 0.37265625 0.26015625 0.0328125 0.04609375
0 0.6796875 0.36796875 0.0328125 0.04609375
0 0.91953125 0.57109375 0.03125 0.03125
0 0.8484375 0.7875 0.0375 0.04375
0 0.17734375 0.71328125 0.03125 0.04765625
0 0.3765625 0.22421875 0.0359375 0.05859375
0 0.01796875 0.14765625 0.0234375 0.04140625
0 0.8125 0.88671875 0.0375 0.04609375
0 0.39921875 0.30859375 0.0328125 0.0375
0 0.44609375 0.07734375 0.034375 0.04140625
0 0.01875 0.14765625 0.03125 0.05390625