0 0.5015625 0.73203125 0.0328125 0.03515625
0 0.075 0.83359375 0.0328125 0.04765625
0 0.82421875 0.50234375 0.0375 0.04765625
0 0.4390625 0.259375 0.0328125 0.04609375
0 0.8578125 0.796875 0.0265625 0.0375
0 0.70859375 0.37578125 0.0328125 0.04609375
0 0.91875 0.57734375 0.03125 0.03125
0 0.8546875 0.790625 0.0375 0.04375
0 0.18046875 0.71640625 0.0328125 0.05234375
0 0.35703125 0.19140625 0.0359375 0.05859375
0 0.12578125 0.19375 0.0265625 0.03515625
0 0.20234375 0.021875 0.0296875 0.03125
0 0.74453125 0.01484375 0.0296875 0.02890625
0 0.79921875 0.92734375 0.028125 0.0375
0 0.98828125 0.29453125 0.0234375 0.03515625