0 0.49765625 0.73046875 0.0328125 0.03984375
0 0.07265625 0.83359375 0.0328125 0.04765625
0 0.32265625 0.28125 0.0328125 0.04609375
0 0.74296875 0.359375 0.0328125 0.04609375
0 0.9171875 0.56953125 0.03125 0.03125
0 0.846875 0.78671875 0.0375 0.04375
0 0.1765625 0.715625 0.03125 0.04765625
0 0.4 0.25625 0.0390625 0.05859375
0 0.76015625 0.92734375 0.0328125 0.0375
0 0.3140625 0.10703125 0.0359375 0.04140625
0 0.88671875 0.19296875 0.0359375 0.04375
0 0.4765625 0.05390625 0.0421875 0.04609375
0 0.04375 0.00859375 0.028125 0.01640625