0 0.49765625 0.73125 0.0328125 0.0375
0 0.071875 0.83203125 0.0328125 0.04765625
0 0.2984375 0.29375 0.0328125 0.04609375
0 0.72109375 0.39609375 0.0328125 0.04609375
0 0.91875 0.57109375 0.03125 0.03125
0 0.8484375 0.7875 0.0375 0.04375
0 0.17734375 0.71484375 0.03125 0.04765625
0 0.38671875 0.23515625 0.0375 0.05859375
0 0.23359375 0.08984375 0.0328125 0.04140625
0 0.8875 0.89453125 0.0375 0.04609375
0 0.5375 0.50625 0.0328125 0.0375
0 0.44921875 0.12421875 0.034375 0.04140625
0 0.2359375 0.090625 0.034375 0.05
0 0.94609375 0.015625 0.0359375 0.03125