0 0.49765625 0.73125 0.0328125 0.0375
0 0.071875 0.83203125 0.0328125 0.04765625
0 0.3296875 0.25390625 0.0328125 0.04609375
0 0.73828125 0.40234375 0.0328125 0.04609375
0 0.91875 0.57109375 0.03125 0.03125
0 0.84765625 0.7875 0.0375 0.04375
0 0.17734375 0.71484375 0.03125 0.04765625
0 0.390625 0.23984375 0.0375 0.05859375
0 0.21171875 0.03984375 0.0328125 0.03984375
0 0.9375 0.89765625 0.0375 0.04609375
0 0.57734375 0.57265625 0.0328125 0.0375
0 0.3984375 0.07890625 0.034375 0.04140625
0 0.20859375 0.03515625 0.034375 0.05