0 0.49765625 0.73125 0.0328125 0.0375
0 0.071875 0.83359375 0.0328125 0.04765625
0 0.2546875 0.334375 0.0328125 0.04609375
0 0.7640625 0.38828125 0.0328125 0.04609375
0 0.91796875 0.56953125 0.03125 0.03125
0 0.84765625 0.78671875 0.0375 0.04375
0 0.1765625 0.71484375 0.03125 0.04765625
0 0.39609375 0.25625 0.0375 0.05859375
0 0.7375 0.79296875 0.0328125 0.0375
0 0.259375 0.04609375 0.03125 0.0375
0 0.88046875 0.02578125 0.0359375 0.04375
0 0.40546875 0.146875 0.0390625 0.0375
0 0.97421875 0.93984375 0.0328125 0.04609375
0 0.9171875 0.79609375 0.03125 0.05