0 0.5 0.73203125 0.0328125 0.03515625
0 0.0734375 0.83203125 0.0328125 0.04765625
0 0.86171875 0.384375 0.028125 0.03984375
0 0.290625 0.26640625 0.0328125 0.04609375
0 0.721875 0.378125 0.0328125 0.04609375
0 0.91953125 0.57578125 0.03125 0.03125
0 0.853125 0.78984375 0.0375 0.04375
0 0.17890625 0.71328125 0.03125 0.05
0 0.3609375 0.196875 0.0359375 0.05859375
0 0.0109375 0.14375 0.01875 0.03359375
0 0.2359375 0.02421875 0.025 0.03984375
0 0.8515625 0.22890625 0.034375 0.04140625
0 0.98515625 0.8375 0.0203125 0.03984375
0 0.9796875 0.265625 0.0296875 0.05