0 0.50078125 0.73203125 0.0328125 0.03515625
0 0.07421875 0.83359375 0.0328125 0.04765625
0 0.796875 0.459375 0.0375 0.04765625
0 0.4109375 0.22890625 0.0328125 0.04609375
0 0.91953125 0.86875 0.0265625 0.0375
0 0.71328125 0.38046875 0.0328125 0.04609375
0 0.91875 0.57734375 0.03125 0.03125
0 0.8546875 0.78984375 0.0375 0.04375
0 0.1796875 0.715625 0.0328125 0.05234375
0 0.3578125 0.19296875 0.0359375 0.05859375
0 0.2234375 0.21796875 0.0265625 0.03515625
0 0.19765625 0.01953125 0.0296875 0.03125
0 0.7203125 0.06953125 0.0328125 0.03515625
0 0.8671875 0.94375 0.0296875 0.04140625