0 0.5015625 0.73203125 0.0328125 0.03515625
0 0.075 0.83359375 0.0328125 0.04765625
0 0.828125 0.49140625 0.0375 0.04765625
0 0.43828125 0.25390625 0.0328125 0.04609375
0 0.87734375 0.815625 0.0265625 0.0375
0 0.709375 0.37734375 0.0328125 0.04609375
0 0.91875 0.57734375 0.03125 0.03125
0 0.8546875 0.790625 0.0375 0.04375
0 0.18046875 0.715625 0.0328125 0.05234375
0 0.35703125 0.19140625 0.0359375 0.05859375
0 0.1484375 0.196875 0.0265625 0.03515625
0 0.2015625 0.021875 0.0296875 0.03125
0 0.73671875 0.01875 0.0296875 0.02890625
0 0.79296875 0.90390625 0.0296875 0.04140625