0 0.49765625 0.73125 0.0328125 0.0375
0 0.071875 0.83203125 0.0328125 0.04765625
0 0.35390625 0.253125 0.0328125 0.04609375
0 0.68515625 0.371875 0.0328125 0.04609375
0 0.91953125 0.57109375 0.03125 0.03125
0 0.8484375 0.7875 0.0375 0.04375
0 0.17734375 0.71328125 0.03125 0.04765625
0 0.37734375 0.225 0.0359375 0.05859375
0 0.046875 0.14140625 0.028125 0.04140625
0 0.7890625 0.86953125 0.0375 0.04609375
0 0.41640625 0.31953125 0.0328125 0.0375
0 0.46015625 0.090625 0.034375 0.04140625
0 0.046875 0.13828125 0.03125 0.05