0 0.49765625 0.73125 0.0328125 0.0375
0 0.071875 0.83203125 0.0328125 0.04765625
0 0.34375 0.24375 0.0328125 0.04609375
0 0.74453125 0.40546875 0.0328125 0.04609375
0 0.91875 0.57109375 0.03125 0.03125
0 0.84765625 0.7875 0.0375 0.04375
0 0.17734375 0.71484375 0.03125 0.04765625
0 0.39140625 0.24140625 0.0375 0.05859375
0 0.1890625 0.02421875 0.0328125 0.03515625
0 0.9109375 0.85078125 0.0375 0.04609375
0 0.584375 0.59140625 0.0328125 0.0375
0 0.384375 0.07734375 0.034375 0.04140625
0 0.1875 0.02265625 0.034375 0.0453125