0 0.50078125 0.73203125 0.0328125 0.03515625
0 0.07421875 0.83359375 0.0328125 0.04765625
0 0.7875 0.4375 0.0375 0.04765625
0 0.403125 0.22265625 0.0328125 0.04609375
0 0.940625 0.87890625 0.0265625 0.0375
0 0.7140625 0.38046875 0.0328125 0.04609375
0 0.91875 0.57734375 0.03125 0.03125
0 0.8546875 0.78984375 0.0375 0.04375
0 0.1796875 0.715625 0.0328125 0.05234375
0 0.35859375 0.19375 0.0359375 0.05859375
0 0.234375 0.21953125 0.0265625 0.03515625
0 0.1984375 0.02421875 0.0296875 0.03125
0 0.7203125 0.07890625 0.0328125 0.03515625
0 0.88203125 0.95234375 0.0296875 0.04140625