0 0.49765625 0.73125 0.0328125 0.0375
0 0.071875 0.83203125 0.0328125 0.04765625
0 0.34765625 0.240625 0.0328125 0.04609375
0 0.7453125 0.40546875 0.0328125 0.04609375
0 0.91875 0.57109375 0.03125 0.03125
0 0.84765625 0.7875 0.0375 0.04375
0 0.17734375 0.71484375 0.03125 0.04765625
0 0.3921875 0.24140625 0.0375 0.05859375
0 0.18125 0.01796875 0.0328125 0.03359375
0 0.90625 0.84296875 0.0375 0.04609375
0 0.58828125 0.59453125 0.0328125 0.0375
0 0.3765625 0.075 0.034375 0.04140625
0 0.18046875 0.01875 0.0328125 0.0375