0 0.49765625 0.73046875 0.0328125 0.03984375
0 0.07265625 0.83359375 0.0328125 0.04765625
0 0.3140625 0.29765625 0.0328125 0.04609375
0 0.69765625 0.37265625 0.0328125 0.04609375
0 0.9171875 0.56953125 0.03125 0.03125
0 0.846875 0.78671875 0.0375 0.04375
0 0.17265625 0.71328125 0.0328125 0.04765625
0 0.409375 0.27109375 0.0359375 0.05859375
0 0.28828125 0.075 0.0328125 0.04609375
0 0.340625 0.15546875 0.034375 0.04140625
0 0.646875 0.234375 0.0390625 0.05
0 0.01015625 0.021875 0.0203125 0.03515625