0 0.49765625 0.73125 0.0328125 0.0375
0 0.071875 0.83203125 0.0328125 0.04765625
0 0.3328125 0.25234375 0.0328125 0.04609375
0 0.73984375 0.403125 0.0328125 0.04609375
0 0.91875 0.57109375 0.03125 0.03125
0 0.84765625 0.7875 0.0375 0.04375
0 0.17734375 0.71484375 0.03125 0.04765625
0 0.390625 0.23984375 0.0375 0.05859375
0 0.20703125 0.0375 0.0328125 0.03984375
0 0.928125 0.89296875 0.0375 0.04609375
0 0.578125 0.578125 0.0328125 0.0375
0 0.39921875 0.078125 0.034375 0.04140625
0 0.2046875 0.03359375 0.034375 0.05