0 0.49765625 0.73125 0.0328125 0.0375
0 0.071875 0.83203125 0.0328125 0.04765625
0 0.35 0.23828125 0.0328125 0.04609375
0 0.74609375 0.40625 0.0328125 0.04609375
0 0.91875 0.57109375 0.03125 0.03125
0 0.84765625 0.7875 0.0375 0.04375
0 0.17734375 0.71484375 0.03125 0.04765625
0 0.3921875 0.24140625 0.0375 0.05859375
0 0.17890625 0.01640625 0.0328125 0.0328125
0 0.9078125 0.84921875 0.0375 0.04609375
0 0.590625 0.596875 0.0328125 0.0375
0 0.37265625 0.07421875 0.034375 0.04140625
0 0.175 0.01640625 0.03125 0.0328125