0 0.49765625 0.73125 0.0328125 0.0375
0 0.071875 0.83359375 0.0328125 0.04765625
0 0.2796875 0.31796875 0.0328125 0.04609375
0 0.75390625 0.37734375 0.0328125 0.04609375
0 0.91796875 0.56953125 0.03125 0.03125
0 0.846875 0.78671875 0.0375 0.04375
0 0.1765625 0.715625 0.03125 0.04765625
0 0.39765625 0.25625 0.0375 0.05859375
0 0.73984375 0.84375 0.0328125 0.0375
0 0.27578125 0.053125 0.0359375 0.04140625
0 0.85390625 0.08984375 0.0359375 0.04375
0 0.46640625 0.13046875 0.0421875 0.04609375
0 0.890625 0.90234375 0.03125 0.05