0 0.49765625 0.73125 0.0328125 0.0375
0 0.071875 0.83203125 0.0328125 0.04765625
0 0.303125 0.28671875 0.0328125 0.04609375
0 0.7234375 0.396875 0.0328125 0.04609375
0 0.91875 0.57109375 0.03125 0.03125
0 0.8484375 0.7875 0.0375 0.04375
0 0.17734375 0.71484375 0.03125 0.04765625
0 0.3875 0.23671875 0.0375 0.05859375
0 0.23125 0.08203125 0.0328125 0.04140625
0 0.90234375 0.89921875 0.0375 0.04609375
0 0.5453125 0.52265625 0.0328125 0.0375
0 0.44140625 0.11796875 0.034375 0.04140625
0 0.23671875 0.084375 0.034375 0.05
0 0.96015625 0.015625 0.0359375 0.03125