0 0.5015625 0.73203125 0.0328125 0.03515625
0 0.075 0.83359375 0.0328125 0.04765625
0 0.8140625 0.534375 0.0375 0.04765625
0 0.45078125 0.275 0.0328125 0.04609375
0 0.8359375 0.74765625 0.0265625 0.0375
0 0.70625 0.37421875 0.0328125 0.04609375
0 0.91875 0.57734375 0.03125 0.03125
0 0.8546875 0.790625 0.0375 0.04375
0 0.18046875 0.71640625 0.0328125 0.05234375
0 0.35703125 0.19140625 0.0359375 0.05859375
0 0.090625 0.178125 0.0265625 0.03515625
0 0.20390625 0.01484375 0.0296875 0.02890625
0 0.82421875 0.96796875 0.028125 0.03515625
0 0.98671875 0.31484375 0.0234375 0.03984375