0 0.5 0.73203125 0.0328125 0.03515625
0 0.0734375 0.83203125 0.0328125 0.04765625
0 0.86328125 0.38671875 0.028125 0.03984375
0 0.2890625 0.26796875 0.0328125 0.04609375
0 0.721875 0.378125 0.0328125 0.04609375
0 0.91953125 0.57578125 0.03125 0.03125
0 0.853125 0.78984375 0.0375 0.04375
0 0.17890625 0.71328125 0.03125 0.05
0 0.3609375 0.196875 0.0359375 0.05859375
0 0.009375 0.14765625 0.0171875 0.03359375
0 0.2359375 0.02421875 0.025 0.03984375
0 0.853125 0.23046875 0.034375 0.04140625
0 0.9859375 0.834375 0.0203125 0.03984375
0 0.97890625 0.26484375 0.0296875 0.05