0 0.49765625 0.73125 0.0328125 0.0375
0 0.071875 0.83359375 0.0328125 0.04765625
0 0.246875 0.315625 0.0328125 0.04609375
0 0.765625 0.39375 0.0328125 0.04609375
0 0.91796875 0.56953125 0.03125 0.03125
0 0.84765625 0.78671875 0.0375 0.04375
0 0.1765625 0.71484375 0.03125 0.04765625
0 0.3953125 0.25625 0.0375 0.05859375
0 0.7328125 0.77109375 0.0328125 0.0375
0 0.24765625 0.040625 0.03125 0.0375
0 0.37578125 0.14609375 0.0390625 0.04140625
0 0.9890625 0.97265625 0.021875 0.04375
0 0.93671875 0.784375 0.03125 0.05