0 0.5015625 0.73203125 0.0328125 0.03515625
0 0.075 0.83359375 0.0328125 0.04765625
0 0.81875 0.51796875 0.0375 0.04765625
0 0.4421875 0.26953125 0.0328125 0.04609375
0 0.846875 0.76328125 0.0265625 0.0375
0 0.7078125 0.375 0.0328125 0.04609375
0 0.91875 0.57734375 0.03125 0.03125
0 0.8546875 0.790625 0.0375 0.04375
0 0.18046875 0.71640625 0.0328125 0.05234375
0 0.35703125 0.19140625 0.0359375 0.05859375
0 0.10703125 0.18515625 0.0265625 0.03515625
0 0.203125 0.01796875 0.0296875 0.03125
0 0.76328125 0.009375 0.0296875 0.01875
0 0.8078125 0.95 0.028125 0.03515625
0 0.984375 0.3125 0.0265625 0.04140625