0 0.49765625 0.73125 0.0328125 0.0375
0 0.071875 0.83203125 0.0328125 0.04765625
0 0.31640625 0.2625 0.0328125 0.04609375
0 0.73203125 0.4 0.0328125 0.04609375
0 0.91875 0.57109375 0.03125 0.03125
0 0.8484375 0.7875 0.0375 0.04375
0 0.17734375 0.71484375 0.03125 0.04765625
0 0.3890625 0.23828125 0.0375 0.05859375
0 0.22265625 0.05625 0.0328125 0.04140625
0 0.953125 0.90546875 0.0375 0.04609375
0 0.553125 0.54765625 0.0328125 0.0375
0 0.41484375 0.09453125 0.034375 0.04140625
0 0.2265625 0.05625 0.034375 0.05
0 0.98125 0.046875 0.0359375 0.03125