0 0.49765625 0.73125 0.0328125 0.0375
0 0.071875 0.83203125 0.0328125 0.04765625
0 0.2890625 0.25859375 0.0328125 0.04609375
0 0.7078125 0.38203125 0.0328125 0.04609375
0 0.91875 0.57109375 0.03125 0.03125
0 0.8484375 0.7875 0.0375 0.04375
0 0.17734375 0.71484375 0.03125 0.04765625
0 0.38359375 0.23203125 0.0359375 0.05859375
0 0.1828125 0.128125 0.0328125 0.04140625
0 0.81796875 0.88046875 0.0375 0.04609375
0 0.49453125 0.425 0.0328125 0.0375
0 0.4796875 0.134375 0.034375 0.04140625
0 0.1828125 0.13671875 0.0328125 0.04765625