0 0.49765625 0.73125 0.0328125 0.0375
0 0.071875 0.83203125 0.0328125 0.04765625
0 0.33828125 0.24765625 0.0328125 0.04609375
0 0.7421875 0.40390625 0.0328125 0.04609375
0 0.91875 0.57109375 0.03125 0.03125
0 0.84765625 0.7875 0.0375 0.04375
0 0.17734375 0.71484375 0.03125 0.04765625
0 0.39140625 0.240625 0.0375 0.05859375
0 0.19921875 0.03125 0.0328125 0.0375
0 0.921875 0.85625 0.0375 0.04609375
0 0.5796875 0.58671875 0.0328125 0.0375
0 0.4 0.07734375 0.034375 0.04140625
0 0.196875 0.028125 0.034375 0.05