0 0.49765625 0.73125 0.0328125 0.0375
0 0.071875 0.83359375 0.0328125 0.04765625
0 0.26328125 0.35234375 0.0328125 0.04609375
0 0.76015625 0.384375 0.0328125 0.04609375
0 0.91796875 0.56953125 0.03125 0.03125
0 0.84765625 0.78671875 0.0375 0.04375
0 0.1765625 0.71484375 0.03125 0.04765625
0 0.396875 0.25625 0.0375 0.05859375
0 0.7390625 0.81484375 0.0328125 0.0375
0 0.26328125 0.04609375 0.034375 0.03984375
0 0.8703125 0.046875 0.0359375 0.04375
0 0.42890625 0.14453125 0.0390625 0.0375
0 0.97578125 0.94609375 0.0328125 0.04609375
0 0.909375 0.82578125 0.03125 0.05