0 0.5 0.73203125 0.0328125 0.03515625
0 0.0734375 0.83203125 0.0328125 0.04765625
0 0.87734375 0.4 0.028125 0.03984375
0 0.28046875 0.27421875 0.0328125 0.04609375
0 0.72109375 0.378125 0.0328125 0.04609375
0 0.91953125 0.57578125 0.03125 0.03125
0 0.853125 0.78984375 0.0375 0.04375
0 0.17890625 0.7125 0.03125 0.05
0 0.3609375 0.196875 0.0359375 0.05859375
0 0.234375 0.02265625 0.028125 0.04140625
0 0.86953125 0.234375 0.034375 0.04140625
0 0.9875 0.81171875 0.0203125 0.03984375
0 0.9875 0.26328125 0.0234375 0.04765625