0 0.49765625 0.73125 0.0328125 0.0375
0 0.071875 0.83203125 0.0328125 0.04765625
0 0.33671875 0.24921875 0.0328125 0.04609375
0 0.74140625 0.40390625 0.0328125 0.04609375
0 0.91875 0.57109375 0.03125 0.03125
0 0.84765625 0.7875 0.0375 0.04375
0 0.17734375 0.71484375 0.03125 0.04765625
0 0.390625 0.240625 0.0375 0.05859375
0 0.2015625 0.03203125 0.0328125 0.0375
0 0.915625 0.87734375 0.0375 0.04609375
0 0.57890625 0.58515625 0.0328125 0.0375
0 0.39921875 0.078125 0.034375 0.04140625
0 0.1984375 0.02890625 0.034375 0.05