0 0.49765625 0.73125 0.0328125 0.0375
0 0.071875 0.83203125 0.0328125 0.04765625
0 0.3578125 0.25546875 0.0328125 0.04609375
0 0.68359375 0.37109375 0.0328125 0.04609375
0 0.91953125 0.57109375 0.03125 0.03125
0 0.8484375 0.7875 0.0375 0.04375
0 0.17734375 0.71328125 0.03125 0.04765625
0 0.37734375 0.225 0.0359375 0.05859375
0 0.03984375 0.140625 0.028125 0.04140625
0 0.79296875 0.87265625 0.0375 0.04609375
0 0.4125 0.31796875 0.0328125 0.0375
0 0.4578125 0.0875 0.034375 0.04140625
0 0.040625 0.13671875 0.03125 0.05234375