0 0.5015625 0.73203125 0.0328125 0.03515625
0 0.075 0.83359375 0.0328125 0.04765625
0 0.8046875 0.553125 0.0375 0.04765625
0 0.46484375 0.27890625 0.0328125 0.04609375
0 0.81328125 0.74609375 0.0265625 0.0375
0 0.70546875 0.37421875 0.0328125 0.04609375
0 0.91875 0.57734375 0.03125 0.03125
0 0.85546875 0.790625 0.0375 0.04375
0 0.18046875 0.71640625 0.0328125 0.05234375
0 0.35625 0.190625 0.0359375 0.05859375
0 0.075 0.18359375 0.0265625 0.03515625
0 0.203125 0.0125 0.028125 0.025
0 0.84453125 0.98515625 0.0296875 0.02890625