0 0.40078125 0.78203125 0.0390625 0.04375
0 0.8265625 0.79609375 0.0375 0.04140625
0 0.78046875 0.68125 0.0390625 0.04609375
0 0.7625 0.56328125 0.0375 0.05
0 0.278125 0.01484375 0.046875 0.02890625
0 0.5078125 0.42265625 0.0296875 0.06484375
0 0.91875 0.14375 0.028125 0.05
0 0.090625 0.4625 0.0328125 0.04609375
0 0.27734375 0.46875 0.0546875 0.04609375
0 0.29140625 0.54453125 0.0328125 0.04375
0 0.68046875 0.40234375 0.0296875 0.04609375
0 0.825 0.34921875 0.0375 0.05
0 0.7703125 0.27421875 0.040625 0.05234375
0 0.85625 0.65859375 0.046875 0.05390625
0 0.4640625 0.21328125 0.040625 0.03984375
0 0.03515625 0.08125 0.0375 0.04765625
1 0.19296875 0.76875 0.0984375 0.13359375
2 0.18203125 0.72734375 0.0296875 0.03359375