0 0.76328125 0.19453125 0.0359375 0.04609375
0 0.21875 0.68046875 0.04375 0.05234375
0 0.6984375 0.72109375 0.046875 0.04140625
0 0.715625 0.82578125 0.0375 0.06015625
0 0.96953125 0.84140625 0.0421875 0.05390625
0 0.790625 0.85078125 0.0375 0.05234375
0 0.73984375 0.96484375 0.0359375 0.05
0 0.87265625 0.90703125 0.0359375 0.05234375
0 0.946875 0.028125 0.0328125 0.03984375
1 0.51953125 0.34609375 0.0953125 0.10859375
2 0.51484375 0.371875 0.0296875 0.04765625
2 0.54765625 0.90078125 0.0390625 0.04765625
2 0.98671875 0.64296875 0.0265625 0.04140625