0 0.76328125 0.19453125 0.0359375 0.04609375
0 0.2140625 0.684375 0.04375 0.05234375
0 0.6890625 0.71953125 0.046875 0.04375
0 0.715625 0.828125 0.0375 0.06484375
0 0.96796875 0.84140625 0.040625 0.05234375
0 0.790625 0.85 0.0375 0.05234375
0 0.7390625 0.96484375 0.0359375 0.05
0 0.86875 0.91328125 0.0359375 0.05234375
0 0.946875 0.02734375 0.0328125 0.03984375
1 0.51953125 0.34609375 0.0953125 0.10859375
2 0.5140625 0.37109375 0.028125 0.04609375
2 0.55546875 0.89296875 0.0390625 0.04765625
2 0.98671875 0.640625 0.0265625 0.0375