0 0.76328125 0.19453125 0.0359375 0.04609375
0 0.22265625 0.67734375 0.0453125 0.05390625
0 0.703125 0.72109375 0.0453125 0.04140625
0 0.71484375 0.82265625 0.040625 0.0625
0 0.96796875 0.840625 0.04375 0.05625
0 0.790625 0.85234375 0.0390625 0.05390625
0 0.73984375 0.965625 0.0359375 0.05
0 0.87734375 0.91015625 0.0375 0.05234375
0 0.94609375 0.028125 0.0328125 0.0375
1 0.51953125 0.34609375 0.0953125 0.10859375
2 0.51484375 0.371875 0.0296875 0.04765625
2 0.5390625 0.90703125 0.0390625 0.04765625
2 0.98671875 0.64375 0.0265625 0.04140625