0 0.76171875 0.2 0.0359375 0.04609375
0 0.31796875 0.52421875 0.046875 0.06484375
0 0.89296875 0.74609375 0.0421875 0.05390625
0 0.7125 0.72109375 0.0515625 0.06875
0 0.9328125 0.90390625 0.0359375 0.05
0 0.79140625 0.85625 0.0453125 0.05859375
0 0.7484375 0.95546875 0.0359375 0.06484375
0 0.9640625 0.80859375 0.0375 0.06015625
0 0.821875 0.925 0.0453125 0.06484375
0 0.7328125 0.9 0.03125 0.05859375
0 0.94375 0.02890625 0.0375 0.04609375
1 0.51953125 0.34609375 0.0953125 0.10859375
2 0.5109375 0.365625 0.025 0.03984375
2 0.3578125 0.88828125 0.0421875 0.05
2 0.9875 0.64765625 0.025 0.03359375