0 0.7625 0.19765625 0.0359375 0.04609375
0 0.28828125 0.58046875 0.046875 0.06484375
0 0.82109375 0.71328125 0.046875 0.05625
0 0.7140625 0.75390625 0.040625 0.06640625
0 0.95703125 0.8625 0.03125 0.05234375
0 0.79140625 0.85703125 0.0453125 0.06015625
0 0.74375 0.96328125 0.0375 0.06875
0 0.9546875 0.865625 0.046875 0.05
0 0.7171875 0.96640625 0.0484375 0.06015625
0 0.9453125 0.028125 0.0375 0.04375
1 0.51953125 0.34609375 0.0953125 0.10859375
2 0.5109375 0.365625 0.025 0.03984375
2 0.39609375 0.91640625 0.0390625 0.04140625
2 0.9859375 0.64765625 0.028125 0.0375