0 0.7625 0.196875 0.0359375 0.04609375
0 0.26015625 0.640625 0.0421875 0.04375
0 0.75859375 0.715625 0.0546875 0.07265625
0 0.71640625 0.79921875 0.0453125 0.05234375
0 0.95703125 0.83515625 0.053125 0.06640625
0 0.7921875 0.85859375 0.053125 0.06640625
0 0.7390625 0.9625 0.046875 0.06875
0 0.91875 0.88984375 0.053125 0.06640625
0 0.946875 0.03359375 0.0390625 0.04609375
1 0.51953125 0.34609375 0.0953125 0.10859375
2 0.5140625 0.36796875 0.034375 0.04375
2 0.46875 0.93203125 0.0453125 0.04609375
2 0.9859375 0.64609375 0.028125 0.04609375