0 0.7625 0.19765625 0.0359375 0.04609375
0 0.28203125 0.59375 0.0453125 0.05859375
0 0.80859375 0.71328125 0.046875 0.05625
0 0.7125 0.76015625 0.0375 0.06015625
0 0.953125 0.84375 0.034375 0.05234375
0 0.79140625 0.85703125 0.0453125 0.06015625
0 0.74296875 0.96328125 0.0390625 0.06875
0 0.9453125 0.86796875 0.0484375 0.05390625
0 0.71015625 0.9765625 0.0546875 0.046875
0 0.94453125 0.028125 0.0359375 0.04375
1 0.51953125 0.34609375 0.0953125 0.10859375
2 0.5109375 0.365625 0.025 0.03984375
2 0.41171875 0.9125 0.0390625 0.04140625
2 0.98671875 0.646875 0.0265625 0.03515625