0 0.76328125 0.19609375 0.0359375 0.04609375
0 0.25 0.65234375 0.046875 0.05390625
0 0.7421875 0.71875 0.0453125 0.05859375
0 0.7140625 0.803125 0.05 0.06015625
0 0.959375 0.8375 0.05 0.0625
0 0.79140625 0.85625 0.0484375 0.0625
0 0.73984375 0.96484375 0.0421875 0.06015625
0 0.909375 0.90625 0.0484375 0.05859375
0 0.946875 0.03203125 0.0375 0.04375
1 0.51953125 0.34609375 0.0953125 0.10859375
2 0.51328125 0.36875 0.0359375 0.04609375
2 0.4796875 0.93125 0.0390625 0.04140625
2 0.9859375 0.64609375 0.028125 0.05