0 0.7609375 0.2 0.0359375 0.04609375
0 0.33828125 0.49296875 0.046875 0.06484375
0 0.93828125 0.74609375 0.0453125 0.05859375
0 0.71171875 0.69921875 0.0515625 0.06875
0 0.9203125 0.89765625 0.046875 0.0375
0 0.79140625 0.85625 0.0453125 0.05859375
0 0.7515625 0.9625 0.0359375 0.06484375
0 0.984375 0.7875 0.0296875 0.05859375
0 0.86953125 0.86328125 0.040625 0.06015625
0 0.725 0.84140625 0.034375 0.05859375
0 0.94375 0.03046875 0.0375 0.04609375
1 0.51953125 0.34609375 0.0953125 0.10859375
2 0.5109375 0.365625 0.025 0.03984375
2 0.32578125 0.84609375 0.0390625 0.05
2 0.9875 0.65078125 0.025 0.03359375