0 0.7609375 0.20078125 0.0359375 0.04609375
0 0.34140625 0.48671875 0.046875 0.06484375
0 0.95 0.74453125 0.04375 0.05625
0 0.71171875 0.69375 0.0515625 0.06875
0 0.91796875 0.89765625 0.0484375 0.03359375
0 0.79140625 0.85625 0.0453125 0.05859375
0 0.753125 0.96484375 0.0359375 0.0625
0 0.9859375 0.78046875 0.0265625 0.05859375
0 0.8859375 0.86328125 0.0390625 0.05390625
0 0.721875 0.82421875 0.0359375 0.05859375
0 0.94375 0.03125 0.0375 0.04609375
1 0.51953125 0.34609375 0.0953125 0.10859375
2 0.5109375 0.365625 0.025 0.03984375
2 0.31875 0.84609375 0.04375 0.04140625
2 0.9875 0.65234375 0.025 0.03359375