0 0.7625 0.196875 0.0359375 0.04609375
0 0.27578125 0.609375 0.04375 0.05
0 0.7953125 0.71328125 0.046875 0.05625
0 0.7109375 0.76640625 0.034375 0.05390625
0 0.9484375 0.825 0.0375 0.05
0 0.79140625 0.85703125 0.0453125 0.06015625
0 0.7421875 0.96328125 0.040625 0.06875
0 0.9359375 0.86796875 0.0515625 0.06015625
0 0.69140625 0.9734375 0.0359375 0.053125
0 0.94453125 0.02890625 0.0359375 0.04140625
1 0.51953125 0.34609375 0.0953125 0.10859375
2 0.51328125 0.365625 0.0296875 0.03984375
2 0.4328125 0.91875 0.040625 0.04375
2 0.98671875 0.646875 0.0265625 0.0375