0 0.76328125 0.19453125 0.0359375 0.04609375
0 0.2265625 0.67421875 0.046875 0.05625
0 0.70859375 0.721875 0.0421875 0.04140625
0 0.71484375 0.81953125 0.04375 0.06484375
0 0.9671875 0.840625 0.04375 0.05625
0 0.790625 0.85234375 0.040625 0.05390625
0 0.73984375 0.965625 0.0375 0.05
0 0.8828125 0.9125 0.0390625 0.05234375
0 0.94609375 0.02890625 0.0328125 0.0375
1 0.51953125 0.34609375 0.0953125 0.10859375
2 0.51484375 0.371875 0.0296875 0.04765625
2 0.52890625 0.9125 0.0390625 0.04765625
2 0.9859375 0.64296875 0.028125 0.04375