0 0.7640625 0.19375 0.0359375 0.04609375
0 0.203125 0.69375 0.04375 0.05234375
0 0.66796875 0.72109375 0.0453125 0.05
0 0.71640625 0.83203125 0.0375 0.07109375
0 0.96484375 0.840625 0.0375 0.04765625
0 0.790625 0.846875 0.0375 0.05234375
0 0.73828125 0.96328125 0.0359375 0.05234375
0 0.85859375 0.928125 0.0359375 0.05234375
0 0.94765625 0.02421875 0.0328125 0.04375
1 0.51953125 0.34609375 0.0953125 0.10859375
2 0.5140625 0.37109375 0.028125 0.04609375
2 0.58046875 0.896875 0.0390625 0.04765625
2 0.9875 0.63515625 0.025 0.03359375