0 0.76015625 0.20234375 0.0359375 0.04609375
0 0.35859375 0.43046875 0.0453125 0.05859375
0 0.70859375 0.66171875 0.0515625 0.06875
0 0.87890625 0.925 0.034375 0.04140625
0 0.790625 0.85546875 0.04375 0.05625
0 0.75625 0.9765625 0.034375 0.046875
0 0.98515625 0.81484375 0.0296875 0.05859375
0 0.71328125 0.7375 0.034375 0.05625
0 0.94375 0.03515625 0.0375 0.04609375
1 0.51953125 0.34609375 0.0953125 0.10859375
2 0.5109375 0.365625 0.025 0.03984375
2 0.30625 0.77421875 0.04375 0.05
2 0.9875 0.659375 0.025 0.03359375