0 0.7640625 0.19296875 0.0359375 0.04609375
0 0.16640625 0.71328125 0.04375 0.05234375
0 0.6125 0.74609375 0.04375 0.05625
0 0.71875 0.85234375 0.03125 0.05625
0 0.978125 0.83671875 0.0375 0.04765625
0 0.790625 0.840625 0.0375 0.05234375
0 0.7421875 0.96328125 0.034375 0.05234375
0 0.82578125 0.95546875 0.0359375 0.05234375
0 0.94921875 0.021875 0.0296875 0.03984375
1 0.51953125 0.34609375 0.0953125 0.10859375
2 0.5125 0.36875 0.025 0.04140625
2 0.63125 0.84765625 0.0421875 0.05234375
2 0.98671875 0.63203125 0.0234375 0.03984375