0 0.76171875 0.19921875 0.0359375 0.04609375
0 0.3109375 0.55859375 0.046875 0.06484375
0 0.8640625 0.73671875 0.0421875 0.05390625
0 0.7109375 0.73046875 0.040625 0.06640625
0 0.9375 0.88046875 0.0375 0.05234375
0 0.79140625 0.85625 0.0453125 0.05859375
0 0.74609375 0.95390625 0.0359375 0.05859375
0 0.95078125 0.82109375 0.0375 0.05859375
0 0.77890625 0.93203125 0.0484375 0.06640625
0 0.728125 0.9375 0.03125 0.05859375
0 0.94453125 0.028125 0.0375 0.04609375
1 0.51953125 0.34609375 0.0953125 0.10859375
2 0.5109375 0.365625 0.025 0.03984375
2 0.36484375 0.88203125 0.0421875 0.05
2 0.98671875 0.646875 0.0265625 0.03515625