0 0.7625 0.196875 0.0359375 0.04609375
0 0.26640625 0.63125 0.0421875 0.04140625
0 0.77265625 0.71328125 0.0515625 0.06484375
0 0.7125 0.784375 0.0375 0.04765625
0 0.9484375 0.81796875 0.046875 0.05625
0 0.79140625 0.85703125 0.0484375 0.0625
0 0.73984375 0.9625 0.0453125 0.07109375
0 0.92265625 0.87734375 0.053125 0.06640625
0 0.9453125 0.03125 0.0375 0.04375
1 0.51953125 0.34609375 0.0953125 0.10859375
2 0.5140625 0.36640625 0.034375 0.04140625
2 0.45390625 0.93203125 0.046875 0.04765625
2 0.98671875 0.646875 0.0265625 0.04140625