0 0.759375 0.20546875 0.0359375 0.04609375
0 0.3765625 0.309375 0.0453125 0.06875
0 0.71328125 0.61640625 0.0484375 0.06484375
0 0.86171875 0.909375 0.0390625 0.03984375
0 0.790625 0.85390625 0.04375 0.05390625
0 0.753125 0.9765625 0.034375 0.046875
0 0.66953125 0.53828125 0.0421875 0.05859375
0 0.96015625 0.9796875 0.0453125 0.040625
0 0.97578125 0.13203125 0.0375 0.06484375
0 0.9421875 0.03515625 0.034375 0.04609375
1 0.51953125 0.34609375 0.0953125 0.10859375
2 0.5109375 0.365625 0.025 0.03984375
2 0.30625 0.66484375 0.0484375 0.04765625
2 0.9875 0.66328125 0.025 0.03359375
2 0.128125 0.03828125 0.028125 0.03515625