0 0.7609375 0.2 0.0359375 0.04609375
0 0.3359375 0.496875 0.046875 0.06484375
0 0.93046875 0.74765625 0.04375 0.05625
0 0.709375 0.70234375 0.0515625 0.06875
0 0.921875 0.9 0.04375 0.04140625
0 0.79140625 0.85625 0.0453125 0.05859375
0 0.75078125 0.96171875 0.0359375 0.06484375
0 0.98203125 0.79140625 0.03125 0.05859375
0 0.859375 0.87265625 0.040625 0.06015625
0 0.72890625 0.853125 0.034375 0.05859375
0 0.94375 0.03046875 0.0375 0.04609375
1 0.51953125 0.34609375 0.0953125 0.10859375
2 0.5109375 0.365625 0.025 0.03984375
2 0.32734375 0.85703125 0.0375 0.05234375
2 0.9875 0.65 0.025 0.03359375