0 0.76015625 0.20234375 0.0359375 0.04609375
0 0.35 0.434375 0.046875 0.06484375
0 0.71015625 0.66328125 0.0515625 0.06875
0 0.8859375 0.92265625 0.034375 0.04140625
0 0.790625 0.85546875 0.04375 0.05625
0 0.75625 0.9765625 0.034375 0.046875
0 0.9734375 0.82890625 0.040625 0.05859375
0 0.71171875 0.75234375 0.0359375 0.05859375
0 0.94375 0.03515625 0.0375 0.04609375
1 0.51953125 0.34609375 0.0953125 0.10859375
2 0.5109375 0.365625 0.025 0.03984375
2 0.30078125 0.79140625 0.0421875 0.04609375
2 0.9875 0.65859375 0.025 0.03359375