0 0.75859375 0.20625 0.0359375 0.04609375
0 0.3703125 0.26875 0.0453125 0.06875
0 0.7125 0.596875 0.0484375 0.06484375
0 0.85625 0.9125 0.0390625 0.03984375
0 0.790625 0.85390625 0.04375 0.05390625
0 0.753125 0.9765625 0.034375 0.046875
0 0.64765625 0.45546875 0.0375 0.05625
0 0.9890625 0.87578125 0.021875 0.0625
0 0.9140625 0.109375 0.04375 0.05859375
0 0.9421875 0.03515625 0.034375 0.04609375
1 0.51953125 0.34609375 0.0953125 0.10859375
2 0.5109375 0.365625 0.025 0.03984375
2 0.33671875 0.62734375 0.0421875 0.03984375
2 0.9875 0.66171875 0.025 0.03359375
2 0.09375 0.071875 0.025 0.03125