0 0.40078125 0.78203125 0.0390625 0.04375
0 0.82734375 0.79921875 0.0375 0.04140625
0 0.78046875 0.68125 0.0390625 0.04609375
0 0.7625 0.56484375 0.0375 0.05
0 0.2703125 0.03984375 0.040625 0.04375
0 0.5328125 0.3 0.0265625 0.05
0 0.9203125 0.14453125 0.028125 0.05
0 0.0921875 0.46328125 0.0328125 0.04609375
0 0.27734375 0.46875 0.0546875 0.04609375
0 0.30078125 0.51328125 0.0359375 0.03515625
0 0.68515625 0.39921875 0.0296875 0.04609375
0 0.73359375 0.38203125 0.0375 0.05
0 0.7703125 0.27421875 0.040625 0.05234375
0 0.85625 0.65859375 0.046875 0.05390625
0 0.465625 0.21171875 0.040625 0.03984375
1 0.19296875 0.76875 0.0984375 0.13359375
2 0.1828125 0.72734375 0.028125 0.03359375