0 0.7625 0.19609375 0.0359375 0.04609375
0 0.2578125 0.64375 0.04375 0.04609375
0 0.7546875 0.71640625 0.053125 0.06875
0 0.715625 0.8 0.046875 0.05390625
0 0.9578125 0.83671875 0.0515625 0.06484375
0 0.7921875 0.85703125 0.0515625 0.06484375
0 0.7390625 0.96328125 0.0453125 0.06640625
0 0.91640625 0.89375 0.0515625 0.06484375
0 0.946875 0.03359375 0.0390625 0.04765625
1 0.51953125 0.34609375 0.0953125 0.10859375
2 0.51328125 0.36796875 0.0359375 0.04375
2 0.471875 0.93203125 0.04375 0.04609375
2 0.9859375 0.64609375 0.028125 0.04765625