0 0.40078125 0.78203125 0.0390625 0.04375
0 0.828125 0.80390625 0.0375 0.04140625
0 0.78046875 0.68125 0.0390625 0.04609375
0 0.7625 0.56640625 0.0375 0.05
0 0.2375 0.05625 0.034375 0.04765625
0 0.58125 0.103125 0.0265625 0.05
0 0.9234375 0.14609375 0.028125 0.05
0 0.09453125 0.46484375 0.0328125 0.04609375
0 0.27734375 0.46875 0.0546875 0.04609375
0 0.33828125 0.53359375 0.028125 0.03359375
0 0.69375 0.39296875 0.0296875 0.04609375
0 0.61640625 0.47578125 0.0390625 0.05625
0 0.36796875 0.01015625 0.0546875 0.0203125
0 0.7703125 0.27421875 0.040625 0.05234375
0 0.85625 0.65859375 0.046875 0.05390625
0 0.46875 0.20703125 0.040625 0.03984375
1 0.19296875 0.76875 0.0984375 0.13359375
2 0.184375 0.73046875 0.028125 0.03359375