0 0.7609375 0.2 0.0359375 0.04609375
0 0.3390625 0.48984375 0.046875 0.06484375
0 0.9421875 0.74453125 0.0453125 0.05859375
0 0.7125 0.696875 0.0515625 0.06875
0 0.91953125 0.896875 0.0484375 0.03515625
0 0.79140625 0.85625 0.0453125 0.05859375
0 0.75234375 0.9625 0.0359375 0.06484375
0 0.98515625 0.78515625 0.028125 0.05859375
0 0.87421875 0.859375 0.040625 0.06015625
0 0.7234375 0.83515625 0.0359375 0.05859375
0 0.94375 0.03125 0.0375 0.04609375
1 0.51953125 0.34609375 0.0953125 0.10859375
2 0.5109375 0.365625 0.025 0.03984375
2 0.325 0.840625 0.040625 0.04765625
2 0.9875 0.65078125 0.025 0.03359375