0 0.7625 0.19609375 0.0359375 0.04609375
0 0.25859375 0.64375 0.04375 0.04609375
0 0.75546875 0.715625 0.053125 0.07109375
0 0.715625 0.8 0.046875 0.05390625
0 0.95703125 0.83515625 0.0515625 0.06640625
0 0.7921875 0.85703125 0.0515625 0.06484375
0 0.7390625 0.96328125 0.0453125 0.06640625
0 0.9171875 0.89296875 0.0515625 0.06484375
0 0.946875 0.03359375 0.0390625 0.04765625
1 0.51953125 0.34609375 0.0953125 0.10859375
2 0.5140625 0.36796875 0.034375 0.04375
2 0.47109375 0.93203125 0.04375 0.04609375
2 0.9859375 0.64609375 0.028125 0.04609375