0 0.75859375 0.20625 0.0359375 0.04609375
0 0.36953125 0.23828125 0.0453125 0.06875
0 0.7078125 0.5875 0.0484375 0.06484375
0 0.85390625 0.915625 0.0390625 0.03984375
0 0.790625 0.85390625 0.04375 0.05390625
0 0.753125 0.9765625 0.034375 0.046875
0 0.62265625 0.40703125 0.04375 0.0625
0 0.99375 0.81171875 0.0125 0.06484375
0 0.8671875 0.078125 0.04375 0.05859375
0 0.94140625 0.03515625 0.0328125 0.04609375
1 0.51953125 0.34609375 0.0953125 0.10859375
2 0.5109375 0.365625 0.025 0.03984375
2 0.3390625 0.60234375 0.0421875 0.05
2 0.9875 0.659375 0.025 0.03359375
2 0.0625 0.05078125 0.0296875 0.0375