0 0.76171875 0.2 0.0359375 0.04609375
0 0.32109375 0.51953125 0.046875 0.06484375
0 0.8984375 0.74765625 0.0421875 0.05390625
0 0.71015625 0.71796875 0.0515625 0.06875
0 0.93046875 0.90390625 0.0359375 0.05
0 0.79140625 0.85625 0.0453125 0.05859375
0 0.7484375 0.95625 0.0359375 0.06484375
0 0.96796875 0.80625 0.0375 0.06015625
0 0.82890625 0.921875 0.04375 0.06484375
0 0.734375 0.89453125 0.03125 0.05859375
0 0.94375 0.02890625 0.0375 0.04609375
1 0.51953125 0.34609375 0.0953125 0.10859375
2 0.5109375 0.365625 0.025 0.03984375
2 0.3515625 0.88671875 0.0421875 0.05
2 0.9875 0.64765625 0.025 0.03359375