0 0.76171875 0.19921875 0.0359375 0.04609375
0 0.3140625 0.55546875 0.046875 0.06484375
0 0.86953125 0.73984375 0.0421875 0.05390625
0 0.7109375 0.72734375 0.040625 0.06640625
0 0.9390625 0.88515625 0.0359375 0.05
0 0.79140625 0.85625 0.0453125 0.05859375
0 0.74609375 0.95078125 0.0359375 0.06484375
0 0.95 0.81796875 0.0375 0.05859375
0 0.78828125 0.93125 0.0484375 0.06640625
0 0.7265625 0.92109375 0.03125 0.05859375
0 0.94453125 0.028125 0.0375 0.04609375
1 0.51953125 0.34609375 0.0953125 0.10859375
2 0.5109375 0.365625 0.025 0.03984375
2 0.3578125 0.88359375 0.0421875 0.05
2 0.9875 0.64609375 0.025 0.03359375