0 0.75859375 0.20625 0.0359375 0.04609375
0 0.36875 0.28203125 0.0453125 0.06875
0 0.71328125 0.603125 0.0484375 0.06484375
0 0.85546875 0.909375 0.0390625 0.03984375
0 0.790625 0.85390625 0.04375 0.05390625
0 0.753125 0.9765625 0.034375 0.046875
0 0.65234375 0.4875 0.0390625 0.05625
0 0.97890625 0.91640625 0.0421875 0.05390625
0 0.93984375 0.109375 0.04375 0.05859375
0 0.9421875 0.03515625 0.034375 0.04609375
1 0.51953125 0.34609375 0.0953125 0.10859375
2 0.5109375 0.365625 0.025 0.03984375
2 0.321875 0.63125 0.034375 0.04609375
2 0.9875 0.6625 0.025 0.03359375
2 0.103125 0.065625 0.021875 0.03515625