0 0.40078125 0.78203125 0.0390625 0.04375
0 0.828125 0.803125 0.0375 0.04140625
0 0.78046875 0.68125 0.0390625 0.04609375
0 0.7625 0.56640625 0.0375 0.05
0 0.23828125 0.05390625 0.034375 0.04765625
0 0.5765625 0.11328125 0.0265625 0.05
0 0.92265625 0.14609375 0.028125 0.05
0 0.09453125 0.46484375 0.0328125 0.04609375
0 0.27734375 0.46875 0.0546875 0.04609375
0 0.334375 0.53359375 0.0296875 0.03359375
0 0.69296875 0.39296875 0.0296875 0.04609375
0 0.62734375 0.471875 0.0421875 0.05390625
0 0.7703125 0.27421875 0.040625 0.05234375
0 0.85625 0.65859375 0.046875 0.05390625
0 0.46796875 0.20859375 0.040625 0.03984375
1 0.19296875 0.76875 0.0984375 0.13359375
2 0.184375 0.73046875 0.028125 0.03359375