0 0.76171875 0.19921875 0.0359375 0.04609375
0 0.30703125 0.5625 0.046875 0.06484375
0 0.85625 0.73203125 0.04375 0.05390625
0 0.71171875 0.734375 0.040625 0.06640625
0 0.928125 0.88359375 0.040625 0.05859375
0 0.79140625 0.85625 0.0453125 0.05859375
0 0.74609375 0.959375 0.0359375 0.05625
0 0.95078125 0.825 0.0359375 0.05390625
0 0.76640625 0.93203125 0.046875 0.06484375
0 0.73046875 0.94921875 0.034375 0.04140625
0 0.9453125 0.02734375 0.0375 0.04609375
1 0.51953125 0.34609375 0.0953125 0.10859375
2 0.5109375 0.365625 0.025 0.03984375
2 0.37109375 0.88203125 0.0421875 0.05
2 0.9859375 0.64765625 0.028125 0.0375