0 0.7640625 0.19453125 0.0359375 0.04609375
0 0.20703125 0.690625 0.04375 0.05234375
0 0.675 0.71875 0.0453125 0.04765625
0 0.715625 0.83046875 0.0375 0.06875
0 0.96484375 0.840625 0.0390625 0.05
0 0.790625 0.84765625 0.0375 0.05234375
0 0.7390625 0.96328125 0.0359375 0.05234375
0 0.8625 0.92265625 0.0359375 0.05234375
0 0.94765625 0.025 0.0328125 0.04375
1 0.51953125 0.34609375 0.0953125 0.10859375
2 0.5140625 0.37109375 0.028125 0.04609375
2 0.5703125 0.8875 0.0390625 0.04765625
2 0.9875 0.63515625 0.025 0.03359375