0 0.76328125 0.19609375 0.0359375 0.04609375
0 0.25078125 0.65234375 0.046875 0.05390625
0 0.74375 0.71875 0.046875 0.05859375
0 0.71484375 0.803125 0.05 0.06015625
0 0.959375 0.83671875 0.05 0.06484375
0 0.7921875 0.85625 0.05 0.0625
0 0.73984375 0.96484375 0.0421875 0.06015625
0 0.91015625 0.90546875 0.0484375 0.06015625
0 0.94765625 0.03359375 0.0390625 0.04609375
1 0.51953125 0.34609375 0.0953125 0.10859375
2 0.51328125 0.36875 0.0359375 0.04609375
2 0.47890625 0.93125 0.040625 0.04140625
2 0.9859375 0.64609375 0.028125 0.05