0 0.76015625 0.20234375 0.0359375 0.04609375
0 0.35078125 0.44296875 0.046875 0.06484375
0 0.70546875 0.671875 0.0515625 0.06875
0 0.89609375 0.92265625 0.034375 0.04140625
0 0.790625 0.85546875 0.04375 0.05625
0 0.75625 0.9765625 0.034375 0.046875
0 0.99375 0.75859375 0.0125 0.05859375
0 0.96640625 0.84140625 0.040625 0.05
0 0.715625 0.75859375 0.0359375 0.05859375
0 0.94375 0.034375 0.0375 0.04609375
1 0.51953125 0.34609375 0.0953125 0.10859375
2 0.5109375 0.365625 0.025 0.03984375
2 0.290625 0.81171875 0.04375 0.04609375
2 0.9875 0.65703125 0.025 0.03359375