0 0.7640625 0.19296875 0.0359375 0.04609375
0 0.1609375 0.71796875 0.04375 0.05234375
0 0.60703125 0.75078125 0.0453125 0.05625
0 0.71796875 0.85546875 0.03125 0.05625
0 0.9765625 0.83359375 0.0359375 0.04609375
0 0.790625 0.83984375 0.0375 0.05234375
0 0.7421875 0.9625 0.034375 0.05234375
0 0.8234375 0.95546875 0.0359375 0.05234375
0 0.94921875 0.021875 0.0296875 0.03984375
1 0.51953125 0.34609375 0.0953125 0.10859375
2 0.5125 0.36875 0.025 0.04140625
2 0.628125 0.82890625 0.0421875 0.05
2 0.98671875 0.63203125 0.0234375 0.03984375