0 0.7609375 0.20078125 0.0359375 0.04609375
0 0.34296875 0.48671875 0.046875 0.06484375
0 0.9609375 0.75078125 0.0390625 0.04375
0 0.70625 0.690625 0.0515625 0.06875
0 0.91484375 0.90390625 0.0453125 0.03515625
0 0.790625 0.85546875 0.04375 0.05625
0 0.7546875 0.96953125 0.0359375 0.05625
0 0.98359375 0.76796875 0.0265625 0.05859375
0 0.90859375 0.86484375 0.0375 0.04375
0 0.72421875 0.81171875 0.0359375 0.05859375
0 0.94375 0.03203125 0.0375 0.04609375
1 0.51953125 0.34609375 0.0953125 0.10859375
2 0.5109375 0.365625 0.025 0.03984375
2 0.3234375 0.82890625 0.04375 0.04140625
2 0.9875 0.653125 0.025 0.03359375