0 0.7625 0.19765625 0.0359375 0.04609375
0 0.284375 0.5875 0.046875 0.06015625
0 0.8140625 0.71328125 0.046875 0.05625
0 0.71328125 0.75703125 0.0390625 0.06484375
0 0.95546875 0.853125 0.0328125 0.05234375
0 0.79140625 0.85703125 0.0453125 0.06015625
0 0.74296875 0.96328125 0.0390625 0.06875
0 0.95 0.86640625 0.0484375 0.05234375
0 0.71875 0.9765625 0.05 0.046875
0 0.94453125 0.028125 0.0359375 0.04375
1 0.51953125 0.34609375 0.0953125 0.10859375
2 0.5109375 0.365625 0.025 0.03984375
2 0.4046875 0.91484375 0.0390625 0.04140625
2 0.98671875 0.646875 0.0265625 0.03515625