0 0.759375 0.20390625 0.0359375 0.04609375
0 0.36875 0.35859375 0.0453125 0.06875
0 0.71015625 0.6375 0.0484375 0.06015625
0 0.88125 0.92578125 0.0359375 0.04140625
0 0.790625 0.85390625 0.04375 0.05390625
0 0.753125 0.9765625 0.034375 0.046875
0 0.70234375 0.61328125 0.03125 0.05625
0 0.94296875 0.03515625 0.0359375 0.04609375
1 0.51953125 0.34609375 0.0953125 0.10859375
2 0.5109375 0.365625 0.025 0.03984375
2 0.2859375 0.72890625 0.0421875 0.06484375
2 0.9875 0.665625 0.025 0.03359375
2 0.1875 0.01171875 0.0296875 0.02109375