0 0.7609375 0.20078125 0.0359375 0.04609375
0 0.34375 0.48515625 0.046875 0.06484375
0 0.96953125 0.75546875 0.034375 0.03515625
0 0.70234375 0.68828125 0.0515625 0.06875
0 0.91171875 0.91015625 0.0421875 0.0375
0 0.790625 0.85546875 0.04375 0.05625
0 0.75703125 0.97421875 0.034375 0.05
0 0.9828125 0.75859375 0.0265625 0.05859375
0 0.928125 0.85 0.0390625 0.04375
0 0.72578125 0.8 0.0359375 0.05859375
0 0.94375 0.03203125 0.0375 0.04609375
1 0.51953125 0.34609375 0.0953125 0.10859375
2 0.5109375 0.365625 0.025 0.03984375
2 0.31171875 0.82890625 0.04375 0.04140625
2 0.9875 0.65390625 0.025 0.03359375