0 0.759375 0.20546875 0.0359375 0.04609375
0 0.375 0.315625 0.0453125 0.06875
0 0.71328125 0.61953125 0.0484375 0.06484375
0 0.8625 0.91171875 0.0390625 0.03984375
0 0.790625 0.85390625 0.04375 0.05390625
0 0.753125 0.9765625 0.034375 0.046875
0 0.67578125 0.55078125 0.0390625 0.06015625
0 0.9796875 0.13671875 0.0375 0.06484375
0 0.9421875 0.03515625 0.034375 0.04609375
1 0.51953125 0.34609375 0.0953125 0.10859375
2 0.5109375 0.365625 0.025 0.03984375
2 0.30234375 0.671875 0.053125 0.05390625
2 0.9875 0.66328125 0.025 0.03359375
2 0.14453125 0.034375 0.0265625 0.03515625