0 0.40078125 0.78203125 0.0390625 0.04375
0 0.82734375 0.80234375 0.0375 0.04140625
0 0.78046875 0.68125 0.0390625 0.04609375
0 0.7625 0.565625 0.0375 0.05
0 0.240625 0.04375 0.0453125 0.04765625
0 0.56015625 0.175 0.0265625 0.05
0 0.921875 0.14453125 0.028125 0.05
0 0.09375 0.46484375 0.0328125 0.04609375
0 0.27734375 0.46875 0.0546875 0.04609375
0 0.31328125 0.51875 0.0359375 0.03515625
0 0.690625 0.39453125 0.0296875 0.04609375
0 0.66796875 0.43984375 0.040625 0.04765625
0 0.7703125 0.27421875 0.040625 0.05234375
0 0.85625 0.65859375 0.046875 0.05390625
0 0.4671875 0.209375 0.040625 0.03984375
1 0.19296875 0.76875 0.0984375 0.13359375
2 0.18359375 0.728125 0.028125 0.03359375