0 0.76328125 0.19609375 0.0359375 0.04609375
0 0.240625 0.6625 0.0515625 0.06484375
0 0.7265625 0.72265625 0.0359375 0.04375
0 0.7125 0.80859375 0.053125 0.07109375
0 0.9625 0.83828125 0.0484375 0.06015625
0 0.79140625 0.85546875 0.0453125 0.06015625
0 0.740625 0.96640625 0.0375 0.05
0 0.90078125 0.92109375 0.04375 0.05234375
0 0.946875 0.03046875 0.0359375 0.03984375
1 0.51953125 0.34609375 0.0953125 0.10859375
2 0.51484375 0.36875 0.0296875 0.04140625
2 0.49921875 0.92890625 0.0390625 0.04140625
2 0.9875 0.646875 0.025 0.03984375