0 0.40078125 0.78203125 0.0390625 0.04375
0 0.82734375 0.80078125 0.0375 0.04140625
0 0.78046875 0.68125 0.0390625 0.04609375
0 0.7625 0.565625 0.0375 0.05
0 0.2515625 0.03828125 0.040625 0.04375
0 0.55234375 0.21640625 0.0265625 0.05
0 0.92109375 0.14453125 0.028125 0.05
0 0.09296875 0.46328125 0.0328125 0.04609375
0 0.27734375 0.46875 0.0546875 0.04609375
0 0.31015625 0.51328125 0.0359375 0.03515625
0 0.68828125 0.39609375 0.0296875 0.04609375
0 0.696875 0.43359375 0.0375 0.0375
0 0.7703125 0.27421875 0.040625 0.05234375
0 0.85625 0.65859375 0.046875 0.05390625
0 0.4671875 0.209375 0.040625 0.03984375
1 0.19296875 0.76875 0.0984375 0.13359375
2 0.1828125 0.72734375 0.028125 0.03359375