0 0.76171875 0.19921875 0.0359375 0.04609375
0 0.31328125 0.52890625 0.046875 0.06484375
0 0.88671875 0.74296875 0.0421875 0.05390625
0 0.71484375 0.72421875 0.0515625 0.06875
0 0.93515625 0.90390625 0.0359375 0.05
0 0.79140625 0.85625 0.0453125 0.05859375
0 0.74765625 0.95390625 0.0359375 0.06484375
0 0.95859375 0.81015625 0.0375 0.06015625
0 0.81328125 0.928125 0.046875 0.06640625
0 0.73046875 0.90625 0.03125 0.05859375
0 0.94453125 0.028125 0.0375 0.04609375
1 0.51953125 0.34609375 0.0953125 0.10859375
2 0.5109375 0.365625 0.025 0.03984375
2 0.36015625 0.88828125 0.0421875 0.05
2 0.9875 0.646875 0.025 0.03359375