0 0.76171875 0.19921875 0.0359375 0.04609375
0 0.309375 0.559375 0.046875 0.06484375
0 0.86171875 0.73515625 0.04375 0.05390625
0 0.71171875 0.73125 0.040625 0.06640625
0 0.934375 0.88125 0.0375 0.05390625
0 0.79140625 0.85625 0.0453125 0.05859375
0 0.74609375 0.95625 0.0359375 0.05390625
0 0.95078125 0.821875 0.0359375 0.05625
0 0.77421875 0.93359375 0.0484375 0.06640625
0 0.728125 0.93828125 0.03125 0.04765625
0 0.94453125 0.028125 0.0375 0.04609375
1 0.51953125 0.34609375 0.0953125 0.10859375
2 0.5109375 0.365625 0.025 0.03984375
2 0.36796875 0.88203125 0.0421875 0.05
2 0.9859375 0.64765625 0.028125 0.0375