0 0.7640625 0.19375 0.0359375 0.04609375
0 0.184375 0.70390625 0.04375 0.05234375
0 0.63984375 0.74921875 0.05 0.05625
0 0.7234375 0.83984375 0.0375 0.07109375
0 0.97421875 0.840625 0.0375 0.04765625
0 0.790625 0.84375 0.0375 0.05234375
0 0.7375 0.96171875 0.034375 0.05234375
0 0.8390625 0.95703125 0.0359375 0.05234375
0 0.9484375 0.02265625 0.03125 0.04140625
1 0.51953125 0.34609375 0.0953125 0.10859375
2 0.51328125 0.36953125 0.0265625 0.04375
2 0.60546875 0.85625 0.0453125 0.05390625
2 0.98671875 0.63359375 0.0234375 0.0375