0 0.7640625 0.19375 0.0359375 0.04609375
0 0.20078125 0.69453125 0.04375 0.05234375
0 0.66328125 0.725 0.046875 0.05234375
0 0.7171875 0.83359375 0.0375 0.07109375
0 0.96640625 0.840625 0.0375 0.04765625
0 0.790625 0.846875 0.0375 0.05234375
0 0.73828125 0.9625 0.0359375 0.05234375
0 0.85546875 0.93359375 0.0359375 0.05234375
0 0.94765625 0.02421875 0.0328125 0.04375
1 0.51953125 0.34609375 0.0953125 0.10859375
2 0.51328125 0.36953125 0.0265625 0.04375
2 0.584375 0.89765625 0.0390625 0.04765625
2 0.9875 0.634375 0.025 0.03515625