0 0.7609375 0.2 0.0359375 0.04609375
0 0.33515625 0.49765625 0.046875 0.06484375
0 0.92890625 0.74765625 0.04375 0.05625
0 0.709375 0.703125 0.0515625 0.06875
0 0.92265625 0.9 0.04375 0.04140625
0 0.79140625 0.85625 0.0453125 0.05859375
0 0.75078125 0.96015625 0.0359375 0.06484375
0 0.98203125 0.79296875 0.0328125 0.05859375
0 0.8578125 0.87421875 0.040625 0.06015625
0 0.7296875 0.85546875 0.034375 0.05859375
0 0.94375 0.03046875 0.0375 0.04609375
1 0.51953125 0.34609375 0.0953125 0.10859375
2 0.5109375 0.365625 0.025 0.03984375
2 0.328125 0.859375 0.0375 0.05234375
2 0.9875 0.65 0.025 0.03359375