0 0.7625 0.196875 0.0359375 0.04609375
0 0.27265625 0.61640625 0.04375 0.04609375
0 0.78828125 0.71328125 0.046875 0.05625
0 0.71015625 0.77109375 0.0328125 0.05234375
0 0.9453125 0.81484375 0.040625 0.05
0 0.79140625 0.85703125 0.0453125 0.06015625
0 0.74140625 0.96328125 0.0421875 0.06875
0 0.93046875 0.86875 0.0515625 0.06484375
0 0.69140625 0.98203125 0.0359375 0.03515625
0 0.94453125 0.02890625 0.0359375 0.04140625
1 0.51953125 0.34609375 0.0953125 0.10859375
2 0.51484375 0.365625 0.0328125 0.03984375
2 0.44453125 0.92734375 0.04375 0.04375
2 0.98671875 0.646875 0.0265625 0.0375