0 0.7625 0.19609375 0.0359375 0.04609375
0 0.25625 0.64609375 0.0453125 0.04765625
0 0.75234375 0.71640625 0.0515625 0.06640625
0 0.715625 0.80078125 0.046875 0.05625
0 0.9578125 0.83671875 0.0515625 0.06484375
0 0.7921875 0.85703125 0.0515625 0.06484375
0 0.73984375 0.96328125 0.04375 0.06640625
0 0.915625 0.89609375 0.0515625 0.0625
0 0.94765625 0.034375 0.0390625 0.04765625
1 0.51953125 0.34609375 0.0953125 0.10859375
2 0.51328125 0.36796875 0.0359375 0.04375
2 0.4734375 0.93203125 0.04375 0.04609375
2 0.9859375 0.64609375 0.028125 0.04765625