0 0.76484375 0.19296875 0.0359375 0.04609375
0 0.1515625 0.721875 0.04375 0.05234375
0 0.59765625 0.76328125 0.0484375 0.05234375
0 0.71796875 0.86015625 0.03125 0.05625
0 0.975 0.82890625 0.0359375 0.04609375
0 0.790625 0.83828125 0.0375 0.05234375
0 0.74140625 0.96171875 0.034375 0.05234375
0 0.81796875 0.95546875 0.0359375 0.05234375
0 0.94921875 0.021875 0.0296875 0.03984375
1 0.51953125 0.34609375 0.0953125 0.10859375
2 0.51171875 0.36796875 0.0234375 0.03984375
2 0.64765625 0.82734375 0.0390625 0.05
2 0.98671875 0.63203125 0.0234375 0.03984375