0 0.7609375 0.2 0.0359375 0.04609375
0 0.33359375 0.50234375 0.046875 0.06484375
0 0.921875 0.74921875 0.04375 0.05625
0 0.7078125 0.70625 0.0515625 0.06875
0 0.9234375 0.90078125 0.040625 0.04375
0 0.79140625 0.85625 0.0453125 0.05859375
0 0.75078125 0.959375 0.0359375 0.06484375
0 0.9796875 0.79609375 0.034375 0.06015625
0 0.84921875 0.88125 0.0390625 0.06015625
0 0.73203125 0.865625 0.0328125 0.05859375
0 0.94375 0.03046875 0.0375 0.04609375
1 0.51953125 0.34609375 0.0953125 0.10859375
2 0.5109375 0.365625 0.025 0.03984375
2 0.3296875 0.86796875 0.034375 0.05625
2 0.9875 0.65 0.025 0.03359375