0 0.7609375 0.20078125 0.0359375 0.04609375
0 0.34296875 0.48671875 0.046875 0.06484375
0 0.96171875 0.75078125 0.0375 0.04375
0 0.70625 0.690625 0.0515625 0.06875
0 0.9140625 0.90546875 0.0453125 0.03515625
0 0.790625 0.85546875 0.04375 0.05625
0 0.75546875 0.97109375 0.034375 0.05390625
0 0.98359375 0.76640625 0.0265625 0.05859375
0 0.91015625 0.8625 0.0375 0.04375
0 0.72421875 0.81015625 0.0359375 0.05859375
0 0.94375 0.03203125 0.0375 0.04609375
1 0.51953125 0.34609375 0.0953125 0.10859375
2 0.5109375 0.365625 0.025 0.03984375
2 0.32265625 0.82890625 0.04375 0.04140625
2 0.9875 0.653125 0.025 0.03359375