0 0.7625 0.196875 0.0359375 0.04609375
0 0.26328125 0.63671875 0.0421875 0.04140625
0 0.765625 0.71484375 0.0546875 0.07109375
0 0.71484375 0.79296875 0.0421875 0.05
0 0.953125 0.82890625 0.0515625 0.0625
0 0.7921875 0.85859375 0.0515625 0.06484375
0 0.73984375 0.9625 0.0453125 0.07109375
0 0.92109375 0.88359375 0.053125 0.06640625
0 0.94609375 0.03203125 0.0375 0.04609375
1 0.51953125 0.34609375 0.0953125 0.10859375
2 0.5140625 0.36796875 0.034375 0.04375
2 0.4625 0.93203125 0.046875 0.04765625
2 0.9859375 0.64609375 0.028125 0.04375