0 0.7625 0.19765625 0.0359375 0.04609375
0 0.27734375 0.60546875 0.04375 0.05234375
0 0.7984375 0.71328125 0.046875 0.05625
0 0.71171875 0.765625 0.0359375 0.05625
0 0.94921875 0.82890625 0.0375 0.05
0 0.79140625 0.85703125 0.0453125 0.06015625
0 0.7421875 0.96328125 0.040625 0.06875
0 0.93828125 0.86796875 0.05 0.06015625
0 0.69453125 0.9734375 0.0421875 0.053125
0 0.94453125 0.02890625 0.0359375 0.04140625
1 0.51953125 0.34609375 0.0953125 0.10859375
2 0.5125 0.365625 0.028125 0.03984375
2 0.42578125 0.91328125 0.0390625 0.04140625
2 0.98671875 0.646875 0.0265625 0.03515625