0 0.7625 0.19609375 0.0359375 0.04609375
0 0.259375 0.64296875 0.04375 0.04375
0 0.75625 0.715625 0.053125 0.07109375
0 0.715625 0.79921875 0.046875 0.05234375
0 0.95703125 0.83515625 0.053125 0.06640625
0 0.7921875 0.85859375 0.0515625 0.06640625
0 0.7390625 0.96328125 0.0453125 0.06875
0 0.91796875 0.89140625 0.0515625 0.06484375
0 0.946875 0.03359375 0.0390625 0.04609375
1 0.51953125 0.34609375 0.0953125 0.10859375
2 0.5140625 0.36796875 0.034375 0.04375
2 0.4703125 0.93203125 0.0453125 0.04609375
2 0.9859375 0.64609375 0.028125 0.04609375