0 0.76171875 0.2 0.0359375 0.04609375
0 0.3203125 0.52109375 0.046875 0.06484375
0 0.89609375 0.746875 0.0421875 0.05390625
0 0.7109375 0.71875 0.0515625 0.06875
0 0.93125 0.90390625 0.0359375 0.05
0 0.79140625 0.85625 0.0453125 0.05859375
0 0.7484375 0.95546875 0.0359375 0.06484375
0 0.96640625 0.80703125 0.0375 0.06015625
0 0.82578125 0.92265625 0.04375 0.06484375
0 0.73359375 0.896875 0.03125 0.05859375
0 0.94375 0.02890625 0.0375 0.04609375
1 0.51953125 0.34609375 0.0953125 0.10859375
2 0.5109375 0.365625 0.025 0.03984375
2 0.35390625 0.8875 0.0421875 0.05
2 0.9875 0.64765625 0.025 0.03359375