0 0.7609375 0.20078125 0.0359375 0.04609375
0 0.34140625 0.48671875 0.046875 0.06484375
0 0.953125 0.746875 0.0421875 0.05234375
0 0.7109375 0.69375 0.0515625 0.06875
0 0.9171875 0.89921875 0.0484375 0.03515625
0 0.79140625 0.85625 0.0453125 0.05859375
0 0.753125 0.96640625 0.0359375 0.06015625
0 0.9859375 0.77734375 0.0265625 0.05859375
0 0.89140625 0.875 0.0359375 0.04609375
0 0.72265625 0.82109375 0.0359375 0.05859375
0 0.94375 0.03125 0.0375 0.04609375
1 0.51953125 0.34609375 0.0953125 0.10859375
2 0.5109375 0.365625 0.025 0.03984375
2 0.31796875 0.84453125 0.04375 0.04140625
2 0.9875 0.65234375 0.025 0.03359375