0 0.76328125 0.19453125 0.0359375 0.04609375
0 0.21015625 0.68828125 0.04375 0.05234375
0 0.68046875 0.71953125 0.0453125 0.04765625
0 0.715625 0.82890625 0.0375 0.06640625
0 0.96640625 0.840625 0.0390625 0.05
0 0.790625 0.84921875 0.0375 0.05234375
0 0.7390625 0.96328125 0.0359375 0.05234375
0 0.86484375 0.91875 0.0359375 0.05234375
0 0.946875 0.025 0.0328125 0.04140625
1 0.51953125 0.34609375 0.0953125 0.10859375
2 0.5140625 0.37109375 0.028125 0.04609375
2 0.56328125 0.884375 0.0390625 0.04765625
2 0.9875 0.6375 0.025 0.03515625