0 0.7640625 0.19296875 0.0359375 0.04609375
0 0.1765625 0.70859375 0.04375 0.05234375
0 0.6234375 0.74609375 0.040625 0.04375
0 0.71953125 0.84609375 0.03125 0.05859375
0 0.97890625 0.840625 0.0375 0.04765625
0 0.790625 0.84140625 0.0375 0.05234375
0 0.73984375 0.9625 0.034375 0.05234375
0 0.83125 0.95546875 0.0359375 0.05234375
0 0.9484375 0.02265625 0.03125 0.04140625
1 0.51953125 0.34609375 0.0953125 0.10859375
2 0.5125 0.36875 0.025 0.04140625
2 0.61484375 0.83984375 0.0453125 0.05
2 0.98671875 0.63359375 0.0234375 0.0375