0 0.759375 0.20546875 0.0359375 0.04609375
0 0.36875 0.325 0.0453125 0.06875
0 0.71484375 0.62578125 0.0484375 0.06484375
0 0.865625 0.91796875 0.0390625 0.03984375
0 0.790625 0.85390625 0.04375 0.05390625
0 0.753125 0.9765625 0.034375 0.046875
0 0.68671875 0.57734375 0.0328125 0.06484375
0 0.98125 0.13515625 0.034375 0.0625
0 0.94296875 0.03515625 0.0359375 0.04609375
1 0.51953125 0.34609375 0.0953125 0.10859375
2 0.5109375 0.365625 0.025 0.03984375
2 0.2953125 0.68125 0.053125 0.05390625
2 0.9875 0.66484375 0.025 0.03359375
2 0.15234375 0.009375 0.03125 0.01875