0 0.40078125 0.78203125 0.0390625 0.04375
0 0.8265625 0.79609375 0.0375 0.04140625
0 0.78046875 0.68125 0.0390625 0.04609375
0 0.7625 0.5625 0.0375 0.05
0 0.28671875 0.01484375 0.04375 0.02890625
0 0.49921875 0.47890625 0.03125 0.06484375
0 0.91875 0.14375 0.028125 0.05
0 0.08984375 0.4625 0.0328125 0.04609375
0 0.27734375 0.46875 0.0546875 0.04609375
0 0.278125 0.559375 0.03125 0.04765625
0 0.68046875 0.40234375 0.0296875 0.04609375
0 0.85859375 0.334375 0.0375 0.05
0 0.7703125 0.27421875 0.040625 0.05234375
0 0.85625 0.65859375 0.046875 0.05390625
0 0.4640625 0.21328125 0.040625 0.03984375
0 0.05859375 0.06796875 0.0375 0.04140625
1 0.19296875 0.76875 0.0984375 0.13359375
2 0.18203125 0.72734375 0.0296875 0.03359375