0 0.7609375 0.20078125 0.0359375 0.04609375
0 0.3421875 0.48671875 0.046875 0.06484375
0 0.95546875 0.74765625 0.040625 0.05
0 0.709375 0.69296875 0.0515625 0.06875
0 0.91640625 0.90078125 0.046875 0.03515625
0 0.79140625 0.85625 0.0453125 0.05859375
0 0.75390625 0.96796875 0.0359375 0.05859375
0 0.98515625 0.77421875 0.0265625 0.05859375
0 0.896875 0.875 0.0359375 0.04375
0 0.72265625 0.81796875 0.0359375 0.05859375
0 0.94375 0.03125 0.0375 0.04609375
1 0.51953125 0.34609375 0.0953125 0.10859375
2 0.5109375 0.365625 0.025 0.03984375
2 0.3203125 0.83984375 0.04375 0.04140625
2 0.9875 0.65234375 0.025 0.03359375