0 0.759375 0.20390625 0.0359375 0.04609375
0 0.36796875 0.34375 0.0453125 0.06875
0 0.7125 0.63359375 0.0484375 0.0625
0 0.87421875 0.92265625 0.0375 0.03984375
0 0.790625 0.85390625 0.04375 0.05390625
0 0.753125 0.9765625 0.034375 0.046875
0 0.696875 0.6 0.03125 0.06015625
0 0.94296875 0.03515625 0.0359375 0.04609375
1 0.51953125 0.34609375 0.0953125 0.10859375
2 0.5109375 0.365625 0.025 0.03984375
2 0.28828125 0.70390625 0.05 0.06484375
2 0.9875 0.665625 0.025 0.03359375
2 0.17421875 0.01875 0.034375 0.02890625