0 0.7609375 0.20078125 0.0359375 0.04609375
0 0.34140625 0.48671875 0.046875 0.06484375
0 0.9546875 0.74765625 0.0421875 0.05
0 0.709375 0.69296875 0.0515625 0.06875
0 0.91640625 0.90078125 0.046875 0.03515625
0 0.79140625 0.85625 0.0453125 0.05859375
0 0.75390625 0.96640625 0.0359375 0.06015625
0 0.98515625 0.775 0.0265625 0.05859375
0 0.89453125 0.87578125 0.0359375 0.04375
0 0.72265625 0.81875 0.0359375 0.05859375
0 0.94375 0.03125 0.0375 0.04609375
1 0.51953125 0.34609375 0.0953125 0.10859375
2 0.5109375 0.365625 0.025 0.03984375
2 0.31953125 0.840625 0.04375 0.04140625
2 0.9875 0.65234375 0.025 0.03359375