0 0.7609375 0.20078125 0.0359375 0.04609375
0 0.3453125 0.47890625 0.046875 0.06484375
0 0.971875 0.75546875 0.0328125 0.03515625
0 0.70234375 0.68671875 0.0515625 0.06875
0 0.9109375 0.9125 0.040625 0.03984375
0 0.790625 0.85546875 0.04375 0.05625
0 0.7578125 0.97578125 0.034375 0.04765625
0 0.984375 0.75859375 0.025 0.05859375
0 0.93671875 0.85234375 0.040625 0.04375
0 0.72421875 0.79375 0.0359375 0.05859375
0 0.94375 0.03203125 0.0375 0.04609375
1 0.51953125 0.34609375 0.0953125 0.10859375
2 0.5109375 0.365625 0.025 0.03984375
2 0.30703125 0.82890625 0.04375 0.04140625
2 0.9875 0.65390625 0.025 0.03359375