0 0.7625 0.196875 0.0359375 0.04609375
0 0.275 0.61171875 0.04375 0.04765625
0 0.79296875 0.71328125 0.046875 0.05625
0 0.7109375 0.76796875 0.034375 0.05390625
0 0.94765625 0.821875 0.0390625 0.05
0 0.79140625 0.85703125 0.0453125 0.06015625
0 0.74140625 0.96328125 0.0421875 0.06875
0 0.934375 0.86796875 0.0515625 0.0625
0 0.69140625 0.97578125 0.0359375 0.04765625
0 0.94453125 0.02890625 0.0359375 0.04140625
1 0.51953125 0.34609375 0.0953125 0.10859375
2 0.51328125 0.365625 0.0296875 0.03984375
2 0.4375 0.921875 0.040625 0.04375
2 0.98671875 0.646875 0.0265625 0.0375