0 0.76328125 0.19453125 0.0359375 0.04609375
0 0.2125 0.68515625 0.04375 0.05234375
0 0.6859375 0.71953125 0.046875 0.04609375
0 0.715625 0.828125 0.0375 0.06484375
0 0.9671875 0.84140625 0.040625 0.05234375
0 0.790625 0.84921875 0.0375 0.05234375
0 0.7390625 0.96484375 0.0359375 0.05
0 0.8671875 0.915625 0.0359375 0.05234375
0 0.946875 0.02578125 0.0328125 0.04140625
1 0.51953125 0.34609375 0.0953125 0.10859375
2 0.5140625 0.37109375 0.028125 0.04609375
2 0.55859375 0.88984375 0.0390625 0.04765625
2 0.9875 0.63828125 0.025 0.0375