0 0.7609375 0.20078125 0.0359375 0.04609375
0 0.3484375 0.4625 0.046875 0.06484375
0 0.9796875 0.75625 0.028125 0.0375
0 0.70234375 0.68203125 0.0515625 0.06875
0 0.9078125 0.91953125 0.0359375 0.03984375
0 0.790625 0.85546875 0.04375 0.05625
0 0.7578125 0.9765625 0.034375 0.046875
0 0.98828125 0.75859375 0.0203125 0.05859375
0 0.94453125 0.83984375 0.040625 0.05
0 0.72109375 0.77734375 0.0359375 0.05859375
0 0.94375 0.03359375 0.0375 0.04609375
1 0.51953125 0.34609375 0.0953125 0.10859375
2 0.5109375 0.365625 0.025 0.03984375
2 0.30703125 0.8125 0.0359375 0.05390625
2 0.9875 0.65546875 0.025 0.03359375