0 0.76484375 0.19140625 0.0359375 0.04609375
0 0.13828125 0.72578125 0.04375 0.05234375
0 0.57890625 0.771875 0.0421875 0.04765625
0 0.71796875 0.87109375 0.03125 0.05625
0 0.97109375 0.82109375 0.034375 0.04375
0 0.790625 0.83671875 0.0375 0.05234375
0 0.74140625 0.95859375 0.034375 0.05234375
0 0.81171875 0.9625 0.0359375 0.04609375
0 0.95 0.02109375 0.028125 0.0375
1 0.51953125 0.34609375 0.0953125 0.10859375
2 0.51171875 0.36796875 0.0234375 0.03984375
2 0.65078125 0.79453125 0.040625 0.05625
2 0.9859375 0.63125 0.021875 0.04140625