0 0.76171875 0.19921875 0.0359375 0.04609375
0 0.30078125 0.56796875 0.046875 0.06484375
0 0.8453125 0.72734375 0.0453125 0.05625
0 0.7125 0.740625 0.040625 0.06640625
0 0.934375 0.88125 0.040625 0.05859375
0 0.79140625 0.85625 0.0453125 0.05859375
0 0.7453125 0.96484375 0.034375 0.06640625
0 0.95390625 0.83671875 0.0390625 0.05
0 0.7515625 0.93046875 0.0453125 0.05625
0 0.734375 0.97734375 0.0375 0.04140625
0 0.9453125 0.02734375 0.0375 0.04609375
1 0.51953125 0.34609375 0.0953125 0.10859375
2 0.5109375 0.365625 0.025 0.03984375
2 0.36015625 0.89140625 0.0421875 0.05
2 0.98515625 0.64921875 0.0296875 0.03984375