0 0.76171875 0.19765625 0.0359375 0.04609375
0 0.29765625 0.57109375 0.046875 0.06484375
0 0.83984375 0.72421875 0.0453125 0.05625
0 0.7125 0.74375 0.040625 0.06640625
0 0.93828125 0.88046875 0.0390625 0.05859375
0 0.79140625 0.85625 0.0453125 0.05859375
0 0.74453125 0.96484375 0.0359375 0.06640625
0 0.9546875 0.84140625 0.0421875 0.05
0 0.746875 0.94140625 0.0453125 0.05625
0 0.734375 0.98203125 0.0375 0.03515625
0 0.9453125 0.02734375 0.0375 0.04609375
1 0.51953125 0.34609375 0.0953125 0.10859375
2 0.5109375 0.365625 0.025 0.03984375
2 0.36875 0.90234375 0.040625 0.04609375
2 0.98515625 0.64921875 0.0296875 0.03984375