0 0.76171875 0.19765625 0.0359375 0.04609375
0 0.29140625 0.57578125 0.046875 0.06484375
0 0.82734375 0.71796875 0.046875 0.05625
0 0.71328125 0.75 0.040625 0.06640625
0 0.9484375 0.87109375 0.03125 0.05625
0 0.79140625 0.85703125 0.0453125 0.06015625
0 0.74375 0.96484375 0.0375 0.06640625
0 0.9546875 0.85390625 0.0453125 0.05
0 0.73046875 0.959375 0.0453125 0.05625
0 0.9453125 0.028125 0.0375 0.04375
1 0.51953125 0.34609375 0.0953125 0.10859375
2 0.5109375 0.365625 0.025 0.03984375
2 0.38359375 0.92265625 0.0390625 0.04140625
2 0.9859375 0.64765625 0.028125 0.0375