0 0.76484375 0.19140625 0.0359375 0.04609375
0 0.13359375 0.72578125 0.04375 0.05234375
0 0.5703125 0.771875 0.0359375 0.04765625
0 0.7171875 0.875 0.03125 0.05625
0 0.96953125 0.81640625 0.0328125 0.04140625
0 0.790625 0.83515625 0.0375 0.05234375
0 0.740625 0.95625 0.034375 0.05234375
0 0.809375 0.96875 0.0359375 0.04140625
0 0.95 0.02109375 0.028125 0.0375
1 0.51953125 0.34609375 0.0953125 0.10859375
2 0.5109375 0.36640625 0.021875 0.0375
2 0.65234375 0.771875 0.040625 0.05625
2 0.9859375 0.63046875 0.021875 0.04375