0 0.7625 0.196875 0.0359375 0.04609375
0 0.26484375 0.63359375 0.0421875 0.04140625
0 0.76953125 0.71484375 0.0515625 0.06640625
0 0.71328125 0.7875 0.0390625 0.05
0 0.95078125 0.821875 0.0484375 0.06015625
0 0.7921875 0.85859375 0.05 0.06484375
0 0.73984375 0.9625 0.0453125 0.07109375
0 0.92265625 0.87890625 0.053125 0.06640625
0 0.94609375 0.03125 0.0375 0.04375
1 0.51953125 0.34609375 0.0953125 0.10859375
2 0.5140625 0.36640625 0.034375 0.04140625
2 0.45703125 0.93203125 0.046875 0.04765625
2 0.9859375 0.64609375 0.028125 0.04375