0 0.7640625 0.19296875 0.0359375 0.04609375
0 0.15625 0.71953125 0.04375 0.05234375
0 0.6015625 0.75859375 0.046875 0.05390625
0 0.71796875 0.85859375 0.03125 0.05625
0 0.97578125 0.83125 0.0359375 0.04609375
0 0.790625 0.83984375 0.0375 0.05234375
0 0.7421875 0.96171875 0.034375 0.05234375
0 0.8203125 0.95546875 0.0359375 0.05234375
0 0.94921875 0.021875 0.0296875 0.03984375
1 0.51953125 0.34609375 0.0953125 0.10859375
2 0.51171875 0.36796875 0.0234375 0.03984375
2 0.63828125 0.82890625 0.0390625 0.04609375
2 0.98671875 0.63203125 0.0234375 0.03984375