0 0.7640625 0.19375 0.0359375 0.04609375
0 0.1875 0.70234375 0.04375 0.05234375
0 0.64453125 0.74453125 0.05 0.05625
0 0.72265625 0.83828125 0.0375 0.07109375
0 0.97265625 0.840625 0.0375 0.04765625
0 0.790625 0.84453125 0.0375 0.05234375
0 0.7375 0.96171875 0.034375 0.05234375
0 0.8421875 0.953125 0.0359375 0.05234375
0 0.9484375 0.02265625 0.03125 0.04140625
1 0.51953125 0.34609375 0.0953125 0.10859375
2 0.51328125 0.36953125 0.0265625 0.04375
2 0.603125 0.865625 0.04375 0.05390625
2 0.98671875 0.634375 0.0234375 0.03515625