0 0.76171875 0.19921875 0.0359375 0.04609375
0 0.31328125 0.54921875 0.046875 0.06484375
0 0.8734375 0.740625 0.0421875 0.05390625
0 0.7125 0.72734375 0.04375 0.06640625
0 0.93828125 0.890625 0.0359375 0.05
0 0.79140625 0.85625 0.0453125 0.05859375
0 0.74609375 0.95234375 0.0359375 0.06484375
0 0.95 0.815625 0.0375 0.06015625
0 0.79375 0.93046875 0.0484375 0.06640625
0 0.72734375 0.91796875 0.03125 0.05859375
0 0.94453125 0.028125 0.0375 0.04609375
1 0.51953125 0.34609375 0.0953125 0.10859375
2 0.5109375 0.365625 0.025 0.03984375
2 0.35390625 0.88359375 0.0421875 0.05
2 0.9875 0.64609375 0.025 0.03359375