0 0.76484375 0.19296875 0.0359375 0.04609375
0 0.14375 0.72578125 0.04375 0.05234375
0 0.5875 0.77265625 0.0484375 0.05
0 0.71796875 0.86640625 0.03125 0.05625
0 0.97265625 0.82421875 0.034375 0.04375
0 0.790625 0.8375 0.0375 0.05234375
0 0.74140625 0.959375 0.034375 0.05234375
0 0.8140625 0.95703125 0.0359375 0.05
0 0.94921875 0.021875 0.0296875 0.03984375
1 0.51953125 0.34609375 0.0953125 0.10859375
2 0.51171875 0.36796875 0.0234375 0.03984375
2 0.64765625 0.81015625 0.040625 0.05625
2 0.9859375 0.63125 0.021875 0.04140625