0 0.76328125 0.19609375 0.0359375 0.04609375
0 0.2484375 0.65390625 0.0484375 0.05625
0 0.7390625 0.71953125 0.04375 0.05390625
0 0.7140625 0.80390625 0.05 0.0625
0 0.96015625 0.8375 0.05 0.0625
0 0.79140625 0.85625 0.0484375 0.0625
0 0.73984375 0.965625 0.040625 0.05859375
0 0.9078125 0.909375 0.046875 0.05859375
0 0.946875 0.03125 0.0375 0.04140625
1 0.51953125 0.34609375 0.0953125 0.10859375
2 0.5140625 0.36875 0.0328125 0.04375
2 0.48515625 0.928125 0.0390625 0.04140625
2 0.9859375 0.64609375 0.028125 0.05