0 0.7609375 0.20078125 0.0359375 0.04609375
0 0.34609375 0.47421875 0.046875 0.06484375
0 0.97421875 0.75546875 0.03125 0.03515625
0 0.70234375 0.68515625 0.0515625 0.06875
0 0.91015625 0.91484375 0.0390625 0.03984375
0 0.790625 0.85546875 0.04375 0.05625
0 0.7578125 0.9765625 0.034375 0.046875
0 0.98515625 0.75859375 0.0234375 0.05859375
0 0.94140625 0.85234375 0.040625 0.04375
0 0.7234375 0.78984375 0.0359375 0.05859375
0 0.94375 0.03359375 0.0375 0.04609375
1 0.51953125 0.34609375 0.0953125 0.10859375
2 0.5109375 0.365625 0.025 0.03984375
2 0.3046875 0.82734375 0.0421875 0.04375
2 0.9875 0.65390625 0.025 0.03359375