0 0.759375 0.20390625 0.0359375 0.04609375
0 0.36640625 0.33046875 0.0453125 0.06875
0 0.71484375 0.62890625 0.0484375 0.06484375
0 0.8671875 0.91953125 0.0390625 0.03984375
0 0.790625 0.85390625 0.04375 0.05390625
0 0.753125 0.9765625 0.034375 0.046875
0 0.69140625 0.5875 0.03125 0.06640625
0 0.9859375 0.13984375 0.0265625 0.0625
0 0.94296875 0.03515625 0.0359375 0.04609375
1 0.51953125 0.34609375 0.0953125 0.10859375
2 0.5109375 0.365625 0.025 0.03984375
2 0.2921875 0.68515625 0.053125 0.05390625
2 0.9875 0.66484375 0.025 0.03359375
2 0.15859375 0.021875 0.0328125 0.02890625