0 0.7625 0.196875 0.0359375 0.04609375
0 0.2703125 0.62421875 0.0421875 0.04140625
0 0.78203125 0.71328125 0.046875 0.05625
0 0.709375 0.77421875 0.03125 0.04765625
0 0.94296875 0.80546875 0.0421875 0.05
0 0.79140625 0.85703125 0.0453125 0.06015625
0 0.740625 0.96328125 0.04375 0.06875
0 0.92578125 0.86875 0.053125 0.06640625
0 0.68203125 0.9828125 0.0359375 0.034375
0 0.94453125 0.02890625 0.0359375 0.04140625
1 0.51953125 0.34609375 0.0953125 0.10859375
2 0.51484375 0.365625 0.0328125 0.03984375
2 0.4453125 0.93046875 0.0453125 0.04609375
2 0.98671875 0.646875 0.0265625 0.03984375