0 0.76328125 0.19609375 0.0359375 0.04609375
0 0.22890625 0.671875 0.046875 0.05859375
0 0.71171875 0.721875 0.0421875 0.04140625
0 0.7140625 0.81796875 0.0453125 0.06484375
0 0.96640625 0.840625 0.0453125 0.05625
0 0.790625 0.853125 0.040625 0.05625
0 0.73984375 0.965625 0.0375 0.05
0 0.8859375 0.91484375 0.0390625 0.05234375
0 0.94609375 0.02890625 0.0328125 0.0375
1 0.51953125 0.34609375 0.0953125 0.10859375
2 0.51484375 0.37109375 0.0296875 0.04609375
2 0.521875 0.91640625 0.0390625 0.04765625
2 0.9859375 0.64296875 0.028125 0.04375