0 0.76484375 0.19140625 0.0359375 0.04609375
0 0.13046875 0.72578125 0.04375 0.05234375
0 0.56484375 0.77109375 0.03125 0.04609375
0 0.7171875 0.878125 0.03125 0.05625
0 0.96875 0.81484375 0.0328125 0.04140625
0 0.790625 0.834375 0.0375 0.05234375
0 0.740625 0.95625 0.034375 0.05234375
0 0.8078125 0.97265625 0.0359375 0.03984375
0 0.95 0.02109375 0.028125 0.0375
1 0.51953125 0.34609375 0.0953125 0.10859375
2 0.5109375 0.36640625 0.021875 0.0375
2 0.6578125 0.759375 0.040625 0.05625
2 0.9859375 0.63046875 0.021875 0.04375