0 0.7625 0.19765625 0.0359375 0.04609375
0 0.28046875 0.59921875 0.0453125 0.05390625
0 0.80390625 0.71328125 0.046875 0.05625
0 0.7125 0.7625 0.0375 0.05859375
0 0.9515625 0.8375 0.0359375 0.05234375
0 0.79140625 0.85703125 0.0453125 0.06015625
0 0.7421875 0.96328125 0.040625 0.06875
0 0.9421875 0.86796875 0.05 0.05625
0 0.7015625 0.9734375 0.05625 0.053125
0 0.94453125 0.028125 0.0359375 0.04375
1 0.51953125 0.34609375 0.0953125 0.10859375
2 0.51171875 0.365625 0.0265625 0.03984375
2 0.41640625 0.91171875 0.0390625 0.04140625
2 0.98671875 0.646875 0.0265625 0.03515625