0 0.40078125 0.78203125 0.0390625 0.04375
0 0.828125 0.80234375 0.0375 0.04140625
0 0.78046875 0.68125 0.0390625 0.04609375
0 0.7625 0.565625 0.0375 0.05
0 0.24296875 0.04765625 0.034375 0.04765625
0 0.56796875 0.14921875 0.0265625 0.05
0 0.92265625 0.14609375 0.028125 0.05
0 0.09375 0.46484375 0.0328125 0.04609375
0 0.27734375 0.46875 0.0546875 0.04609375
0 0.32265625 0.534375 0.034375 0.03515625
0 0.6921875 0.39375 0.0296875 0.04609375
0 0.64453125 0.453125 0.034375 0.04765625
0 0.7703125 0.27421875 0.040625 0.05234375
0 0.85625 0.65859375 0.046875 0.05390625
0 0.46796875 0.20859375 0.040625 0.03984375
1 0.19296875 0.76875 0.0984375 0.13359375
2 0.18359375 0.72890625 0.028125 0.03359375