0 0.76328125 0.19453125 0.0359375 0.04609375
0 0.2171875 0.68203125 0.04375 0.05234375
0 0.69453125 0.72109375 0.046875 0.04375
0 0.715625 0.82734375 0.0375 0.0625
0 0.96875 0.84140625 0.0421875 0.05390625
0 0.790625 0.85078125 0.0375 0.05234375
0 0.7390625 0.96484375 0.0359375 0.05
0 0.87109375 0.909375 0.0359375 0.05234375
0 0.946875 0.02734375 0.0328125 0.03984375
1 0.51953125 0.34609375 0.0953125 0.10859375
2 0.5140625 0.371875 0.0296875 0.04765625
2 0.55078125 0.89765625 0.0390625 0.04765625
2 0.98671875 0.64140625 0.0265625 0.03984375