0 0.76328125 0.19609375 0.0359375 0.04609375
0 0.24453125 0.65859375 0.05 0.06015625
0 0.73359375 0.72109375 0.040625 0.05
0 0.71328125 0.80625 0.0515625 0.06640625
0 0.96171875 0.8375 0.0484375 0.0625
0 0.79140625 0.85546875 0.046875 0.06015625
0 0.740625 0.965625 0.0390625 0.05390625
0 0.9046875 0.91484375 0.0453125 0.05625
0 0.946875 0.03125 0.0375 0.04140625
1 0.51953125 0.34609375 0.0953125 0.10859375
2 0.51484375 0.36796875 0.0296875 0.03984375
2 0.4953125 0.921875 0.0390625 0.04140625
2 0.98671875 0.646875 0.0265625 0.04140625