0 0.7625 0.196875 0.0359375 0.04609375
0 0.26796875 0.628125 0.0421875 0.04140625
0 0.7765625 0.71328125 0.0484375 0.06015625
0 0.7109375 0.77890625 0.034375 0.04765625
0 0.94609375 0.81015625 0.04375 0.05390625
0 0.79140625 0.85703125 0.046875 0.0625
0 0.740625 0.9625 0.04375 0.07109375
0 0.92421875 0.87265625 0.053125 0.06640625
0 0.66953125 0.9828125 0.0359375 0.034375
0 0.9453125 0.03046875 0.0359375 0.04375
1 0.51953125 0.34609375 0.0953125 0.10859375
2 0.51484375 0.36640625 0.0328125 0.04140625
2 0.4484375 0.93203125 0.046875 0.04765625
2 0.98671875 0.646875 0.0265625 0.04140625