0 0.76328125 0.19609375 0.0359375 0.04609375
0 0.23203125 0.66953125 0.0484375 0.06015625
0 0.715625 0.721875 0.040625 0.04140625
0 0.71328125 0.81484375 0.046875 0.06640625
0 0.965625 0.83984375 0.0453125 0.05859375
0 0.79140625 0.853125 0.0421875 0.05625
0 0.740625 0.965625 0.0375 0.05
0 0.88984375 0.91640625 0.040625 0.05234375
0 0.94609375 0.03046875 0.034375 0.03984375
1 0.51953125 0.34609375 0.0953125 0.10859375
2 0.51484375 0.37109375 0.0296875 0.04609375
2 0.51328125 0.92109375 0.0390625 0.04765625
2 0.98671875 0.64375 0.0265625 0.04140625