0 0.75859375 0.20625 0.0359375 0.04609375
0 0.359375 0.20546875 0.0453125 0.06875
0 0.71796875 0.56875 0.0484375 0.06484375
0 0.83984375 0.91328125 0.0390625 0.03984375
0 0.790625 0.85390625 0.04375 0.05390625
0 0.753125 0.9765625 0.034375 0.046875
0 0.5984375 0.33984375 0.0421875 0.05234375
0 0.80078125 0.065625 0.04375 0.05859375
0 0.94140625 0.03515625 0.0328125 0.04609375
1 0.51953125 0.34609375 0.0953125 0.10859375
2 0.5109375 0.365625 0.025 0.03984375
2 0.328125 0.56875 0.040625 0.04140625
2 0.9875 0.65625 0.025 0.03359375
2 0.0328125 0.096875 0.0296875 0.03984375