0 0.75859375 0.20625 0.0359375 0.04609375
0 0.3578125 0.203125 0.0453125 0.06875
0 0.71640625 0.56640625 0.0484375 0.06484375
0 0.83984375 0.91328125 0.0390625 0.03984375
0 0.790625 0.85390625 0.04375 0.05390625
0 0.753125 0.9765625 0.034375 0.046875
0 0.59375 0.33359375 0.0421875 0.05234375
0 0.79375 0.06484375 0.04375 0.05859375
0 0.94140625 0.03515625 0.0328125 0.04609375
1 0.51953125 0.34609375 0.0953125 0.10859375
2 0.5109375 0.365625 0.025 0.03984375
2 0.3328125 0.56875 0.040625 0.03984375
2 0.9875 0.65625 0.025 0.03359375
2 0.03515625 0.09609375 0.03125 0.04140625