0 0.76328125 0.19609375 0.0359375 0.04609375
0 0.24375 0.659375 0.05 0.06015625
0 0.73203125 0.721875 0.0390625 0.04765625
0 0.71328125 0.80625 0.0515625 0.06640625
0 0.96171875 0.8375 0.0484375 0.0625
0 0.79140625 0.85546875 0.046875 0.06015625
0 0.740625 0.965625 0.0390625 0.05390625
0 0.90390625 0.915625 0.0453125 0.05390625
0 0.946875 0.03125 0.0359375 0.04140625
1 0.51953125 0.34609375 0.0953125 0.10859375
2 0.51484375 0.36875 0.0296875 0.04140625
2 0.49609375 0.92265625 0.0390625 0.04140625
2 0.9875 0.64765625 0.025 0.03984375