0 0.7609375 0.20078125 0.0359375 0.04609375
0 0.346875 0.471875 0.046875 0.06484375
0 0.97578125 0.75546875 0.03125 0.03515625
0 0.70234375 0.684375 0.0515625 0.06875
0 0.909375 0.915625 0.0390625 0.03984375
0 0.790625 0.85546875 0.04375 0.05625
0 0.7578125 0.9765625 0.034375 0.046875
0 0.9859375 0.75859375 0.021875 0.05859375
0 0.9421875 0.84921875 0.040625 0.04609375
0 0.72265625 0.78671875 0.0359375 0.05859375
0 0.94375 0.03359375 0.0375 0.04609375
1 0.51953125 0.34609375 0.0953125 0.10859375
2 0.5109375 0.365625 0.025 0.03984375
2 0.30546875 0.82421875 0.040625 0.04609375
2 0.9875 0.65546875 0.025 0.03359375