0 0.7609375 0.2 0.0359375 0.04609375
0 0.33671875 0.49609375 0.046875 0.06484375
0 0.9328125 0.746875 0.04375 0.05625
0 0.71015625 0.70078125 0.0515625 0.06875
0 0.921875 0.89921875 0.04375 0.03984375
0 0.79140625 0.85625 0.0453125 0.05859375
0 0.7515625 0.96171875 0.0359375 0.06484375
0 0.9828125 0.790625 0.03125 0.05859375
0 0.8625 0.86953125 0.040625 0.06015625
0 0.72734375 0.84921875 0.034375 0.05859375
0 0.94375 0.03046875 0.0375 0.04609375
1 0.51953125 0.34609375 0.0953125 0.10859375
2 0.5109375 0.365625 0.025 0.03984375
2 0.32734375 0.853125 0.0375 0.05234375
2 0.9875 0.65078125 0.025 0.03359375