0 0.7609375 0.2 0.0359375 0.04609375
0 0.3296875 0.509375 0.046875 0.06484375
0 0.91015625 0.75234375 0.0421875 0.05390625
0 0.70546875 0.71171875 0.0515625 0.06875
0 0.92578125 0.90390625 0.0359375 0.05
0 0.79140625 0.85625 0.0453125 0.05859375
0 0.75 0.95859375 0.0359375 0.06484375
0 0.9765625 0.80078125 0.0375 0.06015625
0 0.83359375 0.89453125 0.0390625 0.06015625
0 0.7375 0.88359375 0.03125 0.05859375
0 0.94375 0.02890625 0.0375 0.04609375
1 0.51953125 0.34609375 0.0953125 0.10859375
2 0.5109375 0.365625 0.025 0.03984375
2 0.33671875 0.88125 0.0421875 0.05
2 0.9875 0.64921875 0.025 0.03359375