0 0.76328125 0.19609375 0.0359375 0.04609375
0 0.234375 0.66796875 0.05 0.0625
0 0.71953125 0.72265625 0.0390625 0.04140625
0 0.71328125 0.8125 0.05 0.06875
0 0.9640625 0.83984375 0.046875 0.05859375
0 0.79140625 0.85390625 0.04375 0.05859375
0 0.740625 0.96640625 0.0375 0.05
0 0.89375 0.91875 0.0421875 0.05234375
0 0.94609375 0.03046875 0.034375 0.03984375
1 0.51953125 0.34609375 0.0953125 0.10859375
2 0.51484375 0.36953125 0.0296875 0.04375
2 0.50859375 0.92578125 0.0390625 0.04609375
2 0.98671875 0.64453125 0.0265625 0.04140625