0 0.76015625 0.20234375 0.0359375 0.04609375
0 0.36171875 0.428125 0.0453125 0.05625
0 0.7078125 0.66015625 0.0515625 0.06875
0 0.87890625 0.93046875 0.034375 0.04140625
0 0.790625 0.85546875 0.04375 0.05625
0 0.75625 0.9765625 0.034375 0.046875
0 0.98671875 0.81015625 0.0265625 0.05859375
0 0.7140625 0.73203125 0.034375 0.05625
0 0.94375 0.03515625 0.0375 0.04609375
1 0.51953125 0.34609375 0.0953125 0.10859375
2 0.5109375 0.365625 0.025 0.03984375
2 0.30546875 0.76875 0.04375 0.05234375
2 0.9875 0.66015625 0.025 0.03359375