0 0.40078125 0.78203125 0.0390625 0.04375
0 0.8265625 0.796875 0.0375 0.04140625
0 0.78046875 0.68125 0.0390625 0.04609375
0 0.7625 0.56328125 0.0375 0.05
0 0.27265625 0.01953125 0.0421875 0.0390625
0 0.51875 0.37578125 0.0265625 0.05625
0 0.91953125 0.14375 0.028125 0.05
0 0.09140625 0.46328125 0.0328125 0.04609375
0 0.27734375 0.46875 0.0546875 0.04609375
0 0.29453125 0.52265625 0.0359375 0.03515625
0 0.68203125 0.40078125 0.0296875 0.04609375
0 0.7890625 0.34453125 0.0375 0.05
0 0.7703125 0.27421875 0.040625 0.05234375
0 0.85625 0.65859375 0.046875 0.05390625
0 0.46484375 0.2125 0.040625 0.03984375
0 0.0171875 0.09296875 0.034375 0.06015625
1 0.19296875 0.76875 0.0984375 0.13359375
2 0.18203125 0.72734375 0.0296875 0.03359375