0 0.75859375 0.20625 0.0359375 0.04609375
0 0.3671875 0.27734375 0.0453125 0.06875
0 0.71328125 0.60078125 0.0484375 0.06484375
0 0.8546875 0.909375 0.0390625 0.03984375
0 0.790625 0.85390625 0.04375 0.05390625
0 0.753125 0.9765625 0.034375 0.046875
0 0.6515625 0.478125 0.0375 0.05625
0 0.984375 0.903125 0.03125 0.05859375
0 0.9328125 0.115625 0.04375 0.05859375
0 0.9421875 0.03515625 0.034375 0.04609375
1 0.51953125 0.34609375 0.0953125 0.10859375
2 0.5109375 0.365625 0.025 0.03984375
2 0.328125 0.62578125 0.0359375 0.04375
2 0.9875 0.66171875 0.025 0.03359375
2 0.10703125 0.07578125 0.0234375 0.03125