0 0.76171875 0.2 0.0359375 0.04609375
0 0.3171875 0.525 0.046875 0.06484375
0 0.8921875 0.74453125 0.0421875 0.05390625
0 0.71328125 0.721875 0.0515625 0.06875
0 0.93359375 0.90390625 0.0359375 0.05
0 0.79140625 0.85625 0.0453125 0.05859375
0 0.74765625 0.95546875 0.0359375 0.06484375
0 0.9625 0.80859375 0.0375 0.06015625
0 0.8203125 0.925 0.0453125 0.06484375
0 0.73203125 0.90078125 0.03125 0.05859375
0 0.94453125 0.028125 0.0375 0.04609375
1 0.51953125 0.34609375 0.0953125 0.10859375
2 0.5109375 0.365625 0.025 0.03984375
2 0.359375 0.88828125 0.0421875 0.05
2 0.9875 0.646875 0.025 0.03359375