0 0.7640625 0.19375 0.0359375 0.04609375
0 0.17890625 0.70703125 0.04375 0.05234375
0 0.628125 0.746875 0.0421875 0.04609375
0 0.7203125 0.84453125 0.0328125 0.06015625
0 0.978125 0.840625 0.0375 0.04765625
0 0.790625 0.84296875 0.0375 0.05234375
0 0.7390625 0.9625 0.034375 0.05234375
0 0.83359375 0.95625 0.0359375 0.05234375
0 0.9484375 0.02265625 0.03125 0.04140625
1 0.51953125 0.34609375 0.0953125 0.10859375
2 0.5125 0.36875 0.025 0.04140625
2 0.6125 0.84453125 0.0453125 0.05234375
2 0.98671875 0.63359375 0.0234375 0.0375