0 0.76328125 0.19609375 0.0359375 0.04609375
0 0.23046875 0.67109375 0.0484375 0.05859375
0 0.71328125 0.721875 0.040625 0.04140625
0 0.7140625 0.81640625 0.0453125 0.06640625
0 0.965625 0.83984375 0.0453125 0.05859375
0 0.79140625 0.853125 0.0421875 0.05625
0 0.73984375 0.965625 0.0375 0.05
0 0.8875 0.915625 0.040625 0.05234375
0 0.94609375 0.02890625 0.034375 0.0375
1 0.51953125 0.34609375 0.0953125 0.10859375
2 0.51484375 0.37109375 0.0296875 0.04609375
2 0.51875 0.91796875 0.0390625 0.04765625
2 0.9859375 0.64375 0.028125 0.04375