0 0.76328125 0.19609375 0.0359375 0.04609375
0 0.23359375 0.66875 0.0484375 0.06015625
0 0.7171875 0.721875 0.0390625 0.04140625
0 0.71328125 0.81328125 0.0484375 0.06640625
0 0.96484375 0.83984375 0.0453125 0.05859375
0 0.79140625 0.853125 0.04375 0.05625
0 0.740625 0.965625 0.0375 0.05
0 0.89140625 0.91796875 0.040625 0.05234375
0 0.94609375 0.03046875 0.034375 0.03984375
1 0.51953125 0.34609375 0.0953125 0.10859375
2 0.51484375 0.37109375 0.0296875 0.04609375
2 0.5109375 0.92265625 0.0390625 0.04765625
2 0.98671875 0.64453125 0.0265625 0.04140625