0 0.759375 0.20390625 0.0359375 0.04609375
0 0.36875 0.36171875 0.0453125 0.06875
0 0.71015625 0.63984375 0.0484375 0.06015625
0 0.88359375 0.92734375 0.0359375 0.04140625
0 0.790625 0.85390625 0.04375 0.05390625
0 0.753125 0.9765625 0.034375 0.046875
0 0.70390625 0.61640625 0.03125 0.05390625
0 0.94296875 0.03515625 0.0359375 0.04609375
1 0.51953125 0.34609375 0.0953125 0.10859375
2 0.5109375 0.365625 0.025 0.03984375
2 0.2859375 0.734375 0.0390625 0.05859375
2 0.9875 0.66640625 0.025 0.03359375