0 0.7640625 0.19296875 0.0359375 0.04609375
0 0.1546875 0.72109375 0.04375 0.05234375
0 0.6 0.76015625 0.046875 0.05390625
0 0.71796875 0.859375 0.03125 0.05625
0 0.975 0.83046875 0.0359375 0.04609375
0 0.790625 0.83984375 0.0375 0.05234375
0 0.7421875 0.96171875 0.034375 0.05234375
0 0.81953125 0.95546875 0.0359375 0.05234375
0 0.94921875 0.021875 0.0296875 0.03984375
1 0.51953125 0.34609375 0.0953125 0.10859375
2 0.51171875 0.36796875 0.0234375 0.03984375
2 0.6421875 0.828125 0.0390625 0.04765625
2 0.98671875 0.63203125 0.0234375 0.03984375