0 0.759375 0.20390625 0.0359375 0.04609375
0 0.36875 0.35625 0.0453125 0.06875
0 0.7109375 0.6375 0.0484375 0.06015625
0 0.88046875 0.92578125 0.0359375 0.04140625
0 0.790625 0.85390625 0.04375 0.05390625
0 0.753125 0.9765625 0.034375 0.046875
0 0.7015625 0.61171875 0.03125 0.05625
0 0.94296875 0.03515625 0.0359375 0.04609375
1 0.51953125 0.34609375 0.0953125 0.10859375
2 0.5109375 0.365625 0.025 0.03984375
2 0.28515625 0.72265625 0.04375 0.07109375
2 0.9875 0.665625 0.025 0.03359375
2 0.18515625 0.0125 0.0328125 0.02109375