0 0.7609375 0.20078125 0.0359375 0.04609375
0 0.3421875 0.48671875 0.046875 0.06484375
0 0.95859375 0.75 0.040625 0.04765625
0 0.7078125 0.69140625 0.0515625 0.06875
0 0.915625 0.903125 0.0453125 0.03515625
0 0.79140625 0.85625 0.0453125 0.05859375
0 0.7546875 0.96875 0.0359375 0.05859375
0 0.984375 0.77109375 0.0265625 0.05859375
0 0.90234375 0.86953125 0.0375 0.04375
0 0.7234375 0.81484375 0.0359375 0.05859375
0 0.94375 0.03125 0.0375 0.04609375
1 0.51953125 0.34609375 0.0953125 0.10859375
2 0.5109375 0.365625 0.025 0.03984375
2 0.321875 0.834375 0.04375 0.04140625
2 0.9875 0.653125 0.025 0.03359375