0 0.76328125 0.19609375 0.0359375 0.04609375
0 0.2546875 0.646875 0.0453125 0.04765625
0 0.75 0.71796875 0.05 0.06484375
0 0.71484375 0.80078125 0.0484375 0.05625
0 0.95859375 0.83671875 0.0515625 0.06484375
0 0.7921875 0.85703125 0.05 0.06484375
0 0.73984375 0.96328125 0.04375 0.06484375
0 0.9140625 0.89765625 0.05 0.0625
0 0.94765625 0.034375 0.0390625 0.04765625
1 0.51953125 0.34609375 0.0953125 0.10859375
2 0.51328125 0.36875 0.0359375 0.04609375
2 0.47421875 0.93125 0.0421875 0.04375
2 0.9859375 0.64609375 0.028125 0.04765625