0 0.76484375 0.19296875 0.0359375 0.04609375
0 0.14609375 0.72578125 0.04375 0.05234375
0 0.59140625 0.771875 0.05 0.05
0 0.71796875 0.86484375 0.03125 0.05625
0 0.9734375 0.82578125 0.034375 0.04375
0 0.790625 0.8375 0.0375 0.05234375
0 0.74140625 0.96015625 0.034375 0.05234375
0 0.815625 0.95546875 0.0359375 0.05234375
0 0.94921875 0.021875 0.0296875 0.03984375
1 0.51953125 0.34609375 0.0953125 0.10859375
2 0.51171875 0.36796875 0.0234375 0.03984375
2 0.64609375 0.81484375 0.040625 0.05390625
2 0.98671875 0.63125 0.0234375 0.04140625