0 0.48984375 0.22421875 0.046875 0.06015625
0 0.26953125 0.078125 0.0359375 0.05234375
0 0.0796875 0.14609375 0.034375 0.04765625
0 0.31171875 0.1125 0.04375 0.05234375
0 0.20859375 0.10859375 0.0421875 0.05859375
0 0.1453125 0.359375 0.040625 0.05390625
0 0.190625 0.39921875 0.04375 0.06640625
0 0.4578125 0.67578125 0.046875 0.06875
0 0.60390625 0.76796875 0.04375 0.06015625
0 0.725 0.046875 0.04375 0.06015625
0 0.8265625 0.06875 0.040625 0.05859375
0 0.90234375 0.43203125 0.040625 0.06015625
0 0.89375 0.51328125 0.0453125 0.06640625
0 0.95390625 0.51796875 0.0484375 0.06875
0 0.97265625 0.634375 0.0484375 0.07265625
0 0.87890625 0.93125 0.0453125 0.0625
0 0.14453125 0.96953125 0.05 0.05859375
2 0.11328125 0.79765625 0.05 0.075
0 0.21171875 0.16484375 0.0453125 0.06640625
0 0.9515625 0.403125 0.040625 0.05859375
0 0.23984375 0.66640625 0.0546875 0.06640625
0 0.95078125 0.61015625 0.0390625 0.05859375
0 0.2375 0.315625 0.0625 0.07890625
0 0.27734375 0.97578125 0.059375 0.04765625
0 0.62421875 0.91640625 0.0515625 0.06015625
0 0.90703125 0.37421875 0.046875 0.06015625
1 0.90859375 0.08984375 0.1265625 0.125
0 0.79921875 0.90546875 0.0484375 0.07265625
1 0.31015625 0.23359375 0.065625 0.07890625