0 0.4578125 0.14765625 0.046875 0.06015625
0 0.26953125 0.078125 0.0359375 0.05234375
0 0.19765625 0.115625 0.034375 0.04765625
0 0.27734375 0.13359375 0.04375 0.05234375
0 0.18671875 0.13046875 0.0421875 0.05859375
0 0.1453125 0.35625 0.040625 0.05390625
0 0.18203125 0.390625 0.0421875 0.06640625
0 0.44453125 0.68515625 0.046875 0.06875
0 0.58671875 0.75859375 0.04375 0.06015625
0 0.72421875 0.04453125 0.04375 0.06015625
0 0.8234375 0.06875 0.040625 0.05859375
0 0.89765625 0.43984375 0.040625 0.06015625
0 0.88359375 0.51875 0.0453125 0.06640625
0 0.95390625 0.51796875 0.0484375 0.06875
0 0.97265625 0.634375 0.0484375 0.07265625
0 0.871875 0.93359375 0.0453125 0.0625
0 0.1375 0.9703125 0.05 0.059375
2 0.0796875 0.79296875 0.05 0.075
0 0.21171875 0.16484375 0.0453125 0.06640625
0 0.93046875 0.40078125 0.040625 0.05859375
0 0.3046875 0.353125 0.0546875 0.06640625
0 0.02890625 0.40703125 0.0578125 0.09140625
0 0.95078125 0.61015625 0.0390625 0.05859375
0 0.20859375 0.25625 0.0703125 0.10234375
0 0.66640625 0.81328125 0.046875 0.06640625
0 0.36953125 0.81796875 0.0671875 0.0875
0 0.4421875 0.1625 0.0546875 0.06875
1 0.90859375 0.08984375 0.1265625 0.125
0 0.7984375 0.90390625 0.0421875 0.06015625
1 0.3015625 0.221875 0.065625 0.07265625