0 0.484375 0.21796875 0.046875 0.06015625
0 0.26953125 0.078125 0.0359375 0.05234375
0 0.0875 0.14609375 0.034375 0.04765625
0 0.3234375 0.12421875 0.04375 0.05234375
0 0.20703125 0.109375 0.0421875 0.05859375
0 0.1453125 0.359375 0.040625 0.05390625
0 0.190625 0.39765625 0.04375 0.06640625
0 0.4546875 0.68046875 0.046875 0.06875
0 0.603125 0.76796875 0.04375 0.06015625
0 0.725 0.046875 0.04375 0.06015625
0 0.8265625 0.06875 0.040625 0.05859375
0 0.90234375 0.43359375 0.040625 0.06015625
0 0.89296875 0.51484375 0.0453125 0.06640625
0 0.95390625 0.51796875 0.0484375 0.06875
0 0.97265625 0.634375 0.0484375 0.07265625
0 0.878125 0.93046875 0.0453125 0.0625
0 0.14375 0.9703125 0.05 0.059375
2 0.103125 0.8 0.05 0.075
0 0.21171875 0.16484375 0.0453125 0.06640625
0 0.946875 0.40546875 0.040625 0.05859375
0 0.26640625 0.665625 0.0546875 0.06640625
0 0.95078125 0.61015625 0.0390625 0.05859375
0 0.2390625 0.34375 0.0625 0.07890625
0 0.26640625 0.97265625 0.059375 0.05390625
0 0.6328125 0.940625 0.0515625 0.06015625
0 0.9296875 0.36328125 0.046875 0.0625
1 0.90859375 0.08984375 0.1265625 0.125
0 0.79921875 0.90546875 0.0484375 0.07265625
1 0.309375 0.23359375 0.065625 0.07890625