0 0.490625 0.23203125 0.046875 0.06015625
0 0.26953125 0.078125 0.0359375 0.05234375
0 0.0734375 0.165625 0.034375 0.04765625
0 0.334375 0.103125 0.04375 0.05234375
0 0.2109375 0.10703125 0.0421875 0.05859375
0 0.1453125 0.36015625 0.040625 0.05390625
0 0.18984375 0.40078125 0.04375 0.06640625
0 0.46015625 0.67265625 0.046875 0.06875
0 0.60625 0.76796875 0.04375 0.06015625
0 0.725 0.04765625 0.04375 0.06015625
0 0.8265625 0.06875 0.040625 0.05859375
0 0.90234375 0.43125 0.040625 0.06015625
0 0.89453125 0.51328125 0.0453125 0.06640625
0 0.95390625 0.51796875 0.0484375 0.06875
0 0.97265625 0.634375 0.0484375 0.07265625
0 0.8796875 0.93125 0.0453125 0.0625
0 0.1453125 0.96875 0.05 0.05859375
2 0.1171875 0.80078125 0.05 0.075
0 0.21171875 0.16484375 0.0453125 0.06640625
0 0.95546875 0.40078125 0.040625 0.05859375
0 0.21015625 0.67578125 0.0546875 0.06640625
0 0.95078125 0.61015625 0.0390625 0.05859375
0 0.271875 0.32734375 0.0625 0.07890625
0 0.284375 0.9703125 0.059375 0.059375
0 0.63828125 0.87578125 0.0515625 0.06015625
0 0.8671875 0.359375 0.046875 0.06015625
1 0.90859375 0.08984375 0.1265625 0.125
0 0.79921875 0.90546875 0.0484375 0.07265625
1 0.3109375 0.234375 0.065625 0.07890625