0 0.49296875 0.23984375 0.046875 0.06015625
0 0.26953125 0.078125 0.0359375 0.05234375
0 0.0671875 0.16796875 0.034375 0.04765625
0 0.35859375 0.11953125 0.04375 0.05234375
0 0.21328125 0.10703125 0.0421875 0.05859375
0 0.1453125 0.36015625 0.040625 0.05390625
0 0.18984375 0.403125 0.04375 0.06640625
0 0.46171875 0.671875 0.046875 0.06875
0 0.61015625 0.765625 0.04375 0.06015625
0 0.725 0.04765625 0.04375 0.06015625
0 0.8265625 0.06875 0.040625 0.05859375
0 0.903125 0.43046875 0.040625 0.06015625
0 0.8953125 0.51328125 0.0453125 0.06640625
0 0.95390625 0.51796875 0.0484375 0.06875
0 0.97265625 0.634375 0.0484375 0.07265625
0 0.88046875 0.93203125 0.0453125 0.0625
0 0.14609375 0.96796875 0.05 0.05859375
2 0.11953125 0.80390625 0.05 0.075
0 0.21171875 0.16484375 0.0453125 0.06640625
0 0.95703125 0.4 0.040625 0.05859375
0 0.1921875 0.64609375 0.0546875 0.06640625
0 0.95078125 0.61015625 0.0390625 0.05859375
0 0.28359375 0.28203125 0.0625 0.07890625
0 0.2890625 0.96953125 0.059375 0.06015625
0 0.6390625 0.840625 0.0515625 0.06015625
0 0.8390625 0.39765625 0.046875 0.06015625
1 0.90859375 0.08984375 0.1265625 0.125
0 0.79921875 0.90546875 0.0484375 0.07265625
1 0.31171875 0.23515625 0.065625 0.07890625