0 0.48671875 0.22265625 0.046875 0.06015625
0 0.26953125 0.078125 0.0359375 0.05234375
0 0.08125 0.13984375 0.034375 0.04765625
0 0.315625 0.11640625 0.04375 0.05234375
0 0.2078125 0.10859375 0.0421875 0.05859375
0 0.1453125 0.359375 0.040625 0.05390625
0 0.190625 0.39921875 0.04375 0.06640625
0 0.45703125 0.67734375 0.046875 0.06875
0 0.60390625 0.76796875 0.04375 0.06015625
0 0.725 0.046875 0.04375 0.06015625
0 0.8265625 0.06875 0.040625 0.05859375
0 0.90234375 0.43203125 0.040625 0.06015625
0 0.89296875 0.51328125 0.0453125 0.06640625
0 0.95390625 0.51796875 0.0484375 0.06875
0 0.97265625 0.634375 0.0484375 0.07265625
0 0.87890625 0.93125 0.0453125 0.0625
0 0.14453125 0.96953125 0.05 0.05859375
2 0.11015625 0.79921875 0.05 0.075
0 0.21171875 0.16484375 0.0453125 0.06640625
0 0.95 0.40390625 0.040625 0.05859375
0 0.24921875 0.68046875 0.0546875 0.06640625
0 0.95078125 0.61015625 0.0390625 0.05859375
0 0.24453125 0.31953125 0.0625 0.07890625
0 0.27421875 0.97578125 0.059375 0.04765625
0 0.6234375 0.925 0.0515625 0.06015625
0 0.9125 0.375 0.046875 0.06015625
1 0.90859375 0.08984375 0.1265625 0.125
0 0.79921875 0.90546875 0.0484375 0.07265625
1 0.31015625 0.23359375 0.065625 0.07890625