0 0.5015625 0.26328125 0.046875 0.06015625
0 0.26953125 0.078125 0.0359375 0.05234375
0 0.034375 0.178125 0.034375 0.04765625
0 0.36484375 0.14296875 0.04375 0.05234375
0 0.22265625 0.103125 0.0421875 0.05859375
0 0.1453125 0.36015625 0.040625 0.05390625
0 0.190625 0.40546875 0.04375 0.06640625
0 0.46640625 0.66953125 0.046875 0.06875
0 0.621875 0.76953125 0.04375 0.06015625
0 0.725 0.04765625 0.04375 0.06015625
0 0.8265625 0.06875 0.040625 0.05859375
0 0.9078125 0.42890625 0.040625 0.06015625
0 0.89609375 0.5125 0.0453125 0.06640625
0 0.95390625 0.51796875 0.0484375 0.06875
0 0.97265625 0.634375 0.0484375 0.07265625
0 0.88359375 0.934375 0.0453125 0.0625
0 0.146875 0.96640625 0.05 0.05859375
2 0.13203125 0.81484375 0.05 0.075
0 0.21171875 0.16484375 0.0453125 0.06640625
0 0.9625 0.39375 0.040625 0.05859375
0 0.165625 0.61796875 0.0546875 0.06640625
0 0.95078125 0.61015625 0.0390625 0.05859375
0 0.384375 0.16015625 0.0625 0.07890625
0 0.3109375 0.96953125 0.0546875 0.06015625
0 0.68046875 0.69921875 0.0515625 0.06015625
0 0.71328125 0.39765625 0.046875 0.06015625
0 0.96875 0.94453125 0.0515625 0.0625
0 0.91484375 0.884375 0.0546875 0.075
1 0.90859375 0.08984375 0.1265625 0.125
0 0.79921875 0.90546875 0.0484375 0.07265625
1 0.3140625 0.2375 0.065625 0.07890625