0 0.4984375 0.25703125 0.046875 0.06015625
0 0.26953125 0.078125 0.0359375 0.05234375
0 0.04921875 0.18046875 0.034375 0.04765625
0 0.3625 0.134375 0.04375 0.05234375
0 0.21875 0.10546875 0.0421875 0.05859375
0 0.1453125 0.36015625 0.040625 0.05390625
0 0.18984375 0.40625 0.04375 0.06640625
0 0.4640625 0.66953125 0.046875 0.06875
0 0.6171875 0.76640625 0.04375 0.06015625
0 0.725 0.04765625 0.04375 0.06015625
0 0.8265625 0.06875 0.040625 0.05859375
0 0.90625 0.42890625 0.040625 0.06015625
0 0.89609375 0.5125 0.0453125 0.06640625
0 0.95390625 0.51796875 0.0484375 0.06875
0 0.97265625 0.634375 0.0484375 0.07265625
0 0.8828125 0.93359375 0.0453125 0.0625
0 0.146875 0.96640625 0.05 0.05859375
2 0.128125 0.81484375 0.05 0.075
0 0.21171875 0.16484375 0.0453125 0.06640625
0 0.96015625 0.39609375 0.040625 0.05859375
0 0.18203125 0.62421875 0.0546875 0.06640625
0 0.95078125 0.61015625 0.0390625 0.05859375
0 0.35 0.21015625 0.0625 0.07890625
0 0.30078125 0.9625 0.0546875 0.06015625
0 0.6671875 0.75390625 0.0515625 0.06015625
0 0.75234375 0.40390625 0.046875 0.06015625
0 0.92734375 0.96875 0.0515625 0.05859375
0 0.94296875 0.94921875 0.0515625 0.06484375
1 0.90859375 0.08984375 0.1265625 0.125
0 0.79921875 0.90546875 0.0484375 0.07265625
1 0.31328125 0.23671875 0.065625 0.07890625