0 0.4984375 0.24609375 0.046875 0.06015625
0 0.26953125 0.078125 0.0359375 0.05234375
0 0.0546875 0.178125 0.034375 0.04765625
0 0.36015625 0.12734375 0.04375 0.05234375
0 0.215625 0.10625 0.0421875 0.05859375
0 0.1453125 0.36015625 0.040625 0.05390625
0 0.1890625 0.40546875 0.04375 0.06640625
0 0.4625 0.67109375 0.046875 0.06875
0 0.61328125 0.76484375 0.04375 0.06015625
0 0.725 0.04765625 0.04375 0.06015625
0 0.8265625 0.06875 0.040625 0.05859375
0 0.90390625 0.43046875 0.040625 0.06015625
0 0.89609375 0.5125 0.0453125 0.06640625
0 0.95390625 0.51796875 0.0484375 0.06875
0 0.97265625 0.634375 0.0484375 0.07265625
0 0.88203125 0.93203125 0.0453125 0.0625
0 0.146875 0.96640625 0.05 0.05859375
2 0.1234375 0.80859375 0.05 0.075
0 0.21171875 0.16484375 0.0453125 0.06640625
0 0.95859375 0.39765625 0.040625 0.05859375
0 0.17421875 0.61171875 0.0546875 0.06640625
0 0.95078125 0.61015625 0.0390625 0.05859375
0 0.3015625 0.22421875 0.0625 0.07890625
0 0.28828125 0.94921875 0.0546875 0.06015625
0 0.65703125 0.79375 0.0515625 0.06015625
0 0.79375 0.39140625 0.046875 0.06015625
0 0.903125 0.971875 0.0515625 0.05625
1 0.90859375 0.08984375 0.1265625 0.125
0 0.79921875 0.90546875 0.0484375 0.07265625
1 0.3125 0.23515625 0.065625 0.07890625