0 0.47421875 0.17265625 0.046875 0.06015625
0 0.26953125 0.078125 0.0359375 0.05234375
0 0.159375 0.11875 0.034375 0.04765625
0 0.2890625 0.121875 0.04375 0.05234375
0 0.18828125 0.12890625 0.0421875 0.05859375
0 0.1453125 0.35703125 0.040625 0.05390625
0 0.1890625 0.38984375 0.04375 0.06640625
0 0.4453125 0.684375 0.046875 0.06875
0 0.58984375 0.759375 0.04375 0.06015625
0 0.72421875 0.04609375 0.04375 0.06015625
0 0.82421875 0.06875 0.040625 0.05859375
0 0.89921875 0.43984375 0.040625 0.06015625
0 0.88671875 0.51796875 0.0453125 0.06640625
0 0.95390625 0.51796875 0.0484375 0.06875
0 0.97265625 0.634375 0.0484375 0.07265625
0 0.87421875 0.93515625 0.0453125 0.0625
0 0.1390625 0.9703125 0.05 0.059375
2 0.090625 0.79609375 0.05 0.075
0 0.21171875 0.16484375 0.0453125 0.06640625
0 0.9328125 0.40390625 0.040625 0.05859375
0 0.25703125 0.41640625 0.0546875 0.06640625
0 0.95078125 0.61015625 0.0390625 0.05859375
0 0.2546875 0.16953125 0.0703125 0.10234375
0 0.52109375 0.85703125 0.0578125 0.08515625
0 0.26640625 0.73203125 0.0671875 0.0875
0 0.35078125 0.284375 0.0546875 0.06875
1 0.90859375 0.08984375 0.1265625 0.125
0 0.79921875 0.90546875 0.046875 0.07109375
1 0.303125 0.22578125 0.065625 0.07890625