0 0.43671875 0.1125 0.046875 0.06015625
0 0.26796875 0.07890625 0.0359375 0.05234375
0 0.21171875 0.12109375 0.034375 0.04765625
0 0.2453125 0.11875 0.04375 0.05234375
0 0.18359375 0.1375 0.0421875 0.05859375
0 0.1453125 0.35546875 0.040625 0.05390625
0 0.1765625 0.39375 0.0421875 0.06640625
0 0.440625 0.6875 0.046875 0.06875
0 0.58125 0.7625 0.04375 0.06015625
0 0.72421875 0.04375 0.04375 0.06015625
0 0.82109375 0.071875 0.040625 0.05859375
0 0.90078125 0.39765625 0.075 0.1
0 0.89453125 0.44375 0.040625 0.06015625
0 0.87890625 0.51953125 0.0453125 0.06640625
0 0.95390625 0.51796875 0.0484375 0.06875
0 0.97265625 0.634375 0.0484375 0.07265625
0 0.86796875 0.92890625 0.0453125 0.0625
0 0.13125 0.97265625 0.05 0.05390625
0 0.553125 0.928125 0.06875 0.08515625
2 0.07421875 0.7875 0.05 0.075
0 0.21171875 0.16484375 0.0453125 0.06640625
0 0.9296875 0.40625 0.040625 0.05859375
0 0.16953125 0.30078125 0.0609375 0.075
0 0.1015625 0.63046875 0.06875 0.0875
0 0.95078125 0.61015625 0.0390625 0.05859375
0 0.0703125 0.24609375 0.0703125 0.10234375
0 0.93671875 0.80234375 0.0421875 0.06640625
1 0.90859375 0.08984375 0.1265625 0.125
0 0.796875 0.903125 0.0359375 0.04609375
1 0.2984375 0.22109375 0.065625 0.06875