0 0.42890625 0.07890625 0.046875 0.06015625
0 0.2671875 0.08046875 0.0359375 0.05234375
0 0.2171875 0.10859375 0.034375 0.04765625
0 0.25234375 0.10703125 0.04375 0.05234375
0 0.1765625 0.13984375 0.0421875 0.05859375
0 0.1453125 0.35390625 0.040625 0.05390625
0 0.171875 0.39765625 0.0421875 0.06640625
0 0.43125 0.69609375 0.046875 0.06875
0 0.575 0.76484375 0.04375 0.06015625
0 0.7234375 0.04296875 0.04375 0.06015625
0 0.81796875 0.075 0.040625 0.05859375
0 0.78984375 0.35234375 0.075 0.1
0 0.88984375 0.446875 0.040625 0.06015625
0 0.87421875 0.51953125 0.0453125 0.06640625
0 0.95390625 0.51953125 0.0484375 0.06875
0 0.9734375 0.63125 0.0484375 0.07265625
0 0.865625 0.92890625 0.0453125 0.0625
0 0.125 0.9734375 0.05 0.053125
0 0.98515625 0.10546875 0.0296875 0.06484375
0 0.67109375 0.70625 0.071875 0.09375
2 0.0625 0.78515625 0.05 0.075
0 0.21171875 0.16484375 0.0453125 0.06640625
0 0.92734375 0.40859375 0.040625 0.05859375
0 0.096875 0.18046875 0.040625 0.05859375
0 0.13359375 0.82578125 0.06875 0.0875
0 0.95078125 0.61015625 0.0390625 0.05859375
1 0.90625 0.08828125 0.121875 0.12265625
0 0.79375 0.90546875 0.0328125 0.03984375
1 0.2953125 0.221875 0.065625 0.06875