0 0.4359375 0.096875 0.046875 0.06015625
0 0.26796875 0.07890625 0.0359375 0.05234375
0 0.2125 0.12421875 0.034375 0.04765625
0 0.26328125 0.13671875 0.04375 0.05234375
0 0.18203125 0.13984375 0.0421875 0.05859375
0 0.1453125 0.35546875 0.040625 0.05390625
0 0.175 0.39453125 0.0421875 0.06640625
0 0.4390625 0.68828125 0.046875 0.06875
0 0.5796875 0.765625 0.04375 0.06015625
0 0.72421875 0.04296875 0.04375 0.06015625
0 0.8203125 0.075 0.040625 0.05859375
0 0.8578125 0.39765625 0.075 0.1
0 0.89296875 0.44609375 0.040625 0.06015625
0 0.87734375 0.52109375 0.0453125 0.06640625
0 0.95390625 0.51796875 0.0484375 0.06875
0 0.97265625 0.634375 0.0484375 0.07265625
0 0.8671875 0.92890625 0.0453125 0.0625
0 0.128125 0.9734375 0.05 0.053125
0 0.5484375 0.821875 0.06875 0.08515625
2 0.0703125 0.78515625 0.05 0.075
0 0.21171875 0.16484375 0.0453125 0.06640625
0 0.92890625 0.40703125 0.040625 0.05859375
0 0.15390625 0.30625 0.0609375 0.075
0 0.1171875 0.69140625 0.06875 0.0875
0 0.95078125 0.61015625 0.0390625 0.05859375
0 0.03515625 0.21796875 0.0703125 0.10234375
0 0.9828125 0.75625 0.034375 0.08359375
1 0.90859375 0.08984375 0.1265625 0.125
0 0.79609375 0.903125 0.0328125 0.03984375
1 0.29765625 0.22109375 0.065625 0.06875