0 0.43359375 0.09296875 0.046875 0.06015625
0 0.2671875 0.07890625 0.0359375 0.05234375
0 0.2125 0.125 0.034375 0.04765625
0 0.26875 0.14140625 0.04375 0.05234375
0 0.18046875 0.13984375 0.0421875 0.05859375
0 0.1453125 0.35390625 0.040625 0.05390625
0 0.17421875 0.39609375 0.0421875 0.06640625
0 0.4359375 0.69296875 0.046875 0.06875
0 0.578125 0.765625 0.04375 0.06015625
0 0.72421875 0.04296875 0.04375 0.06015625
0 0.81953125 0.075 0.040625 0.05859375
0 0.83828125 0.38671875 0.075 0.1
0 0.8921875 0.446875 0.040625 0.06015625
0 0.8765625 0.52109375 0.0453125 0.06640625
0 0.95390625 0.51796875 0.0484375 0.06875
0 0.97265625 0.63359375 0.0484375 0.07265625
0 0.86640625 0.92890625 0.0453125 0.0625
0 0.1265625 0.9734375 0.05 0.053125
0 0.59140625 0.79296875 0.0703125 0.0875
2 0.06796875 0.78515625 0.05 0.075
0 0.21171875 0.16484375 0.0453125 0.06640625
0 0.928125 0.40703125 0.040625 0.05859375
0 0.13203125 0.24609375 0.0609375 0.075
0 0.1265625 0.73203125 0.06875 0.0875
0 0.95078125 0.61015625 0.0390625 0.05859375
0 0.034375 0.16953125 0.065625 0.10234375
1 0.9078125 0.08984375 0.125 0.125
0 0.7953125 0.90390625 0.0328125 0.03984375
1 0.296875 0.221875 0.065625 0.06875