0 0.5234375 0.30546875 0.046875 0.06015625
0 0.26953125 0.078125 0.0359375 0.05234375
0 0.01875 0.17578125 0.0375 0.05234375
0 0.4046875 0.13203125 0.059375 0.07734375
0 0.22578125 0.10234375 0.0421875 0.05859375
0 0.1453125 0.36015625 0.040625 0.05390625
0 0.19375 0.40234375 0.04375 0.06640625
0 0.475 0.659375 0.046875 0.06875
0 0.621875 0.76171875 0.04375 0.06015625
0 0.725 0.04921875 0.04375 0.06015625
0 0.8265625 0.06875 0.040625 0.05859375
0 0.9109375 0.428125 0.040625 0.06015625
0 0.89609375 0.5125 0.0453125 0.06640625
0 0.95390625 0.51796875 0.0484375 0.06875
0 0.97265625 0.634375 0.0484375 0.07265625
0 0.88515625 0.94140625 0.0453125 0.0625
0 0.146875 0.96640625 0.05 0.05859375
2 0.140625 0.825 0.05 0.075
0 0.21171875 0.16484375 0.0453125 0.06640625
0 0.9703125 0.37890625 0.040625 0.05859375
0 0.02578125 0.63359375 0.0515625 0.06640625
0 0.95078125 0.61015625 0.0390625 0.05859375
0 0.546875 0.265625 0.05625 0.07265625
0 0.37578125 0.93671875 0.0546875 0.06015625
0 0.70390625 0.42421875 0.0515625 0.06015625
0 0.5125 0.60546875 0.046875 0.06015625
0 0.659375 0.87890625 0.0625 0.09140625
0 0.61640625 0.93515625 0.0546875 0.0625
0 0.0390625 0.096875 0.078125 0.08984375
0 0.78671875 0.9125 0.0546875 0.06640625
0 0.50703125 0.03203125 0.0671875 0.0640625
1 0.90859375 0.08984375 0.1265625 0.125
0 0.79921875 0.90546875 0.0484375 0.07265625
1 0.3140625 0.2375 0.065625 0.07890625