0 0.48359375 0.19609375 0.046875 0.06015625
0 0.26953125 0.078125 0.0359375 0.05234375
0 0.11796875 0.13203125 0.034375 0.04765625
0 0.3109375 0.15078125 0.04375 0.05234375
0 0.18984375 0.11328125 0.0421875 0.05859375
0 0.1453125 0.35859375 0.040625 0.05390625
0 0.1921875 0.39140625 0.04375 0.06640625
0 0.44921875 0.68203125 0.046875 0.06875
0 0.59921875 0.76796875 0.04375 0.06015625
0 0.72421875 0.04609375 0.04375 0.06015625
0 0.8265625 0.06875 0.040625 0.05859375
0 0.90078125 0.43671875 0.040625 0.06015625
0 0.88984375 0.515625 0.0453125 0.06640625
0 0.95390625 0.51796875 0.0484375 0.06875
0 0.97265625 0.634375 0.0484375 0.07265625
0 0.87578125 0.93203125 0.0453125 0.0625
0 0.1421875 0.9703125 0.05 0.059375
2 0.09375 0.79609375 0.05 0.075
0 0.21171875 0.16484375 0.0453125 0.06640625
0 0.93515625 0.40703125 0.040625 0.05859375
0 0.29296875 0.59609375 0.0546875 0.06640625
0 0.95078125 0.61015625 0.0390625 0.05859375
0 0.32109375 0.03828125 0.0703125 0.0765625
0 0.08203125 0.72265625 0.0671875 0.0875
0 0.25859375 0.44453125 0.0546875 0.06875
1 0.90859375 0.08984375 0.1265625 0.125
0 0.79921875 0.90546875 0.0484375 0.07265625
1 0.30625 0.23046875 0.065625 0.07890625