0 0.48203125 0.18203125 0.046875 0.06015625
0 0.26953125 0.078125 0.0359375 0.05234375
0 0.134375 0.128125 0.034375 0.04765625
0 0.32890625 0.09765625 0.04375 0.05234375
0 0.18828125 0.125 0.0421875 0.05859375
0 0.1453125 0.35859375 0.040625 0.05390625
0 0.190625 0.390625 0.04375 0.06640625
0 0.446875 0.68203125 0.046875 0.06875
0 0.596875 0.76796875 0.04375 0.06015625
0 0.72421875 0.04609375 0.04375 0.06015625
0 0.82578125 0.06875 0.040625 0.05859375
0 0.9 0.43828125 0.040625 0.06015625
0 0.88828125 0.51640625 0.0453125 0.06640625
0 0.95390625 0.51796875 0.0484375 0.06875
0 0.97265625 0.634375 0.0484375 0.07265625
0 0.87578125 0.9375 0.0453125 0.0625
0 0.140625 0.9703125 0.05 0.059375
2 0.0921875 0.79609375 0.05 0.075
0 0.21171875 0.16484375 0.0453125 0.06640625
0 0.93359375 0.40546875 0.040625 0.05859375
0 0.24921875 0.49453125 0.0546875 0.06640625
0 0.95078125 0.61015625 0.0390625 0.05859375
0 0.278125 0.08984375 0.0703125 0.10234375
0 0.465625 0.94765625 0.0609375 0.0875
0 0.178125 0.74296875 0.0671875 0.0875
0 0.3265625 0.37734375 0.0546875 0.06875
1 0.90859375 0.08984375 0.1265625 0.125
0 0.79921875 0.90546875 0.0484375 0.07265625
1 0.3046875 0.228125 0.065625 0.07890625