0 0.4453125 0.13359375 0.046875 0.06015625
0 0.26875 0.07890625 0.0359375 0.05234375
0 0.209375 0.121875 0.034375 0.04765625
0 0.26015625 0.10234375 0.04375 0.05234375
0 0.18515625 0.13359375 0.0421875 0.05859375
0 0.1453125 0.35625 0.040625 0.05390625
0 0.1796875 0.39140625 0.0421875 0.06640625
0 0.44296875 0.68671875 0.046875 0.06875
0 0.584375 0.75703125 0.04375 0.06015625
0 0.72421875 0.04375 0.04375 0.06015625
0 0.82265625 0.06875 0.040625 0.05859375
0 0.97734375 0.37734375 0.0453125 0.1
0 0.896875 0.440625 0.040625 0.06015625
0 0.88203125 0.51875 0.0453125 0.06640625
0 0.95390625 0.51796875 0.0484375 0.06875
0 0.97265625 0.634375 0.0484375 0.07265625
0 0.86953125 0.93125 0.0453125 0.0625
0 0.1359375 0.9703125 0.05 0.059375
2 0.08046875 0.790625 0.05 0.075
0 0.21171875 0.16484375 0.0453125 0.06640625
0 0.9296875 0.40234375 0.040625 0.05859375
0 0.25234375 0.31875 0.0609375 0.075
0 0.0453125 0.48359375 0.06875 0.0875
0 0.95078125 0.61015625 0.0390625 0.05859375
0 0.14453125 0.29296875 0.0703125 0.10234375
0 0.775 0.79140625 0.046875 0.06640625
0 0.44921875 0.8625 0.0671875 0.0875
0 0.48671875 0.040625 0.0546875 0.06875
1 0.90859375 0.08984375 0.1265625 0.125
0 0.79765625 0.90390625 0.0390625 0.05390625
1 0.30078125 0.21953125 0.065625 0.06875