0 0.14140625 0.05234375 0.0421875 0.05390625
0 0.4484375 0.209375 0.046875 0.05625
0 0.14140625 0.41171875 0.040625 0.05859375
0 0.084375 0.81171875 0.04375 0.06015625
0 0.128125 0.18046875 0.0421875 0.06015625
0 0.1 0.484375 0.0484375 0.06640625
0 0.490625 0.740625 0.0484375 0.0625
0 0.04140625 0.96015625 0.0453125 0.0625
0 0.73203125 0.27265625 0.0421875 0.05390625
0 0.07734375 0.4875 0.0390625 0.05859375
0 0.28359375 0.5125 0.0453125 0.0625
0 0.525 0.34921875 0.05 0.06015625
0 0.77890625 0.475 0.0546875 0.0625
0 0.9125 0.30703125 0.053125 0.0625
0 0.8515625 0.28828125 0.046875 0.05625
0 0.4890625 0.50859375 0.04375 0.0625
0 0.546875 0.659375 0.046875 0.05625
0 0.7234375 0.76640625 0.05625 0.07109375
0 0.81796875 0.578125 0.0484375 0.06015625
0 0.58203125 0.30546875 0.0671875 0.07890625
0 0.94921875 0.95625 0.04375 0.05390625
0 0.128125 0.53046875 0.04375 0.03984375
1 0.38046875 0.840625 0.1515625 0.19765625
1 0.50859375 0.78984375 0.0953125 0.1625
0 0.47734375 0.89765625 0.0421875 0.05
0 0.68828125 0.28046875 0.0296875 0.03125
0 0.409375 0.14140625 0.028125 0.04140625