0 0.4796875 0.178125 0.046875 0.06015625
0 0.26953125 0.078125 0.0359375 0.05234375
0 0.14609375 0.11640625 0.034375 0.04765625
0 0.30703125 0.10078125 0.04375 0.05234375
0 0.18828125 0.12578125 0.0421875 0.05859375
0 0.1453125 0.35859375 0.040625 0.05390625
0 0.18984375 0.38984375 0.04375 0.06640625
0 0.44609375 0.68359375 0.046875 0.06875
0 0.59375 0.76328125 0.04375 0.06015625
0 0.72421875 0.04609375 0.04375 0.06015625
0 0.825 0.06875 0.040625 0.05859375
0 0.9 0.43828125 0.040625 0.06015625
0 0.8875 0.51640625 0.0453125 0.06640625
0 0.95390625 0.51796875 0.0484375 0.06875
0 0.97265625 0.634375 0.0484375 0.07265625
0 0.875 0.93671875 0.0453125 0.0625
0 0.1390625 0.9703125 0.05 0.059375
2 0.09140625 0.79609375 0.05 0.075
0 0.21171875 0.16484375 0.0453125 0.06640625
0 0.93359375 0.40546875 0.040625 0.05859375
0 0.24140625 0.47578125 0.0546875 0.06640625
0 0.95078125 0.61015625 0.0390625 0.05859375
0 0.28515625 0.13515625 0.0703125 0.10234375
0 0.4890625 0.90625 0.0609375 0.0875
0 0.21328125 0.73984375 0.0671875 0.0875
0 0.34609375 0.3375 0.0546875 0.06875
1 0.90859375 0.08984375 0.1265625 0.125
0 0.79921875 0.90546875 0.0484375 0.07265625
1 0.30390625 0.22734375 0.065625 0.07890625