0 0.51875 0.29140625 0.046875 0.06015625
0 0.26953125 0.078125 0.0359375 0.05234375
0 0.01875 0.18359375 0.0375 0.05234375
0 0.35703125 0.109375 0.0515625 0.06640625
0 0.22578125 0.10234375 0.0421875 0.05859375
0 0.1453125 0.36015625 0.040625 0.05390625
0 0.19375 0.40234375 0.04375 0.06640625
0 0.47265625 0.66796875 0.046875 0.06875
0 0.621875 0.76171875 0.04375 0.06015625
0 0.725 0.04921875 0.04375 0.06015625
0 0.8265625 0.06875 0.040625 0.05859375
0 0.9109375 0.428125 0.040625 0.06015625
0 0.89609375 0.5125 0.0453125 0.06640625
0 0.95390625 0.51796875 0.0484375 0.06875
0 0.97265625 0.634375 0.0484375 0.07265625
0 0.88515625 0.94140625 0.0453125 0.0625
0 0.146875 0.96640625 0.05 0.05859375
2 0.14453125 0.8125 0.05 0.075
0 0.21171875 0.16484375 0.0453125 0.06640625
0 0.96796875 0.384375 0.040625 0.05859375
0 0.0546875 0.68046875 0.0546875 0.06640625
0 0.95078125 0.61015625 0.0390625 0.05859375
0 0.5 0.16640625 0.05625 0.07265625
0 0.3578125 0.94609375 0.0546875 0.06015625
0 0.70234375 0.5125 0.0515625 0.06015625
0 0.575 0.50703125 0.046875 0.06015625
0 0.7375 0.803125 0.0546875 0.075
0 0.5828125 0.9734375 0.05 0.053125
0 0.0421875 0.02421875 0.0640625 0.04765625
1 0.90859375 0.08984375 0.1265625 0.125
0 0.79921875 0.90546875 0.0484375 0.07265625
1 0.3140625 0.2375 0.065625 0.07890625