0 0.44921875 0.13828125 0.046875 0.06015625
0 0.26875 0.078125 0.0359375 0.05234375
0 0.20546875 0.128125 0.034375 0.04765625
0 0.2671875 0.11484375 0.04375 0.05234375
0 0.1859375 0.13203125 0.0421875 0.05859375
0 0.1453125 0.35625 0.040625 0.05390625
0 0.18046875 0.39140625 0.0421875 0.06640625
0 0.44375 0.68671875 0.046875 0.06875
0 0.5859375 0.75703125 0.04375 0.06015625
0 0.72421875 0.04453125 0.04375 0.06015625
0 0.82265625 0.06875 0.040625 0.05859375
0 0.896875 0.440625 0.040625 0.06015625
0 0.8828125 0.51875 0.0453125 0.06640625
0 0.95390625 0.51796875 0.0484375 0.06875
0 0.97265625 0.634375 0.0484375 0.07265625
0 0.8703125 0.93203125 0.0453125 0.0625
0 0.1359375 0.9703125 0.05 0.059375
2 0.0828125 0.79140625 0.05 0.075
0 0.21171875 0.16484375 0.0453125 0.06640625
0 0.9296875 0.4 0.040625 0.05859375
0 0.2734375 0.33984375 0.0546875 0.06640625
0 0.034375 0.45078125 0.06875 0.0875
0 0.95078125 0.61015625 0.0390625 0.05859375
0 0.17578125 0.26015625 0.0703125 0.10234375
0 0.7375 0.821875 0.046875 0.06640625
0 0.41171875 0.84921875 0.0671875 0.0875
0 0.46953125 0.08515625 0.0546875 0.06875
1 0.90859375 0.08984375 0.1265625 0.125
0 0.79765625 0.90390625 0.040625 0.05625
1 0.3015625 0.21953125 0.065625 0.06875