0 0.471875 0.16953125 0.046875 0.06015625
0 0.26953125 0.078125 0.0359375 0.05234375
0 0.16484375 0.11796875 0.034375 0.04765625
0 0.2875 0.12421875 0.04375 0.05234375
0 0.18828125 0.128125 0.0421875 0.05859375
0 0.1453125 0.35703125 0.040625 0.05390625
0 0.18671875 0.38984375 0.04375 0.06640625
0 0.4453125 0.684375 0.046875 0.06875
0 0.58984375 0.759375 0.04375 0.06015625
0 0.72421875 0.04453125 0.04375 0.06015625
0 0.82421875 0.06875 0.040625 0.05859375
0 0.89921875 0.43984375 0.040625 0.06015625
0 0.8859375 0.51796875 0.0453125 0.06640625
0 0.95390625 0.51796875 0.0484375 0.06875
0 0.97265625 0.634375 0.0484375 0.07265625
0 0.8734375 0.93515625 0.0453125 0.0625
0 0.1390625 0.9703125 0.05 0.059375
2 0.08984375 0.79609375 0.05 0.075
0 0.21171875 0.16484375 0.0453125 0.06640625
0 0.93203125 0.403125 0.040625 0.05859375
0 0.25546875 0.421875 0.0546875 0.06640625
0 0.95078125 0.61015625 0.0390625 0.05859375
0 0.253125 0.19140625 0.0703125 0.10234375
0 0.534375 0.83671875 0.0515625 0.07734375
0 0.2875 0.7375 0.0671875 0.0875
0 0.35 0.253125 0.0546875 0.06875
1 0.90859375 0.08984375 0.1265625 0.125
0 0.7984375 0.90546875 0.046875 0.06875
1 0.30234375 0.22578125 0.065625 0.07890625