0 0.50546875 0.26953125 0.046875 0.06015625
0 0.26953125 0.078125 0.0359375 0.05234375
0 0.0296875 0.19140625 0.034375 0.04765625
0 0.36796875 0.14765625 0.04375 0.05234375
0 0.22578125 0.10234375 0.0421875 0.05859375
0 0.1453125 0.36015625 0.040625 0.05390625
0 0.19140625 0.40390625 0.04375 0.06640625
0 0.46875 0.66953125 0.046875 0.06875
0 0.621875 0.765625 0.04375 0.06015625
0 0.725 0.04921875 0.04375 0.06015625
0 0.8265625 0.06875 0.040625 0.05859375
0 0.909375 0.428125 0.040625 0.06015625
0 0.89609375 0.5125 0.0453125 0.06640625
0 0.95390625 0.51796875 0.0484375 0.06875
0 0.97265625 0.634375 0.0484375 0.07265625
0 0.88515625 0.940625 0.0453125 0.0625
0 0.146875 0.96640625 0.05 0.05859375
2 0.1359375 0.81484375 0.05 0.075
0 0.21171875 0.16484375 0.0453125 0.06640625
0 0.9640625 0.39140625 0.040625 0.05859375
0 0.13671875 0.64609375 0.0546875 0.06640625
0 0.95078125 0.61015625 0.0390625 0.05859375
0 0.409375 0.1375 0.0625 0.07890625
0 0.32578125 0.96953125 0.0546875 0.06015625
0 0.69296875 0.65390625 0.0515625 0.06015625
0 0.67109375 0.43125 0.046875 0.06015625
0 0.975 0.88671875 0.05 0.0625
0 0.8765625 0.84296875 0.0546875 0.075
1 0.90859375 0.08984375 0.1265625 0.125
0 0.79921875 0.90546875 0.0484375 0.07265625
1 0.3140625 0.2375 0.065625 0.07890625