0 0.1015625 0.171875 0.0375 0.05234375
0 0.4265625 0.05703125 0.046875 0.06015625
0 0.2671875 0.07890625 0.0359375 0.05234375
0 0.2515625 0.09453125 0.034375 0.04765625
0 0.24296875 0.13984375 0.04375 0.05234375
0 0.1625 0.14453125 0.0421875 0.05859375
0 0.1453125 0.353125 0.040625 0.05390625
0 0.16796875 0.40078125 0.0421875 0.06640625
0 0.059375 0.475 0.075 0.1
0 0.42734375 0.69375 0.046875 0.06875
0 0.5703125 0.76328125 0.04375 0.06015625
0 0.91875 0.37265625 0.040625 0.05390625
0 0.7234375 0.04140625 0.04375 0.06015625
0 0.815625 0.075 0.040625 0.05859375
0 0.725 0.31484375 0.075 0.1
0 0.88671875 0.44765625 0.040625 0.06015625
0 0.87109375 0.51953125 0.0453125 0.06640625
0 0.9546875 0.52265625 0.0484375 0.06875
0 0.9734375 0.62734375 0.0484375 0.07265625
0 0.86484375 0.92890625 0.0453125 0.0625
0 0.1234375 0.9734375 0.05 0.053125
0 0.98515625 0.10703125 0.0296875 0.06484375
0 0.81875 0.64921875 0.071875 0.09375
2 0.053125 0.784375 0.05 0.075
0 0.21171875 0.16484375 0.0453125 0.06640625
0 0.9171875 0.421875 0.040625 0.05859375
0 0.0375 0.07734375 0.05 0.06640625
0 0.1578125 0.94765625 0.06875 0.07890625
0 0.95078125 0.61015625 0.0390625 0.05859375
1 0.903125 0.08671875 0.115625 0.11875
0 0.7921875 0.90703125 0.0328125 0.03984375
1 0.29296875 0.22265625 0.065625 0.06875