0 0.20625 0.15234375 0.0375 0.04765625
0 0.415625 0.04140625 0.046875 0.06015625
0 0.26875 0.07265625 0.034375 0.05234375
0 0.25703125 0.08671875 0.034375 0.04765625
0 0.25625 0.14140625 0.04375 0.05234375
0 0.1609375 0.14921875 0.0421875 0.05859375
0 0.1453125 0.35234375 0.040625 0.05390625
0 0.16640625 0.403125 0.0421875 0.06640625
0 0.10703125 0.49921875 0.075 0.1
0 0.425 0.69296875 0.046875 0.06875
0 0.56796875 0.76171875 0.04375 0.06015625
0 0.84765625 0.30859375 0.040625 0.05390625
0 0.7234375 0.040625 0.04375 0.06015625
0 0.8125 0.075 0.040625 0.05859375
0 0.68828125 0.26640625 0.075 0.1
0 0.884375 0.44921875 0.040625 0.06015625
0 0.86953125 0.51875 0.0453125 0.06640625
0 0.95546875 0.525 0.0484375 0.06875
0 0.97421875 0.625 0.0484375 0.07265625
0 0.8640625 0.92890625 0.0453125 0.0625
0 0.121875 0.9734375 0.05 0.053125
0 0.98515625 0.10859375 0.0296875 0.06484375
0 0.90390625 0.646875 0.0640625 0.09375
2 0.0484375 0.78359375 0.05 0.075
0 0.21171875 0.16484375 0.0453125 0.06640625
0 0.9171875 0.42734375 0.040625 0.05859375
0 0.95078125 0.61015625 0.0390625 0.05859375
1 0.9015625 0.08671875 0.1125 0.11875
0 0.790625 0.90859375 0.0328125 0.03984375
1 0.29140625 0.22421875 0.065625 0.06875