0 0.4421875 0.13046875 0.046875 0.06015625
0 0.26875 0.07890625 0.0359375 0.05234375
0 0.2109375 0.115625 0.034375 0.04765625
0 0.2546875 0.1 0.04375 0.05234375
0 0.18515625 0.134375 0.0421875 0.05859375
0 0.1453125 0.35625 0.040625 0.05390625
0 0.17890625 0.39296875 0.0421875 0.06640625
0 0.4421875 0.6875 0.046875 0.06875
0 0.584375 0.75703125 0.04375 0.06015625
0 0.72421875 0.04375 0.04375 0.06015625
0 0.82265625 0.06875 0.040625 0.05859375
0 0.9671875 0.371875 0.065625 0.1
0 0.89609375 0.44140625 0.040625 0.06015625
0 0.88125 0.51953125 0.0453125 0.06640625
0 0.95390625 0.51796875 0.0484375 0.06875
0 0.97265625 0.634375 0.0484375 0.07265625
0 0.86953125 0.93125 0.0453125 0.0625
0 0.134375 0.9703125 0.05 0.059375
2 0.0796875 0.78984375 0.05 0.075
0 0.21171875 0.16484375 0.0453125 0.06640625
0 0.9296875 0.403125 0.040625 0.05859375
0 0.2359375 0.33671875 0.0609375 0.075
0 0.05390625 0.515625 0.0734375 0.09765625
0 0.95078125 0.61015625 0.0390625 0.05859375
0 0.1375 0.26953125 0.0703125 0.10234375
0 0.80390625 0.79921875 0.046875 0.06640625
0 0.4703125 0.87734375 0.0671875 0.0875
1 0.90859375 0.08984375 0.1265625 0.125
0 0.79765625 0.90390625 0.0390625 0.05234375
1 0.3 0.21953125 0.065625 0.06875