0 0.4359375 0.10234375 0.046875 0.06015625
0 0.26796875 0.07890625 0.0359375 0.05234375
0 0.21171875 0.12265625 0.034375 0.04765625
0 0.259375 0.13203125 0.04375 0.05234375
0 0.1828125 0.13828125 0.0421875 0.05859375
0 0.1453125 0.35546875 0.040625 0.05390625
0 0.17578125 0.39453125 0.0421875 0.06640625
0 0.43984375 0.68828125 0.046875 0.06875
0 0.58046875 0.76484375 0.04375 0.06015625
0 0.72421875 0.04296875 0.04375 0.06015625
0 0.8203125 0.07421875 0.040625 0.05859375
0 0.8734375 0.39609375 0.075 0.1
0 0.89375 0.44453125 0.040625 0.06015625
0 0.878125 0.52109375 0.0453125 0.06640625
0 0.95390625 0.51796875 0.0484375 0.06875
0 0.97265625 0.634375 0.0484375 0.07265625
0 0.8671875 0.92890625 0.0453125 0.0625
0 0.128125 0.9734375 0.05 0.053125
0 0.5546875 0.86796875 0.06875 0.08515625
2 0.07109375 0.78671875 0.05 0.075
0 0.21171875 0.16484375 0.0453125 0.06640625
0 0.92890625 0.40625 0.040625 0.05859375
0 0.1703125 0.30078125 0.0609375 0.075
0 0.10703125 0.67890625 0.06875 0.0875
0 0.95078125 0.61015625 0.0390625 0.05859375
0 0.0546875 0.20859375 0.0703125 0.10234375
0 0.98125 0.7875 0.0375 0.08359375
1 0.90859375 0.08984375 0.1265625 0.125
0 0.79609375 0.903125 0.034375 0.04140625
1 0.29765625 0.22109375 0.065625 0.06875