0 0.48359375 0.19140625 0.046875 0.06015625
0 0.26953125 0.078125 0.0359375 0.05234375
0 0.125 0.13203125 0.034375 0.04765625
0 0.3140625 0.134375 0.04375 0.05234375
0 0.18828125 0.11640625 0.0421875 0.05859375
0 0.1453125 0.35859375 0.040625 0.05390625
0 0.19140625 0.39140625 0.04375 0.06640625
0 0.4484375 0.68203125 0.046875 0.06875
0 0.5984375 0.76796875 0.04375 0.06015625
0 0.72421875 0.04609375 0.04375 0.06015625
0 0.82578125 0.06875 0.040625 0.05859375
0 0.90078125 0.43671875 0.040625 0.06015625
0 0.88984375 0.515625 0.0453125 0.06640625
0 0.95390625 0.51796875 0.0484375 0.06875
0 0.97265625 0.634375 0.0484375 0.07265625
0 0.87578125 0.93359375 0.0453125 0.0625
0 0.140625 0.9703125 0.05 0.059375
2 0.09375 0.79609375 0.05 0.075
0 0.21171875 0.16484375 0.0453125 0.06640625
0 0.93515625 0.40703125 0.040625 0.05859375
0 0.28828125 0.56484375 0.0546875 0.06640625
0 0.95078125 0.61015625 0.0390625 0.05859375
0 0.32421875 0.05078125 0.0703125 0.1015625
0 0.10546875 0.73359375 0.0671875 0.0875
0 0.29140625 0.459375 0.0546875 0.06875
1 0.90859375 0.08984375 0.1265625 0.125
0 0.79921875 0.90546875 0.0484375 0.07265625
1 0.30625 0.22890625 0.065625 0.07890625