0 0.5015625 0.2625 0.046875 0.06015625
0 0.26953125 0.078125 0.0359375 0.05234375
0 0.03984375 0.178125 0.034375 0.04765625
0 0.36484375 0.14140625 0.04375 0.05234375
0 0.221875 0.103125 0.0421875 0.05859375
0 0.1453125 0.36015625 0.040625 0.05390625
0 0.190625 0.40546875 0.04375 0.06640625
0 0.465625 0.66953125 0.046875 0.06875
0 0.62109375 0.76875 0.04375 0.06015625
0 0.725 0.04765625 0.04375 0.06015625
0 0.8265625 0.06875 0.040625 0.05859375
0 0.90703125 0.42890625 0.040625 0.06015625
0 0.89609375 0.5125 0.0453125 0.06640625
0 0.95390625 0.51796875 0.0484375 0.06875
0 0.97265625 0.634375 0.0484375 0.07265625
0 0.88359375 0.93359375 0.0453125 0.0625
0 0.146875 0.96640625 0.05 0.05859375
2 0.13125 0.81484375 0.05 0.075
0 0.21171875 0.16484375 0.0453125 0.06640625
0 0.96171875 0.39375 0.040625 0.05859375
0 0.17734375 0.63203125 0.0546875 0.06640625
0 0.95078125 0.61015625 0.0390625 0.05859375
0 0.38203125 0.18828125 0.0625 0.07890625
0 0.3078125 0.96953125 0.0546875 0.06015625
0 0.678125 0.70859375 0.0515625 0.06015625
0 0.72265625 0.40234375 0.046875 0.06015625
0 0.96328125 0.946875 0.0515625 0.06015625
0 0.91796875 0.89609375 0.053125 0.07109375
1 0.90859375 0.08984375 0.1265625 0.125
0 0.79921875 0.90546875 0.0484375 0.07265625
1 0.3140625 0.2375 0.065625 0.07890625