0 0.29296875 0.11640625 0.0375 0.04765625
0 0.4140625 0.03046875 0.046875 0.06015625
0 0.2703125 0.06796875 0.034375 0.05234375
0 0.2609375 0.08046875 0.034375 0.04765625
0 0.25625 0.09765625 0.04375 0.05234375
0 0.15390625 0.15390625 0.0375 0.05859375
0 0.1453125 0.35234375 0.040625 0.05390625
0 0.16484375 0.40390625 0.0421875 0.06640625
0 0.16796875 0.52265625 0.0703125 0.09609375
0 0.41953125 0.690625 0.046875 0.06875
0 0.56171875 0.765625 0.04375 0.06015625
0 0.78046875 0.24296875 0.040625 0.05390625
0 0.7234375 0.040625 0.04375 0.06015625
0 0.809375 0.075 0.040625 0.05859375
0 0.6578125 0.24453125 0.075 0.1
0 0.8828125 0.44921875 0.040625 0.06015625
0 0.86796875 0.51875 0.0453125 0.06640625
0 0.96015625 0.51796875 0.0484375 0.06875
0 0.97421875 0.62421875 0.0484375 0.07265625
0 0.86328125 0.92890625 0.0453125 0.0625
0 0.121875 0.9734375 0.05 0.053125
0 0.98515625 0.109375 0.0296875 0.06484375
0 0.9625 0.69765625 0.059375 0.09375
2 0.04375 0.79609375 0.05 0.075
0 0.21171875 0.16484375 0.0453125 0.06640625
0 0.9171875 0.43125 0.040625 0.05859375
0 0.95078125 0.61015625 0.0390625 0.05859375
1 0.9 0.08515625 0.109375 0.11640625
0 0.78984375 0.909375 0.0328125 0.03984375
1 0.290625 0.22421875 0.065625 0.06875