0 0.45625 0.14609375 0.046875 0.06015625
0 0.26875 0.078125 0.0359375 0.05234375
0 0.2015625 0.115625 0.034375 0.04765625
0 0.27578125 0.134375 0.04375 0.05234375
0 0.18671875 0.13125 0.0421875 0.05859375
0 0.1453125 0.35625 0.040625 0.05390625
0 0.18203125 0.390625 0.0421875 0.06640625
0 0.44453125 0.68515625 0.046875 0.06875
0 0.58671875 0.75859375 0.04375 0.06015625
0 0.72421875 0.04453125 0.04375 0.06015625
0 0.8234375 0.06875 0.040625 0.05859375
0 0.89765625 0.440625 0.040625 0.06015625
0 0.88359375 0.51875 0.0453125 0.06640625
0 0.95390625 0.51796875 0.0484375 0.06875
0 0.97265625 0.634375 0.0484375 0.07265625
0 0.87109375 0.93203125 0.0453125 0.0625
0 0.1375 0.9703125 0.05 0.059375
2 0.07890625 0.79140625 0.05 0.075
0 0.21171875 0.16484375 0.0453125 0.06640625
0 0.93046875 0.40078125 0.040625 0.05859375
0 0.30078125 0.33359375 0.0546875 0.06640625
0 0.03125 0.41796875 0.0625 0.08984375
0 0.95078125 0.61015625 0.0390625 0.05859375
0 0.21015625 0.26484375 0.0703125 0.10234375
0 0.68671875 0.809375 0.046875 0.06640625
0 0.365625 0.82109375 0.0671875 0.0875
0 0.45625 0.14921875 0.0546875 0.06875
0 0.52578125 0.978125 0.0546875 0.03984375
1 0.90859375 0.08984375 0.1265625 0.125
0 0.79765625 0.90390625 0.0421875 0.06015625
1 0.3015625 0.22109375 0.065625 0.07109375