0 0.4359375 0.11015625 0.046875 0.06015625
0 0.26796875 0.07890625 0.0359375 0.05234375
0 0.21171875 0.12109375 0.034375 0.04765625
0 0.25 0.12109375 0.04375 0.05234375
0 0.1828125 0.1375 0.0421875 0.05859375
0 0.1453125 0.35546875 0.040625 0.05390625
0 0.1765625 0.39375 0.0421875 0.06640625
0 0.43984375 0.68828125 0.046875 0.06875
0 0.58125 0.7625 0.04375 0.06015625
0 0.72421875 0.04375 0.04375 0.06015625
0 0.82109375 0.071875 0.040625 0.05859375
0 0.8953125 0.4 0.075 0.1
0 0.89453125 0.44375 0.040625 0.06015625
0 0.87890625 0.52109375 0.0453125 0.06640625
0 0.95390625 0.51796875 0.0484375 0.06875
0 0.97265625 0.634375 0.0484375 0.07265625
0 0.86796875 0.92890625 0.0453125 0.0625
0 0.13046875 0.97265625 0.05 0.05390625
0 0.553125 0.91953125 0.06875 0.08515625
2 0.0734375 0.78671875 0.05 0.075
0 0.21171875 0.16484375 0.0453125 0.06640625
0 0.9296875 0.40625 0.040625 0.05859375
0 0.16328125 0.30625 0.0609375 0.075
0 0.1078125 0.6375 0.06875 0.0875
0 0.95078125 0.61015625 0.0390625 0.05859375
0 0.06953125 0.23828125 0.0703125 0.10234375
0 0.946875 0.80078125 0.0421875 0.06640625
1 0.90859375 0.08984375 0.1265625 0.125
0 0.796875 0.903125 0.034375 0.04375
1 0.2984375 0.22109375 0.065625 0.06875