0 0.43046875 0.0875 0.046875 0.06015625
0 0.2671875 0.07890625 0.0359375 0.05234375
0 0.21484375 0.11875 0.034375 0.04765625
0 0.2703125 0.11953125 0.04375 0.05234375
0 0.178125 0.13984375 0.0421875 0.05859375
0 0.1453125 0.35390625 0.040625 0.05390625
0 0.17265625 0.396875 0.0421875 0.06640625
0 0.43203125 0.696875 0.046875 0.06875
0 0.5765625 0.76484375 0.04375 0.06015625
0 0.7234375 0.04296875 0.04375 0.06015625
0 0.81875 0.075 0.040625 0.05859375
0 0.8171875 0.3625 0.075 0.1
0 0.89140625 0.446875 0.040625 0.06015625
0 0.875 0.52109375 0.0453125 0.06640625
0 0.95390625 0.51875 0.0484375 0.06875
0 0.9734375 0.63125 0.0484375 0.07265625
0 0.86640625 0.92890625 0.0453125 0.0625
0 0.1265625 0.9734375 0.05 0.053125
0 0.98515625 0.10546875 0.0296875 0.06484375
0 0.63125 0.74296875 0.071875 0.09375
2 0.06484375 0.78515625 0.05 0.075
0 0.21171875 0.16484375 0.0453125 0.06640625
0 0.928125 0.40703125 0.040625 0.05859375
0 0.10234375 0.22421875 0.040625 0.05859375
0 0.13203125 0.78359375 0.06875 0.0875
0 0.95078125 0.61015625 0.0390625 0.05859375
0 0.02578125 0.13125 0.0515625 0.08515625
1 0.90703125 0.08828125 0.1234375 0.12265625
0 0.79453125 0.90390625 0.0328125 0.03984375
1 0.29609375 0.221875 0.065625 0.06875