0 0.2515625 0.14296875 0.0375 0.04765625
0 0.41484375 0.03671875 0.046875 0.06015625
0 0.26953125 0.07109375 0.034375 0.05234375
0 0.25859375 0.084375 0.034375 0.04765625
0 0.265625 0.13046875 0.04375 0.05234375
0 0.159375 0.15078125 0.040625 0.05859375
0 0.1453125 0.35234375 0.040625 0.05390625
0 0.165625 0.403125 0.0421875 0.06640625
0 0.14375 0.48828125 0.075 0.1
0 0.4234375 0.69140625 0.046875 0.06875
0 0.565625 0.7625 0.04375 0.06015625
0 0.81328125 0.28203125 0.040625 0.05390625
0 0.7234375 0.040625 0.04375 0.06015625
0 0.8109375 0.075 0.040625 0.05859375
0 0.6703125 0.25546875 0.075 0.1
0 0.88359375 0.44921875 0.040625 0.06015625
0 0.86875 0.51875 0.0453125 0.06640625
0 0.95546875 0.52578125 0.0484375 0.06875
0 0.97421875 0.625 0.0484375 0.07265625
0 0.86328125 0.92890625 0.0453125 0.0625
0 0.121875 0.9734375 0.05 0.053125
0 0.98515625 0.109375 0.0296875 0.06484375
0 0.93125 0.67578125 0.0640625 0.09375
2 0.046875 0.78359375 0.05 0.075
0 0.21171875 0.16484375 0.0453125 0.06640625
0 0.9171875 0.42890625 0.040625 0.05859375
0 0.95078125 0.61015625 0.0390625 0.05859375
1 0.90078125 0.08515625 0.1109375 0.11640625
0 0.790625 0.90859375 0.0328125 0.03984375
1 0.29140625 0.22421875 0.065625 0.06875