0 0.47265625 0.17109375 0.046875 0.06015625
0 0.26953125 0.078125 0.0359375 0.05234375
0 0.1625 0.11796875 0.034375 0.04765625
0 0.28828125 0.12421875 0.04375 0.05234375
0 0.18828125 0.12890625 0.0421875 0.05859375
0 0.1453125 0.35703125 0.040625 0.05390625
0 0.1875 0.38984375 0.04375 0.06640625
0 0.4453125 0.684375 0.046875 0.06875
0 0.58984375 0.759375 0.04375 0.06015625
0 0.72421875 0.04453125 0.04375 0.06015625
0 0.82421875 0.06875 0.040625 0.05859375
0 0.89921875 0.43984375 0.040625 0.06015625
0 0.8859375 0.51796875 0.0453125 0.06640625
0 0.95390625 0.51796875 0.0484375 0.06875
0 0.97265625 0.634375 0.0484375 0.07265625
0 0.8734375 0.93515625 0.0453125 0.0625
0 0.1390625 0.9703125 0.05 0.059375
2 0.08984375 0.79609375 0.05 0.075
0 0.21171875 0.16484375 0.0453125 0.06640625
0 0.93203125 0.403125 0.040625 0.05859375
0 0.25546875 0.40625 0.0546875 0.06640625
0 0.95078125 0.61015625 0.0390625 0.05859375
0 0.25546875 0.18828125 0.0703125 0.10234375
0 0.52734375 0.83984375 0.053125 0.07734375
0 0.2828125 0.734375 0.0671875 0.0875
0 0.35078125 0.26640625 0.0546875 0.06875
1 0.90859375 0.08984375 0.1265625 0.125
0 0.79921875 0.90546875 0.046875 0.06875
1 0.30234375 0.22578125 0.065625 0.07890625