0 0.27578125 0.12421875 0.0375 0.04765625
0 0.4140625 0.03359375 0.046875 0.06015625
0 0.26953125 0.06875 0.034375 0.05234375
0 0.26015625 0.08203125 0.034375 0.04765625
0 0.26484375 0.10546875 0.04375 0.05234375
0 0.15625 0.15390625 0.0375 0.05859375
0 0.1453125 0.35234375 0.040625 0.05390625
0 0.165625 0.40390625 0.0421875 0.06640625
0 0.1625 0.49453125 0.075 0.1
0 0.42109375 0.69140625 0.046875 0.06875
0 0.56328125 0.76484375 0.04375 0.06015625
0 0.7859375 0.27265625 0.040625 0.05390625
0 0.7234375 0.040625 0.04375 0.06015625
0 0.81015625 0.075 0.040625 0.05859375
0 0.665625 0.240625 0.075 0.1
0 0.88359375 0.44921875 0.040625 0.06015625
0 0.86796875 0.51875 0.0453125 0.06640625
0 0.95546875 0.52578125 0.0484375 0.06875
0 0.97421875 0.62421875 0.0484375 0.07265625
0 0.86328125 0.92890625 0.0453125 0.0625
0 0.121875 0.9734375 0.05 0.053125
0 0.98515625 0.109375 0.0296875 0.06484375
0 0.9546875 0.68359375 0.0640625 0.09375
2 0.0453125 0.78359375 0.05 0.075
0 0.21171875 0.16484375 0.0453125 0.06640625
0 0.9171875 0.43046875 0.040625 0.05859375
0 0.95078125 0.61015625 0.0390625 0.05859375
1 0.9 0.08515625 0.109375 0.11640625
0 0.78984375 0.909375 0.0328125 0.03984375
1 0.290625 0.22421875 0.065625 0.06875