0 0.5046875 0.26953125 0.046875 0.06015625
0 0.26953125 0.078125 0.0359375 0.05234375
0 0.0296875 0.19140625 0.034375 0.04765625
0 0.3671875 0.15 0.04375 0.05234375
0 0.22578125 0.10234375 0.0421875 0.05859375
0 0.1453125 0.36015625 0.040625 0.05390625
0 0.19140625 0.40390625 0.04375 0.06640625
0 0.46796875 0.66953125 0.046875 0.06875
0 0.621875 0.76640625 0.04375 0.06015625
0 0.725 0.04921875 0.04375 0.06015625
0 0.8265625 0.06875 0.040625 0.05859375
0 0.909375 0.428125 0.040625 0.06015625
0 0.89609375 0.5125 0.0453125 0.06640625
0 0.95390625 0.51796875 0.0484375 0.06875
0 0.97265625 0.634375 0.0484375 0.07265625
0 0.884375 0.93984375 0.0453125 0.0625
0 0.146875 0.96640625 0.05 0.05859375
2 0.1359375 0.81484375 0.05 0.075
0 0.21171875 0.16484375 0.0453125 0.06640625
0 0.9640625 0.39140625 0.040625 0.05859375
0 0.1390625 0.64140625 0.0546875 0.06640625
0 0.95078125 0.61015625 0.0390625 0.05859375
0 0.409375 0.146875 0.0625 0.07890625
0 0.32421875 0.96953125 0.0546875 0.06015625
0 0.6921875 0.66015625 0.0515625 0.06015625
0 0.678125 0.43046875 0.046875 0.06015625
0 0.97421875 0.89453125 0.0515625 0.0625
0 0.88046875 0.85234375 0.0546875 0.075
1 0.90859375 0.08984375 0.1265625 0.125
0 0.79921875 0.90546875 0.0484375 0.07265625
1 0.3140625 0.2375 0.065625 0.07890625