0 0.48359375 0.20625 0.046875 0.06015625
0 0.26953125 0.078125 0.0359375 0.05234375
0 0.0984375 0.13828125 0.034375 0.04765625
0 0.328125 0.140625 0.04375 0.05234375
0 0.20078125 0.11484375 0.0421875 0.05859375
0 0.1453125 0.359375 0.040625 0.05390625
0 0.19140625 0.39453125 0.04375 0.06640625
0 0.4515625 0.68203125 0.046875 0.06875
0 0.6015625 0.76796875 0.04375 0.06015625
0 0.72421875 0.046875 0.04375 0.06015625
0 0.8265625 0.06875 0.040625 0.05859375
0 0.9015625 0.434375 0.040625 0.06015625
0 0.89140625 0.51484375 0.0453125 0.06640625
0 0.95390625 0.51796875 0.0484375 0.06875
0 0.97265625 0.634375 0.0484375 0.07265625
0 0.8765625 0.93046875 0.0453125 0.0625
0 0.1421875 0.9703125 0.05 0.059375
2 0.0953125 0.79609375 0.05 0.075
0 0.21171875 0.16484375 0.0453125 0.06640625
0 0.93984375 0.40703125 0.040625 0.05859375
0 0.30703125 0.67109375 0.0546875 0.06640625
0 0.95078125 0.61015625 0.0390625 0.05859375
0 0.0265625 0.76328125 0.053125 0.0875
0 0.2484375 0.41953125 0.0625 0.07890625
0 0.24375 0.9796875 0.059375 0.040625
0 0.96953125 0.36015625 0.0484375 0.06640625
1 0.90859375 0.08984375 0.1265625 0.125
0 0.79921875 0.90546875 0.0484375 0.07265625
1 0.30859375 0.23125 0.065625 0.07890625