0 0.4484375 0.1375 0.046875 0.06015625
0 0.26875 0.078125 0.0359375 0.05234375
0 0.20546875 0.13046875 0.034375 0.04765625
0 0.265625 0.11171875 0.04375 0.05234375
0 0.1859375 0.13203125 0.0421875 0.05859375
0 0.1453125 0.35625 0.040625 0.05390625
0 0.18046875 0.39140625 0.0421875 0.06640625
0 0.44375 0.68671875 0.046875 0.06875
0 0.58515625 0.75703125 0.04375 0.06015625
0 0.72421875 0.04453125 0.04375 0.06015625
0 0.82265625 0.06875 0.040625 0.05859375
0 0.896875 0.440625 0.040625 0.06015625
0 0.88203125 0.51875 0.0453125 0.06640625
0 0.95390625 0.51796875 0.0484375 0.06875
0 0.97265625 0.634375 0.0484375 0.07265625
0 0.8703125 0.93203125 0.0453125 0.0625
0 0.1359375 0.9703125 0.05 0.059375
2 0.08203125 0.79140625 0.05 0.075
0 0.21171875 0.16484375 0.0453125 0.06640625
0 0.9296875 0.4 0.040625 0.05859375
0 0.27109375 0.33671875 0.0546875 0.06640625
0 0.034375 0.45625 0.06875 0.0875
0 0.95078125 0.61015625 0.0390625 0.05859375
0 0.1734375 0.27578125 0.0703125 0.10234375
0 0.75546875 0.825 0.046875 0.06640625
0 0.4203125 0.84609375 0.0671875 0.0875
0 0.4671875 0.07421875 0.0546875 0.06875
1 0.90859375 0.08984375 0.1265625 0.125
0 0.79765625 0.90390625 0.040625 0.05625
1 0.3015625 0.21953125 0.065625 0.06875