0 0.42890625 0.07578125 0.046875 0.06015625
0 0.2671875 0.08046875 0.0359375 0.05234375
0 0.21796875 0.10546875 0.034375 0.04765625
0 0.2484375 0.12421875 0.04375 0.05234375
0 0.17578125 0.13984375 0.0421875 0.05859375
0 0.1453125 0.35390625 0.040625 0.05390625
0 0.171875 0.39765625 0.0421875 0.06640625
0 0.43046875 0.69609375 0.046875 0.06875
0 0.57421875 0.76484375 0.04375 0.06015625
0 0.9796875 0.52265625 0.040625 0.05390625
0 0.7234375 0.04140625 0.04375 0.06015625
0 0.81796875 0.075 0.040625 0.05859375
0 0.78828125 0.340625 0.075 0.1
0 0.88984375 0.44765625 0.040625 0.06015625
0 0.87421875 0.51953125 0.0453125 0.06640625
0 0.9546875 0.51953125 0.0484375 0.06875
0 0.9734375 0.63046875 0.0484375 0.07265625
0 0.865625 0.92890625 0.0453125 0.0625
0 0.125 0.9734375 0.05 0.053125
0 0.98515625 0.10546875 0.0296875 0.06484375
0 0.68125 0.68671875 0.071875 0.09375
2 0.06171875 0.78515625 0.05 0.075
0 0.21171875 0.16484375 0.0453125 0.06640625
0 0.92734375 0.40859375 0.040625 0.05859375
0 0.090625 0.14609375 0.040625 0.05859375
0 0.1359375 0.83671875 0.06875 0.0875
0 0.95078125 0.61015625 0.0390625 0.05859375
1 0.90546875 0.08828125 0.1203125 0.12265625
0 0.79375 0.90546875 0.0328125 0.03984375
1 0.2953125 0.221875 0.065625 0.06875