0 0.484375 0.20859375 0.046875 0.06015625
0 0.26953125 0.078125 0.0359375 0.05234375
0 0.1015625 0.14296875 0.034375 0.04765625
0 0.3296875 0.1375 0.04375 0.05234375
0 0.203125 0.1125 0.0421875 0.05859375
0 0.1453125 0.359375 0.040625 0.05390625
0 0.19140625 0.39609375 0.04375 0.06640625
0 0.45234375 0.68203125 0.046875 0.06875
0 0.6015625 0.76796875 0.04375 0.06015625
0 0.72421875 0.046875 0.04375 0.06015625
0 0.8265625 0.06875 0.040625 0.05859375
0 0.9015625 0.434375 0.040625 0.06015625
0 0.8921875 0.51484375 0.0453125 0.06640625
0 0.95390625 0.51796875 0.0484375 0.06875
0 0.97265625 0.634375 0.0484375 0.07265625
0 0.87734375 0.93046875 0.0453125 0.0625
0 0.1421875 0.9703125 0.05 0.059375
2 0.09765625 0.796875 0.05 0.075
0 0.21171875 0.16484375 0.0453125 0.06640625
0 0.94140625 0.40703125 0.040625 0.05859375
0 0.28984375 0.66640625 0.0546875 0.06640625
0 0.95078125 0.61015625 0.0390625 0.05859375
0 0.2640625 0.375 0.0625 0.07890625
0 0.24921875 0.97578125 0.059375 0.04765625
0 0.63515625 0.96953125 0.05625 0.05390625
0 0.9609375 0.35703125 0.0484375 0.06640625
1 0.90859375 0.08984375 0.1265625 0.125
0 0.79921875 0.90546875 0.0484375 0.07265625
1 0.30859375 0.23203125 0.065625 0.07890625