0 0.43125 0.08828125 0.046875 0.06015625
0 0.2671875 0.07890625 0.0359375 0.05234375
0 0.2140625 0.12109375 0.034375 0.04765625
0 0.2703125 0.125 0.04375 0.05234375
0 0.17890625 0.13984375 0.0421875 0.05859375
0 0.1453125 0.35390625 0.040625 0.05390625
0 0.1734375 0.396875 0.0421875 0.06640625
0 0.4328125 0.696875 0.046875 0.06875
0 0.5765625 0.76484375 0.04375 0.06015625
0 0.7234375 0.04296875 0.04375 0.06015625
0 0.81875 0.075 0.040625 0.05859375
0 0.82734375 0.36171875 0.075 0.1
0 0.89140625 0.446875 0.040625 0.06015625
0 0.87578125 0.52109375 0.0453125 0.06640625
0 0.95390625 0.51875 0.0484375 0.06875
0 0.97265625 0.63203125 0.0484375 0.07265625
0 0.86640625 0.92890625 0.0453125 0.0625
0 0.1265625 0.9734375 0.05 0.053125
0 0.6203125 0.759375 0.071875 0.09375
2 0.065625 0.78515625 0.05 0.075
0 0.21171875 0.16484375 0.0453125 0.06640625
0 0.928125 0.40703125 0.040625 0.05859375
0 0.11015625 0.2125 0.040625 0.05859375
0 0.12421875 0.77109375 0.06875 0.0875
0 0.95078125 0.61015625 0.0390625 0.05859375
0 0.021875 0.15 0.04375 0.09609375
1 0.90703125 0.08828125 0.1234375 0.12265625
0 0.7953125 0.90390625 0.0328125 0.03984375
1 0.29609375 0.221875 0.065625 0.06875