0 0.51953125 0.29375 0.046875 0.06015625
0 0.26953125 0.078125 0.0359375 0.05234375
0 0.01875 0.17578125 0.0375 0.05234375
0 0.38046875 0.12421875 0.0609375 0.07734375
0 0.22578125 0.10234375 0.0421875 0.05859375
0 0.1453125 0.36015625 0.040625 0.05390625
0 0.19375 0.40234375 0.04375 0.06640625
0 0.47109375 0.66484375 0.046875 0.06875
0 0.621875 0.76171875 0.04375 0.06015625
0 0.725 0.04921875 0.04375 0.06015625
0 0.8265625 0.06875 0.040625 0.05859375
0 0.9109375 0.428125 0.040625 0.06015625
0 0.89609375 0.5125 0.0453125 0.06640625
0 0.95390625 0.51796875 0.0484375 0.06875
0 0.97265625 0.634375 0.0484375 0.07265625
0 0.88515625 0.94140625 0.0453125 0.0625
0 0.146875 0.96640625 0.05 0.05859375
2 0.14609375 0.8125 0.05 0.075
0 0.21171875 0.16484375 0.0453125 0.06640625
0 0.96875 0.38203125 0.040625 0.05859375
0 0.03515625 0.67109375 0.0546875 0.06640625
0 0.95078125 0.61015625 0.0390625 0.05859375
0 0.5 0.21484375 0.05625 0.07265625
0 0.36640625 0.95078125 0.0546875 0.06015625
0 0.709375 0.478125 0.0515625 0.06015625
0 0.5484375 0.52734375 0.046875 0.06015625
0 0.7140625 0.821875 0.0609375 0.09140625
0 0.0390625 0.04765625 0.078125 0.08984375
0 0.77421875 0.9734375 0.0640625 0.053125
1 0.90859375 0.08984375 0.1265625 0.125
0 0.79921875 0.90546875 0.0484375 0.07265625
1 0.3140625 0.2375 0.065625 0.07890625