0 0.428125 0.06875 0.046875 0.06015625
0 0.26640625 0.08046875 0.0359375 0.05234375
0 0.22734375 0.09609375 0.034375 0.04765625
0 0.24296875 0.1375 0.04375 0.05234375
0 0.17421875 0.13984375 0.0421875 0.05859375
0 0.1453125 0.353125 0.040625 0.05390625
0 0.1703125 0.39921875 0.0421875 0.06640625
0 0.4296875 0.69453125 0.046875 0.06875
0 0.5734375 0.76484375 0.04375 0.06015625
0 0.9796875 0.475 0.040625 0.05390625
0 0.7234375 0.04140625 0.04375 0.06015625
0 0.8171875 0.075 0.040625 0.05859375
0 0.7609375 0.34296875 0.075 0.1
0 0.88828125 0.44765625 0.040625 0.06015625
0 0.8734375 0.51953125 0.0453125 0.06640625
0 0.9546875 0.52109375 0.0484375 0.06875
0 0.9734375 0.62890625 0.0484375 0.07265625
0 0.865625 0.92890625 0.0453125 0.0625
0 0.125 0.9734375 0.05 0.053125
0 0.98515625 0.10625 0.0296875 0.06484375
0 0.72421875 0.66875 0.071875 0.09375
2 0.05859375 0.78515625 0.05 0.075
0 0.21171875 0.16484375 0.0453125 0.06640625
0 0.9265625 0.40859375 0.040625 0.05859375
0 0.0671875 0.12421875 0.040625 0.05859375
0 0.14140625 0.878125 0.06875 0.0875
0 0.95078125 0.61015625 0.0390625 0.05859375
1 0.9046875 0.0875 0.11875 0.12109375
0 0.79296875 0.90625 0.0328125 0.03984375
1 0.29453125 0.22265625 0.065625 0.06875