0 0.484375 0.21015625 0.046875 0.06015625
0 0.26953125 0.078125 0.0359375 0.05234375
0 0.096875 0.14765625 0.034375 0.04765625
0 0.33125 0.13359375 0.04375 0.05234375
0 0.2046875 0.11171875 0.0421875 0.05859375
0 0.1453125 0.359375 0.040625 0.05390625
0 0.19140625 0.396875 0.04375 0.06640625
0 0.453125 0.68203125 0.046875 0.06875
0 0.60234375 0.76796875 0.04375 0.06015625
0 0.725 0.046875 0.04375 0.06015625
0 0.8265625 0.06875 0.040625 0.05859375
0 0.9015625 0.43359375 0.040625 0.06015625
0 0.8921875 0.51484375 0.0453125 0.06640625
0 0.95390625 0.51796875 0.0484375 0.06875
0 0.97265625 0.634375 0.0484375 0.07265625
0 0.87734375 0.93046875 0.0453125 0.0625
0 0.14375 0.9703125 0.05 0.059375
2 0.09921875 0.79921875 0.05 0.075
0 0.21171875 0.16484375 0.0453125 0.06640625
0 0.94296875 0.40625 0.040625 0.05859375
0 0.27578125 0.66875 0.0546875 0.06640625
0 0.95078125 0.61015625 0.0390625 0.05859375
0 0.23984375 0.37421875 0.0625 0.07890625
0 0.25546875 0.96953125 0.059375 0.06015625
0 0.61953125 0.96328125 0.053125 0.05859375
0 0.95078125 0.353125 0.0484375 0.06640625
1 0.90859375 0.08984375 0.1265625 0.125
0 0.79921875 0.90546875 0.0484375 0.07265625
1 0.30859375 0.23203125 0.065625 0.07890625