0 0.4390625 0.12109375 0.046875 0.06015625
0 0.26796875 0.07890625 0.0359375 0.05234375
0 0.21171875 0.11875 0.034375 0.04765625
0 0.2453125 0.10859375 0.04375 0.05234375
0 0.184375 0.13515625 0.0421875 0.05859375
0 0.1453125 0.35546875 0.040625 0.05390625
0 0.178125 0.39375 0.0421875 0.06640625
0 0.44140625 0.6875 0.046875 0.06875
0 0.5828125 0.76015625 0.04375 0.06015625
0 0.72421875 0.04375 0.04375 0.06015625
0 0.821875 0.06875 0.040625 0.05859375
0 0.94296875 0.38359375 0.075 0.1
0 0.8953125 0.44296875 0.040625 0.06015625
0 0.8796875 0.51953125 0.0453125 0.06640625
0 0.95390625 0.51796875 0.0484375 0.06875
0 0.97265625 0.634375 0.0484375 0.07265625
0 0.86875 0.93046875 0.0453125 0.0625
0 0.13359375 0.971875 0.05 0.05625
2 0.0765625 0.78828125 0.05 0.075
0 0.21171875 0.16484375 0.0453125 0.06640625
0 0.9296875 0.40546875 0.040625 0.05859375
0 0.203125 0.309375 0.0609375 0.075
0 0.078125 0.56953125 0.06875 0.0875
0 0.95078125 0.61015625 0.0390625 0.05859375
0 0.11015625 0.25078125 0.0703125 0.10234375
0 0.86015625 0.81796875 0.046875 0.06640625
0 0.525 0.92578125 0.0671875 0.0875
1 0.90859375 0.08984375 0.1265625 0.125
0 0.796875 0.90390625 0.0375 0.04765625
1 0.29921875 0.22109375 0.065625 0.06875