0 0.43828125 0.11796875 0.046875 0.06015625
0 0.26796875 0.07890625 0.0359375 0.05234375
0 0.21171875 0.11875 0.034375 0.04765625
0 0.24140625 0.1125 0.04375 0.05234375
0 0.18359375 0.13671875 0.0421875 0.05859375
0 0.1453125 0.35546875 0.040625 0.05390625
0 0.17734375 0.39375 0.0421875 0.06640625
0 0.440625 0.6875 0.046875 0.06875
0 0.58203125 0.76171875 0.04375 0.06015625
0 0.72421875 0.04375 0.04375 0.06015625
0 0.821875 0.06953125 0.040625 0.05859375
0 0.93203125 0.40078125 0.075 0.1
0 0.8953125 0.44375 0.040625 0.06015625
0 0.8796875 0.51953125 0.0453125 0.06640625
0 0.95390625 0.51796875 0.0484375 0.06875
0 0.97265625 0.634375 0.0484375 0.07265625
0 0.86796875 0.92890625 0.0453125 0.0625
0 0.13203125 0.971875 0.05 0.05625
0 0.5390625 0.95703125 0.06875 0.08515625
2 0.07578125 0.7875 0.05 0.075
0 0.21171875 0.16484375 0.0453125 0.06640625
0 0.9296875 0.40625 0.040625 0.05859375
0 0.1734375 0.29296875 0.0609375 0.075
0 0.08515625 0.603125 0.06875 0.0875
0 0.95078125 0.61015625 0.0390625 0.05859375
0 0.0890625 0.25859375 0.0703125 0.10234375
0 0.89140625 0.8125 0.0453125 0.06640625
0 0.53046875 0.93828125 0.071875 0.075
1 0.90859375 0.08984375 0.1265625 0.125
0 0.796875 0.903125 0.0359375 0.04765625
1 0.29921875 0.22109375 0.065625 0.06875