0 0.490625 0.23125 0.046875 0.06015625
0 0.26953125 0.078125 0.0359375 0.05234375
0 0.075 0.16171875 0.034375 0.04765625
0 0.328125 0.10390625 0.04375 0.05234375
0 0.21015625 0.10703125 0.0421875 0.05859375
0 0.1453125 0.36015625 0.040625 0.05390625
0 0.18984375 0.40078125 0.04375 0.06640625
0 0.459375 0.67421875 0.046875 0.06875
0 0.60625 0.76796875 0.04375 0.06015625
0 0.725 0.04765625 0.04375 0.06015625
0 0.8265625 0.06875 0.040625 0.05859375
0 0.90234375 0.43125 0.040625 0.06015625
0 0.89453125 0.51328125 0.0453125 0.06640625
0 0.95390625 0.51796875 0.0484375 0.06875
0 0.97265625 0.634375 0.0484375 0.07265625
0 0.8796875 0.93125 0.0453125 0.0625
0 0.1453125 0.96875 0.05 0.05859375
2 0.11640625 0.8 0.05 0.075
0 0.21171875 0.16484375 0.0453125 0.06640625
0 0.95546875 0.40234375 0.040625 0.05859375
0 0.21328125 0.6875 0.0546875 0.06640625
0 0.95078125 0.61015625 0.0390625 0.05859375
0 0.26328125 0.32890625 0.0625 0.07890625
0 0.284375 0.971875 0.059375 0.05625
0 0.63828125 0.88125 0.0515625 0.06015625
0 0.8765625 0.36171875 0.046875 0.06015625
1 0.90859375 0.08984375 0.1265625 0.125
0 0.79921875 0.90546875 0.0484375 0.07265625
1 0.3109375 0.234375 0.065625 0.07890625