0 0.4296875 0.084375 0.046875 0.06015625
0 0.2671875 0.08046875 0.0359375 0.05234375
0 0.215625 0.11484375 0.034375 0.04765625
0 0.26484375 0.11328125 0.04375 0.05234375
0 0.17734375 0.13984375 0.0421875 0.05859375
0 0.1453125 0.35390625 0.040625 0.05390625
0 0.17265625 0.396875 0.0421875 0.06640625
0 0.43203125 0.696875 0.046875 0.06875
0 0.57578125 0.76484375 0.04375 0.06015625
0 0.7234375 0.04296875 0.04375 0.06015625
0 0.81875 0.075 0.040625 0.05859375
0 0.81328125 0.35234375 0.075 0.1
0 0.890625 0.446875 0.040625 0.06015625
0 0.875 0.51953125 0.0453125 0.06640625
0 0.95390625 0.51875 0.0484375 0.06875
0 0.9734375 0.63125 0.0484375 0.07265625
0 0.86640625 0.92890625 0.0453125 0.0625
0 0.1265625 0.9734375 0.05 0.053125
0 0.98515625 0.10546875 0.0296875 0.06484375
0 0.64375 0.72421875 0.071875 0.09375
2 0.0640625 0.78515625 0.05 0.075
0 0.21171875 0.16484375 0.0453125 0.06640625
0 0.92734375 0.40703125 0.040625 0.05859375
0 0.1015625 0.1875 0.040625 0.05859375
0 0.1265625 0.80703125 0.06875 0.0875
0 0.95078125 0.61015625 0.0390625 0.05859375
0 0.01875 0.11015625 0.0375 0.08359375
1 0.90703125 0.08828125 0.1234375 0.12265625
0 0.79453125 0.90546875 0.0328125 0.03984375
0 0.6828125 0.99765625 0.028125 0.00390625
1 0.2953125 0.221875 0.065625 0.06875