0 0.1625 0.16328125 0.0375 0.04765625
0 0.41953125 0.04765625 0.046875 0.06015625
0 0.26796875 0.075 0.0359375 0.05234375
0 0.2546875 0.08984375 0.034375 0.04765625
0 0.2546875 0.1375 0.04375 0.05234375
0 0.16171875 0.146875 0.0421875 0.05859375
0 0.1453125 0.353125 0.040625 0.05390625
0 0.1671875 0.40234375 0.0421875 0.06640625
0 0.0890625 0.48359375 0.075 0.1
0 0.42578125 0.69375 0.046875 0.06875
0 0.56875 0.7625 0.04375 0.06015625
0 0.87890625 0.325 0.040625 0.05390625
0 0.7234375 0.04140625 0.04375 0.06015625
0 0.81328125 0.075 0.040625 0.05859375
0 0.7 0.28125 0.075 0.1
0 0.88515625 0.44765625 0.040625 0.06015625
0 0.8703125 0.51875 0.0453125 0.06640625
0 0.95546875 0.52421875 0.0484375 0.06875
0 0.97421875 0.62578125 0.0484375 0.07265625
0 0.8640625 0.92890625 0.0453125 0.0625
0 0.1234375 0.9734375 0.05 0.053125
0 0.98515625 0.10859375 0.0296875 0.06484375
0 0.86796875 0.63671875 0.0640625 0.09375
2 0.05 0.784375 0.05 0.075
0 0.21171875 0.16484375 0.0453125 0.06640625
0 0.9171875 0.425 0.040625 0.05859375
0 0.1546875 0.96953125 0.0671875 0.06015625
0 0.95078125 0.61015625 0.0390625 0.05859375
1 0.90234375 0.08671875 0.1140625 0.11875
0 0.79140625 0.90859375 0.0328125 0.03984375
1 0.2921875 0.22265625 0.065625 0.06875