0 0.51328125 0.28046875 0.046875 0.06015625
0 0.26953125 0.078125 0.0359375 0.05234375
0 0.02734375 0.17421875 0.0375 0.05234375
0 0.375 0.14453125 0.04375 0.05234375
0 0.22578125 0.10234375 0.0421875 0.05859375
0 0.1453125 0.36015625 0.040625 0.05390625
0 0.1921875 0.403125 0.04375 0.06640625
0 0.4703125 0.66953125 0.046875 0.06875
0 0.621875 0.7625 0.04375 0.06015625
0 0.725 0.04921875 0.04375 0.06015625
0 0.8265625 0.06875 0.040625 0.05859375
0 0.9109375 0.428125 0.040625 0.06015625
0 0.89609375 0.5125 0.0453125 0.06640625
0 0.95390625 0.51796875 0.0484375 0.06875
0 0.97265625 0.634375 0.0484375 0.07265625
0 0.88515625 0.94140625 0.0453125 0.0625
0 0.146875 0.96640625 0.05 0.05859375
2 0.1390625 0.81328125 0.05 0.075
0 0.21171875 0.16484375 0.0453125 0.06640625
0 0.965625 0.38984375 0.040625 0.05859375
0 0.12734375 0.68125 0.0546875 0.06640625
0 0.95078125 0.61015625 0.0390625 0.05859375
0 0.43515625 0.09609375 0.05625 0.07265625
0 0.3375 0.96328125 0.0546875 0.06015625
0 0.69609375 0.60859375 0.0515625 0.06015625
0 0.63046875 0.45390625 0.046875 0.06015625
0 0.8390625 0.79375 0.0546875 0.075
1 0.90859375 0.08984375 0.1265625 0.125
0 0.79921875 0.90546875 0.0484375 0.07265625
1 0.3140625 0.2375 0.065625 0.07890625