0 0.05625 0.190625 0.0375 0.05234375
0 0.42734375 0.0625 0.046875 0.06015625
0 0.26640625 0.08046875 0.0359375 0.05234375
0 0.24140625 0.09609375 0.034375 0.04765625
0 0.2375 0.14296875 0.04375 0.05234375
0 0.1671875 0.14140625 0.0421875 0.05859375
0 0.1453125 0.353125 0.040625 0.05390625
0 0.16953125 0.4 0.0421875 0.06640625
0 0.03046875 0.48125 0.0609375 0.1
0 0.428125 0.69453125 0.046875 0.06875
0 0.57109375 0.76328125 0.04375 0.06015625
0 0.9546875 0.40859375 0.040625 0.05390625
0 0.7234375 0.04140625 0.04375 0.06015625
0 0.81640625 0.075 0.040625 0.05859375
0 0.73515625 0.32265625 0.075 0.1
0 0.8875 0.44765625 0.040625 0.06015625
0 0.871875 0.51953125 0.0453125 0.06640625
0 0.9546875 0.521875 0.0484375 0.06875
0 0.9734375 0.628125 0.0484375 0.07265625
0 0.86484375 0.92890625 0.0453125 0.0625
0 0.1234375 0.9734375 0.05 0.053125
0 0.98515625 0.10703125 0.0296875 0.06484375
0 0.78203125 0.653125 0.071875 0.09375
2 0.05546875 0.784375 0.05 0.075
0 0.21171875 0.16484375 0.0453125 0.06640625
0 0.9171875 0.41953125 0.040625 0.05859375
0 0.0671875 0.08828125 0.040625 0.05859375
0 0.1484375 0.91015625 0.06875 0.0875
0 0.95078125 0.61015625 0.0390625 0.05859375
1 0.90390625 0.0875 0.1171875 0.12109375
0 0.7921875 0.90625 0.0328125 0.03984375
1 0.29375 0.22265625 0.065625 0.06875