0 0.46875 0.16328125 0.046875 0.06015625
0 0.26953125 0.078125 0.0359375 0.05234375
0 0.1734375 0.11796875 0.034375 0.04765625
0 0.2859375 0.12734375 0.04375 0.05234375
0 0.18671875 0.12578125 0.0421875 0.05859375
0 0.1453125 0.35703125 0.040625 0.05390625
0 0.184375 0.38984375 0.0421875 0.06640625
0 0.4453125 0.684375 0.046875 0.06875
0 0.5890625 0.75859375 0.04375 0.06015625
0 0.72421875 0.04453125 0.04375 0.06015625
0 0.82421875 0.06875 0.040625 0.05859375
0 0.8984375 0.43984375 0.040625 0.06015625
0 0.88515625 0.51796875 0.0453125 0.06640625
0 0.95390625 0.51796875 0.0484375 0.06875
0 0.97265625 0.634375 0.0484375 0.07265625
0 0.87265625 0.934375 0.0453125 0.0625
0 0.1375 0.9703125 0.05 0.059375
2 0.08671875 0.79453125 0.05 0.075
0 0.21171875 0.16484375 0.0453125 0.06640625
0 0.93203125 0.403125 0.040625 0.05859375
0 0.26875 0.39140625 0.0546875 0.06640625
0 0.95078125 0.61015625 0.0390625 0.05859375
0 0.24453125 0.203125 0.0703125 0.10234375
0 0.5640625 0.825 0.0484375 0.06875
0 0.30859375 0.753125 0.0671875 0.0875
0 0.36015625 0.21015625 0.0546875 0.06875
1 0.90859375 0.08984375 0.1265625 0.125
0 0.7984375 0.90546875 0.0453125 0.06640625
1 0.3015625 0.225 0.065625 0.07890625