0 0.38125 0.65703125 0.0359375 0.04765625
0 0.09765625 0.74296875 0.0359375 0.04765625
0 0.20078125 0.81875 0.0453125 0.06640625
0 0.36953125 0.23828125 0.0390625 0.05625
2 0.38515625 0.2 0.0359375 0.05234375
0 0.4546875 0.30703125 0.0375 0.05234375
0 0.6578125 0.49375 0.04375 0.06015625
0 0.72890625 0.03125 0.0375 0.05625
0 0.87734375 0.12578125 0.0421875 0.06484375
0 0.3578125 0.6125 0.0421875 0.05859375
0 0.45390625 0.609375 0.0390625 0.05234375
0 0.30703125 0.53984375 0.0328125 0.05
0 0.5046875 0.44765625 0.0390625 0.05
2 0.32734375 0.45078125 0.0390625 0.05390625
0 0.803125 0.93515625 0.040625 0.05859375
0 0.6953125 0.86796875 0.034375 0.05
0 0.5765625 0.03515625 0.04375 0.05234375