0 0.10390625 0.34140625 0.0421875 0.06640625
0 0.35 0.246875 0.0453125 0.0625
0 0.528125 0.21328125 0.04375 0.06484375
0 0.796875 0.03359375 0.0484375 0.06640625
0 0.6921875 0.89296875 0.04375 0.06015625
0 0.87734375 0.86484375 0.0453125 0.06640625
0 0.3078125 0.81875 0.04375 0.06640625
0 0.23359375 0.53828125 0.0390625 0.06015625
0 0.30546875 0.55625 0.04375 0.06640625
0 0.009375 0.97890625 0.01875 0.03359375
0 0.05859375 0.9796875 0.0421875 0.040625
0 0.92890625 0.42421875 0.0421875 0.06484375