0 0.11328125 0.25234375 0.0375 0.05859375
0 0.14921875 0.43203125 0.0359375 0.04765625
0 0.20625 0.47734375 0.0453125 0.05859375
0 0.1390625 0.39765625 0.0421875 0.05859375
0 0.884375 0.54609375 0.0421875 0.06015625
0 0.62578125 0.33359375 0.0484375 0.0625
0 0.80390625 0.47890625 0.046875 0.075
0 0.70546875 0.80703125 0.0546875 0.07265625
0 0.4734375 0.75703125 0.046875 0.06875
0 0.5671875 0.51640625 0.0390625 0.06015625
0 0.68203125 0.07578125 0.040625 0.05
0 0.965625 0.33828125 0.0390625 0.05859375