0 0.3859375 0.62578125 0.0359375 0.04765625
0 0.10703125 0.74296875 0.0359375 0.04765625
0 0.20546875 0.83203125 0.0453125 0.06640625
0 0.37265625 0.24453125 0.0390625 0.05625
2 0.39765625 0.20625 0.0359375 0.05234375
0 0.46171875 0.31328125 0.0375 0.05234375
0 0.9390625 0.48984375 0.040625 0.05625
0 0.63515625 0.4625 0.04375 0.06015625
0 0.19296875 0.43515625 0.0421875 0.05859375
0 0.7125 0.05 0.0375 0.05625
0 0.89296875 0.165625 0.0421875 0.06484375
0 0.35390625 0.61796875 0.0421875 0.05859375
0 0.44921875 0.5875 0.0390625 0.05234375
0 0.3125 0.53203125 0.0328125 0.05
0 0.4390625 0.46015625 0.0390625 0.05
2 0.34296875 0.45625 0.0390625 0.05390625
0 0.803125 0.93515625 0.040625 0.05859375
0 0.715625 0.86484375 0.034375 0.05