0 0.1078125 0.15546875 0.0375 0.05859375
0 0.165625 0.384375 0.0359375 0.04765625
0 0.2078125 0.49609375 0.0453125 0.05859375
0 0.290625 0.471875 0.0421875 0.05859375
0 0.690625 0.58515625 0.0421875 0.06015625
0 0.62578125 0.33359375 0.0484375 0.0625
0 0.8328125 0.47109375 0.046875 0.075
0 0.91171875 0.25859375 0.0375 0.05625
0 0.70625 0.80703125 0.0546875 0.07265625
0 0.49140625 0.740625 0.046875 0.06875
0 0.44140625 0.21015625 0.0390625 0.06015625
0 0.7296875 0.02265625 0.040625 0.0453125
0 0.98046875 0.33203125 0.0390625 0.05859375