0 0.42890625 0.58515625 0.0359375 0.04765625
0 0.0953125 0.75 0.0359375 0.04765625
0 0.20390625 0.84375 0.0453125 0.06640625
0 0.3859375 0.23984375 0.0390625 0.05625
2 0.43203125 0.20078125 0.0359375 0.05234375
0 0.4671875 0.31171875 0.0375 0.05234375
0 0.59921875 0.403125 0.040625 0.05625
0 0.61640625 0.41640625 0.04375 0.06015625
0 0.56796875 0.51484375 0.0421875 0.05859375
0 0.69375 0.11484375 0.034375 0.05625
0 0.95234375 0.19921875 0.0421875 0.06484375
0 0.3578125 0.61875 0.0359375 0.04375
0 0.4703125 0.5875 0.0296875 0.05234375
0 0.33125 0.51328125 0.0328125 0.05
0 0.34140625 0.51015625 0.0390625 0.05
2 0.3625 0.45078125 0.0390625 0.05390625
0 0.803125 0.93515625 0.040625 0.05859375
0 0.74140625 0.84921875 0.034375 0.05