0 0.12265625 0.15625 0.0375 0.05859375
0 0.1640625 0.3875 0.0359375 0.04765625
0 0.2046875 0.49140625 0.0453125 0.05859375
0 0.28125 0.47265625 0.0421875 0.05859375
0 0.703125 0.59921875 0.0421875 0.06015625
0 0.62578125 0.33359375 0.0484375 0.0625
0 0.83046875 0.471875 0.046875 0.075
0 0.92421875 0.24140625 0.0375 0.05625
0 0.70625 0.80703125 0.0546875 0.07265625
0 0.490625 0.74140625 0.046875 0.06875
0 0.44453125 0.23515625 0.0390625 0.06015625
0 0.725 0.02265625 0.040625 0.0453125
0 0.98046875 0.340625 0.0390625 0.05859375