0 0.40546875 0.60859375 0.0359375 0.04765625
0 0.09921875 0.746875 0.0359375 0.04765625
0 0.21015625 0.84375 0.0453125 0.06640625
0 0.37734375 0.24375 0.0390625 0.05625
2 0.41484375 0.203125 0.0359375 0.05234375
0 0.4640625 0.3125 0.0375 0.05234375
0 0.796875 0.459375 0.040625 0.05625
0 0.62421875 0.43671875 0.04375 0.06015625
0 0.36171875 0.44609375 0.0421875 0.05859375
0 0.7125 0.07578125 0.0375 0.05625
0 0.91796875 0.18125 0.0421875 0.06484375
0 0.353125 0.61875 0.0421875 0.05859375
0 0.45859375 0.57109375 0.0390625 0.05234375
0 0.31640625 0.52734375 0.0328125 0.05
0 0.40078125 0.48125 0.0390625 0.05
2 0.34765625 0.45 0.0390625 0.05390625
0 0.803125 0.93515625 0.040625 0.05859375
0 0.72421875 0.85703125 0.034375 0.05