0 0.3390625 0.259375 0.0453125 0.0625
0 0.503125 0.21953125 0.04375 0.06484375
0 0.76875 0.03359375 0.0484375 0.06640625
0 0.6921875 0.89296875 0.04375 0.06015625
0 0.76328125 0.76484375 0.0453125 0.06640625
0 0.3078125 0.81875 0.04375 0.06640625
0 0.23984375 0.225 0.040625 0.06015625
0 0.2515625 0.57421875 0.04375 0.06640625
0 0.009375 0.97890625 0.01875 0.03359375
0 0.05859375 0.9796875 0.0421875 0.040625
0 0.8921875 0.81640625 0.04375 0.06484375
0 0.14921875 0.96875 0.04375 0.05
0 0.025 0.75 0.0375 0.06484375