0 0.38671875 0.64921875 0.0359375 0.04765625
0 0.10390625 0.75078125 0.0359375 0.04765625
0 0.2015625 0.82578125 0.0453125 0.06640625
0 0.3703125 0.2375 0.0390625 0.05625
2 0.3875 0.20078125 0.0359375 0.05234375
0 0.45546875 0.30859375 0.0375 0.05234375
0 0.6453125 0.5 0.04375 0.06015625
0 0.02109375 0.40390625 0.0421875 0.05859375
0 0.73125 0.03671875 0.0375 0.05625
0 0.87578125 0.1375 0.0421875 0.06484375
0 0.353125 0.625 0.0421875 0.05859375
0 0.44609375 0.61171875 0.0390625 0.05234375
0 0.30859375 0.5375 0.0328125 0.05
0 0.49140625 0.45390625 0.0390625 0.05
2 0.33046875 0.45 0.0390625 0.05390625
0 0.803125 0.93515625 0.040625 0.05859375
0 0.7015625 0.86640625 0.034375 0.05
0 0.603125 0.04296875 0.04375 0.05234375