0 0.40390625 0.61171875 0.0359375 0.04765625
0 0.10234375 0.753125 0.0359375 0.04765625
0 0.21328125 0.84453125 0.0453125 0.06640625
0 0.3765625 0.24375 0.0390625 0.05625
2 0.4140625 0.20390625 0.0359375 0.05234375
0 0.46328125 0.3125 0.0375 0.05234375
0 0.81484375 0.46796875 0.040625 0.05625
0 0.6265625 0.44375 0.04375 0.06015625
0 0.3453125 0.43671875 0.0421875 0.05859375
0 0.715625 0.07421875 0.0375 0.05625
0 0.91015625 0.18125 0.0421875 0.06484375
0 0.35390625 0.61640625 0.0421875 0.05859375
0 0.45625 0.56953125 0.0390625 0.05234375
0 0.31640625 0.52734375 0.0328125 0.05
0 0.403125 0.47421875 0.0390625 0.05
2 0.3484375 0.45078125 0.0390625 0.05390625
0 0.803125 0.93515625 0.040625 0.05859375
0 0.72265625 0.85859375 0.034375 0.05