0 0.37265625 0.70390625 0.0359375 0.04765625
0 0.09453125 0.740625 0.0359375 0.04765625
0 0.18203125 0.81875 0.0453125 0.06640625
0 0.36796875 0.240625 0.0390625 0.05625
2 0.35546875 0.20546875 0.0359375 0.05234375
0 0.4546875 0.30703125 0.0375 0.05234375
0 0.60546875 0.57890625 0.04375 0.06015625
0 0.85 0.06796875 0.0421875 0.06484375
0 0.34765625 0.61640625 0.0421875 0.05859375
0 0.4421875 0.62890625 0.0390625 0.05234375
0 0.29921875 0.55 0.0328125 0.05
0 0.58515625 0.41484375 0.0390625 0.05
2 0.30234375 0.45390625 0.0390625 0.05390625
0 0.803125 0.93515625 0.040625 0.05859375
0 0.6578125 0.903125 0.034375 0.05
0 0.53359375 0.15390625 0.04375 0.05234375
0 0.66953125 0.78984375 0.05 0.06015625