0 0.38984375 0.61171875 0.0359375 0.04765625
0 0.10625 0.74921875 0.0359375 0.04765625
0 0.21015625 0.83984375 0.0453125 0.06640625
0 0.37578125 0.24375 0.0390625 0.05625
2 0.4109375 0.20546875 0.0359375 0.05234375
0 0.4625 0.3125 0.0375 0.05234375
0 0.85 0.47890625 0.040625 0.05625
0 0.63203125 0.4375 0.04375 0.06015625
0 0.296875 0.440625 0.0421875 0.05859375
0 0.71875 0.06875 0.0375 0.05625
0 0.90390625 0.17734375 0.0421875 0.06484375
0 0.35546875 0.61328125 0.0421875 0.05859375
0 0.44921875 0.575 0.0390625 0.05234375
0 0.31484375 0.52890625 0.0328125 0.05
0 0.4125 0.48125 0.0390625 0.05
2 0.346875 0.45 0.0390625 0.05390625
0 0.803125 0.93515625 0.040625 0.05859375
0 0.7203125 0.859375 0.034375 0.05