0 0.3765625 0.63046875 0.0359375 0.04765625
0 0.10625 0.740625 0.0359375 0.04765625
0 0.20234375 0.834375 0.0453125 0.06640625
0 0.37109375 0.23671875 0.0390625 0.05625
2 0.39140625 0.21171875 0.0359375 0.05234375
0 0.459375 0.3125 0.0375 0.05234375
0 0.978125 0.50078125 0.040625 0.05625
0 0.6296875 0.46953125 0.04375 0.06015625
0 0.13359375 0.43359375 0.0421875 0.05859375
0 0.703125 0.03203125 0.0375 0.05625
0 0.88515625 0.159375 0.0421875 0.06484375
0 0.35390625 0.621875 0.0421875 0.05859375
0 0.44453125 0.590625 0.0390625 0.05234375
0 0.3109375 0.534375 0.0328125 0.05
0 0.45234375 0.45 0.0390625 0.05
2 0.33828125 0.45390625 0.0390625 0.05390625
0 0.803125 0.93515625 0.040625 0.05859375
0 0.70625 0.8625 0.034375 0.05