0 0.37265625 0.68984375 0.0359375 0.04765625
0 0.096875 0.74609375 0.0359375 0.04765625
0 0.18671875 0.82109375 0.0453125 0.06640625
0 0.36796875 0.240625 0.0390625 0.05625
2 0.365625 0.203125 0.0359375 0.05234375
0 0.4546875 0.30703125 0.0375 0.05234375
0 0.63515625 0.54296875 0.04375 0.06015625
0 0.8578125 0.09453125 0.0421875 0.06484375
0 0.34765625 0.61640625 0.0421875 0.05859375
0 0.4546875 0.61328125 0.0390625 0.05234375
0 0.30234375 0.54609375 0.0328125 0.05
0 0.55390625 0.42109375 0.0390625 0.05
2 0.3109375 0.45390625 0.0390625 0.05390625
0 0.803125 0.93515625 0.040625 0.05859375
0 0.675 0.87578125 0.034375 0.05
0 0.5375 0.084375 0.04375 0.05234375
0 0.7171875 0.93203125 0.05 0.05234375