0 0.37265625 0.696875 0.0359375 0.04765625
0 0.096875 0.746875 0.0359375 0.04765625
0 0.18203125 0.81875 0.0453125 0.06640625
0 0.36796875 0.240625 0.0390625 0.05625
2 0.35546875 0.20546875 0.0359375 0.05234375
0 0.4546875 0.30703125 0.0375 0.05234375
0 0.61953125 0.5625 0.04375 0.06015625
0 0.86015625 0.07578125 0.0421875 0.06484375
0 0.34765625 0.61640625 0.0421875 0.05859375
0 0.4453125 0.61328125 0.0390625 0.05234375
0 0.3 0.54921875 0.0328125 0.05
0 0.5765625 0.403125 0.0390625 0.05
2 0.30546875 0.45390625 0.0390625 0.05390625
0 0.803125 0.93515625 0.040625 0.05859375
0 0.66640625 0.88828125 0.034375 0.05
0 0.5421875 0.125 0.04375 0.05234375
0 0.70078125 0.86484375 0.05 0.06015625