0 0.37265625 0.690625 0.0359375 0.04765625
0 0.096875 0.746875 0.0359375 0.04765625
0 0.1859375 0.82109375 0.0453125 0.06640625
0 0.36796875 0.240625 0.0390625 0.05625
2 0.3640625 0.203125 0.0359375 0.05234375
0 0.4546875 0.30703125 0.0375 0.05234375
0 0.63359375 0.54609375 0.04375 0.06015625
0 0.85859375 0.08984375 0.0421875 0.06484375
0 0.34765625 0.61640625 0.0421875 0.05859375
0 0.453125 0.6125 0.0390625 0.05234375
0 0.30234375 0.54609375 0.0328125 0.05
0 0.5578125 0.42109375 0.0390625 0.05
2 0.309375 0.45390625 0.0390625 0.05390625
0 0.803125 0.93515625 0.040625 0.05859375
0 0.67421875 0.87734375 0.034375 0.05
0 0.534375 0.09375 0.04375 0.05234375
0 0.70625 0.928125 0.05 0.05859375