0 0.07890625 0.20234375 0.0375 0.05859375
0 0.16953125 0.37578125 0.0359375 0.04765625
0 0.20859375 0.49453125 0.0453125 0.05859375
0 0.31328125 0.48359375 0.0421875 0.05859375
0 0.64765625 0.55078125 0.0421875 0.06015625
0 0.62578125 0.33359375 0.0484375 0.0625
0 0.8359375 0.46953125 0.046875 0.075
0 0.88515625 0.27890625 0.0375 0.05625
0 0.70703125 0.80703125 0.0546875 0.07265625
0 0.49375 0.7375 0.046875 0.06875
0 0.41953125 0.17578125 0.0390625 0.06015625
0 0.9828125 0.33046875 0.034375 0.05859375