0 0.33828125 0.26015625 0.0453125 0.0625
0 0.503125 0.21953125 0.04375 0.06484375
0 0.76796875 0.03359375 0.0484375 0.06640625
0 0.6921875 0.89296875 0.04375 0.06015625
0 0.7421875 0.77421875 0.0453125 0.06640625
0 0.3078125 0.81875 0.04375 0.06640625
0 0.221875 0.18671875 0.040625 0.06015625
0 0.25 0.575 0.04375 0.06640625
0 0.009375 0.97890625 0.01875 0.03359375
0 0.05859375 0.9796875 0.0421875 0.040625
0 0.85 0.86171875 0.04375 0.06484375
0 0.2171875 0.946875 0.04375 0.05
0 0.0390625 0.7375 0.0375 0.06484375
0 0.3734375 0.971875 0.05625 0.05625