0 0.37265625 0.67890625 0.0359375 0.04765625
0 0.09609375 0.74296875 0.0359375 0.04765625
0 0.19765625 0.81953125 0.0453125 0.06640625
0 0.36875 0.23984375 0.0390625 0.05625
2 0.3734375 0.20078125 0.0359375 0.05234375
0 0.4546875 0.30703125 0.0375 0.05234375
0 0.62421875 0.51875 0.04375 0.06015625
0 0.865625 0.11328125 0.0421875 0.06484375
0 0.353125 0.609375 0.0421875 0.05859375
0 0.46171875 0.61640625 0.0390625 0.05234375
0 0.3046875 0.54296875 0.0328125 0.05
0 0.528125 0.421875 0.0390625 0.05
2 0.31875 0.45390625 0.0390625 0.05390625
0 0.803125 0.93515625 0.040625 0.05859375
0 0.68046875 0.87265625 0.034375 0.05
0 0.5703125 0.08984375 0.04375 0.05234375
0 0.753125 0.953125 0.05 0.04765625