0 0.3875 0.61171875 0.0359375 0.04765625
0 0.10703125 0.746875 0.0359375 0.04765625
0 0.20546875 0.83515625 0.0453125 0.06640625
0 0.375 0.24375 0.0390625 0.05625
2 0.409375 0.20546875 0.0359375 0.05234375
0 0.4625 0.3125 0.0375 0.05234375
0 0.86875 0.48203125 0.040625 0.05625
0 0.63125 0.44296875 0.04375 0.06015625
0 0.275 0.43671875 0.0421875 0.05859375
0 0.71953125 0.065625 0.0375 0.05625
0 0.90546875 0.171875 0.0421875 0.06484375
0 0.35546875 0.61328125 0.0421875 0.05859375
0 0.4484375 0.57734375 0.0390625 0.05234375
0 0.31484375 0.52890625 0.0328125 0.05
0 0.41640625 0.484375 0.0390625 0.05
2 0.34453125 0.446875 0.0390625 0.05390625
0 0.803125 0.93515625 0.040625 0.05859375
0 0.71953125 0.86015625 0.034375 0.05