0 0.37265625 0.68671875 0.0359375 0.04765625
0 0.09609375 0.74453125 0.0359375 0.04765625
0 0.1890625 0.821875 0.0453125 0.06640625
0 0.36796875 0.240625 0.0390625 0.05625
2 0.36796875 0.20234375 0.0359375 0.05234375
0 0.4546875 0.30703125 0.0375 0.05234375
0 0.634375 0.53671875 0.04375 0.06015625
0 0.86015625 0.103125 0.0421875 0.06484375
0 0.34921875 0.61484375 0.0421875 0.05859375
0 0.45703125 0.615625 0.0390625 0.05234375
0 0.303125 0.54453125 0.0328125 0.05
0 0.54453125 0.421875 0.0390625 0.05
2 0.31328125 0.45390625 0.0390625 0.05390625
0 0.803125 0.93515625 0.040625 0.05859375
0 0.67734375 0.875 0.034375 0.05
0 0.553125 0.08984375 0.04375 0.05234375
0 0.734375 0.93828125 0.05 0.04765625