0 0.34140625 0.25625 0.0453125 0.0625
0 0.50625 0.21796875 0.04375 0.06484375
0 0.78125 0.03359375 0.0484375 0.06640625
0 0.6921875 0.89296875 0.04375 0.06015625
0 0.82578125 0.76796875 0.0453125 0.06640625
0 0.3078125 0.81875 0.04375 0.06640625
0 0.23046875 0.346875 0.0390625 0.06015625
0 0.2734375 0.56640625 0.04375 0.06640625
0 0.009375 0.97890625 0.01875 0.03359375
0 0.05859375 0.9796875 0.0421875 0.040625
0 0.64375 0.10390625 0.0421875 0.06484375
0 0.98046875 0.59609375 0.0390625 0.07265625