0 0.37265625 0.69765625 0.0359375 0.04765625
0 0.09609375 0.74453125 0.0359375 0.04765625
0 0.18203125 0.81875 0.0453125 0.06640625
0 0.36796875 0.240625 0.0390625 0.05625
2 0.35546875 0.20546875 0.0359375 0.05234375
0 0.4546875 0.30703125 0.0375 0.05234375
0 0.61640625 0.565625 0.04375 0.06015625
0 0.8609375 0.07265625 0.0421875 0.06484375
0 0.34765625 0.61640625 0.0421875 0.05859375
0 0.44375 0.615625 0.0390625 0.05234375
0 0.29921875 0.55 0.0328125 0.05
0 0.58359375 0.4125 0.0390625 0.05
2 0.3046875 0.45390625 0.0390625 0.05390625
0 0.803125 0.93515625 0.040625 0.05859375
0 0.66484375 0.89140625 0.034375 0.05
0 0.53828125 0.12890625 0.04375 0.05234375
0 0.68671875 0.84921875 0.05 0.06015625