0 0.38671875 0.64921875 0.0359375 0.04765625
0 0.10390625 0.75078125 0.0359375 0.04765625
0 0.20234375 0.82734375 0.0453125 0.06640625
0 0.3703125 0.2375 0.0390625 0.05625
2 0.38828125 0.20078125 0.0359375 0.05234375
0 0.45546875 0.30859375 0.0375 0.05234375
0 0.64375 0.49921875 0.04375 0.06015625
0 0.02265625 0.40625 0.0421875 0.05859375
0 0.73125 0.0375 0.0375 0.05625
0 0.87578125 0.13828125 0.0421875 0.06484375
0 0.35234375 0.62734375 0.0421875 0.05859375
0 0.44609375 0.61171875 0.0390625 0.05234375
0 0.30859375 0.5375 0.0328125 0.05
0 0.490625 0.45390625 0.0390625 0.05
2 0.33046875 0.45078125 0.0390625 0.05390625
0 0.803125 0.93515625 0.040625 0.05859375
0 0.7015625 0.86640625 0.034375 0.05
0 0.60390625 0.04140625 0.04375 0.05234375