0 0.03359375 0.36953125 0.0421875 0.06640625
0 0.34765625 0.24921875 0.0453125 0.0625
0 0.51875 0.20859375 0.04375 0.06484375
0 0.7953125 0.03359375 0.0484375 0.06640625
0 0.6921875 0.89296875 0.04375 0.06015625
0 0.871875 0.83828125 0.0453125 0.06640625
0 0.3078125 0.81875 0.04375 0.06640625
0 0.209375 0.509375 0.0390625 0.06015625
0 0.29921875 0.55859375 0.04375 0.06640625
0 0.009375 0.97890625 0.01875 0.03359375
0 0.05859375 0.9796875 0.0421875 0.040625
0 0.878125 0.38828125 0.0421875 0.06484375