0 0.40625 0.60859375 0.0359375 0.04765625
0 0.0984375 0.74609375 0.0359375 0.04765625
0 0.21015625 0.84375 0.0453125 0.06640625
0 0.37734375 0.24375 0.0390625 0.05625
2 0.415625 0.203125 0.0359375 0.05234375
0 0.4640625 0.3125 0.0375 0.05234375
0 0.7921875 0.459375 0.040625 0.05625
0 0.625 0.43515625 0.04375 0.06015625
0 0.36640625 0.44609375 0.0421875 0.05859375
0 0.71171875 0.07734375 0.0375 0.05625
0 0.91953125 0.18203125 0.0421875 0.06484375
0 0.35234375 0.61875 0.0421875 0.05859375
0 0.45859375 0.57109375 0.0390625 0.05234375
0 0.3171875 0.52578125 0.0328125 0.05
0 0.40078125 0.484375 0.0390625 0.05
2 0.34765625 0.45 0.0390625 0.05390625
0 0.803125 0.93515625 0.040625 0.05859375
0 0.725 0.85703125 0.034375 0.05