0 0.071875 0.36015625 0.0421875 0.06640625
0 0.3484375 0.24765625 0.0453125 0.0625
0 0.52109375 0.20625 0.04375 0.06484375
0 0.79609375 0.03359375 0.0484375 0.06640625
0 0.6921875 0.89296875 0.04375 0.06015625
0 0.8859375 0.846875 0.0453125 0.06640625
0 0.3078125 0.81875 0.04375 0.06640625
0 0.2140625 0.52890625 0.0390625 0.06015625
0 0.30234375 0.55859375 0.04375 0.06640625
0 0.009375 0.97890625 0.01875 0.03359375
0 0.05859375 0.9796875 0.0421875 0.040625
0 0.90625 0.39765625 0.0421875 0.06484375