0 0.409375 0.603125 0.0359375 0.04765625
0 0.09609375 0.740625 0.0359375 0.04765625
0 0.2171875 0.846875 0.0453125 0.06640625
0 0.378125 0.24375 0.0390625 0.05625
2 0.4171875 0.20078125 0.0359375 0.05234375
0 0.4640625 0.3125 0.0375 0.05234375
0 0.76328125 0.446875 0.040625 0.05625
0 0.6296875 0.42734375 0.04375 0.06015625
0 0.403125 0.44296875 0.0421875 0.05859375
0 0.7078125 0.078125 0.0375 0.05625
0 0.92421875 0.1875 0.0421875 0.06484375
0 0.35078125 0.62265625 0.0421875 0.05859375
0 0.46171875 0.571875 0.0390625 0.05234375
0 0.31796875 0.525 0.0328125 0.05
0 0.38125 0.48359375 0.0390625 0.05
2 0.34609375 0.446875 0.0390625 0.05390625
0 0.803125 0.93515625 0.040625 0.05859375
0 0.72734375 0.85625 0.034375 0.05