0 0.38515625 0.65234375 0.0359375 0.04765625
0 0.10234375 0.74921875 0.0359375 0.04765625
0 0.1953125 0.81875 0.0453125 0.06640625
0 0.3703125 0.2375 0.0390625 0.05625
2 0.38671875 0.2 0.0359375 0.05234375
0 0.4546875 0.30703125 0.0375 0.05234375
0 0.65234375 0.50859375 0.04375 0.06015625
0 0.02109375 0.40390625 0.0421875 0.05859375
0 0.73046875 0.03515625 0.0375 0.05625
0 0.8765625 0.134375 0.0421875 0.06484375
0 0.359375 0.61015625 0.0421875 0.05859375
0 0.4484375 0.609375 0.0390625 0.05234375
0 0.30859375 0.5375 0.0328125 0.05
0 0.49375 0.45078125 0.0390625 0.05
2 0.32890625 0.45 0.0390625 0.05390625
0 0.803125 0.93515625 0.040625 0.05859375
0 0.7 0.86640625 0.034375 0.05
0 0.5953125 0.04609375 0.04375 0.05234375