0 0.37265625 0.69453125 0.0359375 0.04765625
0 0.09765625 0.74765625 0.0359375 0.04765625
0 0.18203125 0.81875 0.0453125 0.06640625
0 0.36796875 0.240625 0.0390625 0.05625
2 0.3578125 0.20390625 0.0359375 0.05234375
0 0.4546875 0.30703125 0.0375 0.05234375
0 0.6265625 0.55859375 0.04375 0.06015625
0 0.859375 0.08046875 0.0421875 0.06484375
0 0.34765625 0.61640625 0.0421875 0.05859375
0 0.446875 0.61015625 0.0390625 0.05234375
0 0.30078125 0.54765625 0.0328125 0.05
0 0.5734375 0.41640625 0.0390625 0.05
2 0.30625 0.45390625 0.0390625 0.05390625
0 0.803125 0.93515625 0.040625 0.05859375
0 0.66953125 0.884375 0.034375 0.05
0 0.546875 0.12109375 0.04375 0.05234375
0 0.69609375 0.88984375 0.05 0.06015625