0 0.38515625 0.64765625 0.0359375 0.04765625
0 0.10390625 0.75 0.0359375 0.04765625
0 0.2015625 0.82578125 0.0453125 0.06640625
0 0.3703125 0.2375 0.0390625 0.05625
2 0.38828125 0.20078125 0.0359375 0.05234375
0 0.45546875 0.30859375 0.0375 0.05234375
0 0.6421875 0.496875 0.04375 0.06015625
0 0.02734375 0.41015625 0.0421875 0.05859375
0 0.73125 0.0375 0.0375 0.05625
0 0.875 0.140625 0.0421875 0.06484375
0 0.35234375 0.62734375 0.0421875 0.05859375
0 0.446875 0.61015625 0.0390625 0.05234375
0 0.30859375 0.5375 0.0328125 0.05
0 0.4890625 0.45390625 0.0390625 0.05
2 0.33125 0.45078125 0.0390625 0.05390625
0 0.803125 0.93515625 0.040625 0.05859375
0 0.7015625 0.86640625 0.034375 0.05
0 0.60078125 0.03984375 0.04375 0.05234375