0 0.4265625 0.5875 0.0359375 0.04765625
0 0.09609375 0.759375 0.0359375 0.04765625
0 0.2046875 0.85078125 0.0453125 0.06640625
0 0.384375 0.240625 0.0390625 0.05625
2 0.4296875 0.20234375 0.0359375 0.05234375
0 0.46640625 0.31171875 0.0375 0.05234375
0 0.62734375 0.40859375 0.040625 0.05625
0 0.61875 0.41796875 0.04375 0.06015625
0 0.54453125 0.49765625 0.0421875 0.05859375
0 0.70078125 0.11640625 0.034375 0.05625
0 0.94921875 0.18984375 0.0421875 0.06484375
0 0.359375 0.61484375 0.0375 0.04765625
0 0.46875 0.58125 0.0328125 0.05234375
0 0.32421875 0.51953125 0.0328125 0.05
0 0.35546875 0.50703125 0.0390625 0.05
2 0.3609375 0.44921875 0.0390625 0.05390625
0 0.803125 0.93515625 0.040625 0.05859375
0 0.73984375 0.85 0.034375 0.05