0 0.4109375 0.6 0.0359375 0.04765625
0 0.1 0.74609375 0.0359375 0.04765625
0 0.21796875 0.846875 0.0453125 0.06640625
0 0.37890625 0.24296875 0.0390625 0.05625
2 0.41796875 0.2 0.0359375 0.05234375
0 0.46484375 0.3125 0.0375 0.05234375
0 0.74375 0.44375 0.040625 0.05625
0 0.63125 0.42734375 0.04375 0.06015625
0 0.4203125 0.45546875 0.0421875 0.05859375
0 0.70546875 0.07890625 0.0375 0.05625
0 0.92578125 0.190625 0.0421875 0.06484375
0 0.35 0.625 0.0421875 0.05859375
0 0.46328125 0.57265625 0.0390625 0.05234375
0 0.31796875 0.525 0.0328125 0.05
0 0.37578125 0.4875 0.0390625 0.05
2 0.34765625 0.44453125 0.0390625 0.05390625
0 0.803125 0.93515625 0.040625 0.05859375
0 0.72890625 0.85546875 0.034375 0.05