0 0.37265625 0.68203125 0.0359375 0.04765625
0 0.09609375 0.74375 0.0359375 0.04765625
0 0.190625 0.82265625 0.0453125 0.06640625
0 0.36796875 0.240625 0.0390625 0.05625
2 0.37109375 0.20234375 0.0359375 0.05234375
0 0.4546875 0.30703125 0.0375 0.05234375
0 0.63203125 0.53046875 0.04375 0.06015625
0 0.86484375 0.109375 0.0421875 0.06484375
0 0.3515625 0.61171875 0.0421875 0.05859375
0 0.459375 0.61796875 0.0390625 0.05234375
0 0.30390625 0.54375 0.0328125 0.05
0 0.5328125 0.42265625 0.0390625 0.05
2 0.31640625 0.45390625 0.0390625 0.05390625
0 0.803125 0.93515625 0.040625 0.05859375
0 0.67890625 0.87421875 0.034375 0.05
0 0.56484375 0.09375 0.04375 0.05234375
0 0.75078125 0.94453125 0.05 0.04765625