0 0.01953125 0.03359375 0.0375 0.05859375
0 0.1515625 0.40625 0.0359375 0.04765625
0 0.19375 0.48828125 0.0453125 0.05859375
0 0.25078125 0.41953125 0.0421875 0.05859375
0 0.790625 0.67421875 0.0421875 0.06015625
0 0.62578125 0.33359375 0.0484375 0.0625
0 0.81796875 0.47265625 0.046875 0.075
0 0.98125 0.23828125 0.0375 0.05625
0 0.70546875 0.80703125 0.0546875 0.07265625
0 0.4890625 0.74453125 0.046875 0.06875
0 0.50390625 0.33203125 0.0390625 0.06015625
0 0.98046875 0.32734375 0.0390625 0.05859375