0 0.403125 0.6125 0.0359375 0.04765625
0 0.10234375 0.75546875 0.0359375 0.04765625
0 0.2140625 0.84453125 0.0453125 0.06640625
0 0.3765625 0.24375 0.0390625 0.05625
2 0.4140625 0.20546875 0.0359375 0.05234375
0 0.46328125 0.3125 0.0375 0.05234375
0 0.81796875 0.46953125 0.040625 0.05625
0 0.62734375 0.44609375 0.04375 0.06015625
0 0.3390625 0.434375 0.0421875 0.05859375
0 0.71640625 0.07265625 0.0375 0.05625
0 0.90859375 0.18046875 0.0421875 0.06484375
0 0.35390625 0.615625 0.0421875 0.05859375
0 0.45625 0.56953125 0.0390625 0.05234375
0 0.31640625 0.52734375 0.0328125 0.05
0 0.403125 0.471875 0.0390625 0.05
2 0.3484375 0.45234375 0.0390625 0.05390625
0 0.803125 0.93515625 0.040625 0.05859375
0 0.72265625 0.85859375 0.034375 0.05