0 0.38515625 0.628125 0.0359375 0.04765625
0 0.10703125 0.74296875 0.0359375 0.04765625
0 0.20078125 0.83125 0.0453125 0.06640625
0 0.37265625 0.24375 0.0390625 0.05625
2 0.39609375 0.20703125 0.0359375 0.05234375
0 0.4609375 0.31328125 0.0375 0.05234375
0 0.953125 0.48984375 0.040625 0.05625
0 0.640625 0.459375 0.04375 0.06015625
0 0.1796875 0.43515625 0.0421875 0.05859375
0 0.7125 0.04765625 0.0375 0.05625
0 0.89140625 0.16484375 0.0421875 0.06484375
0 0.35390625 0.61875 0.0421875 0.05859375
0 0.44921875 0.58828125 0.0390625 0.05234375
0 0.3125 0.53203125 0.0328125 0.05
0 0.440625 0.46015625 0.0390625 0.05
2 0.3421875 0.45546875 0.0390625 0.05390625
0 0.803125 0.93515625 0.040625 0.05859375
0 0.7140625 0.86484375 0.034375 0.05