0 0.03828125 0.065625 0.0375 0.05859375
0 0.15703125 0.39765625 0.0359375 0.04765625
0 0.18828125 0.48671875 0.0453125 0.05859375
0 0.2625 0.44375 0.0421875 0.05859375
0 0.76796875 0.66796875 0.0421875 0.06015625
0 0.62578125 0.33359375 0.0484375 0.0625
0 0.821875 0.47265625 0.046875 0.075
0 0.975 0.29609375 0.0375 0.05625
0 0.70546875 0.80703125 0.0546875 0.07265625
0 0.4890625 0.74453125 0.046875 0.06875
0 0.48671875 0.30078125 0.0390625 0.06015625
0 0.7140625 0.02265625 0.040625 0.0453125
0 0.98046875 0.32890625 0.0390625 0.05859375