0 0.071875 0.1375 0.040625 0.06015625
0 0.1515625 0.42421875 0.0359375 0.04765625
0 0.203125 0.47578125 0.0453125 0.05859375
0 0.19375 0.40078125 0.0421875 0.05859375
0 0.8328125 0.61015625 0.0421875 0.06015625
0 0.62578125 0.33359375 0.0484375 0.0625
0 0.81015625 0.47734375 0.046875 0.075
0 0.70546875 0.80703125 0.0546875 0.07265625
0 0.478125 0.75390625 0.046875 0.06875
0 0.534375 0.42890625 0.0390625 0.06015625
0 0.69453125 0.07265625 0.040625 0.04765625
0 0.97890625 0.33359375 0.0390625 0.05859375