0 0.08359375 0.35859375 0.0421875 0.06640625
0 0.34921875 0.24765625 0.0453125 0.0625
0 0.521875 0.20546875 0.04375 0.06484375
0 0.79609375 0.03359375 0.0484375 0.06640625
0 0.6921875 0.89296875 0.04375 0.06015625
0 0.88203125 0.85 0.0453125 0.06640625
0 0.3078125 0.81875 0.04375 0.06640625
0 0.21953125 0.534375 0.0390625 0.06015625
0 0.303125 0.55859375 0.04375 0.06640625
0 0.009375 0.97890625 0.01875 0.03359375
0 0.05859375 0.9796875 0.0421875 0.040625
0 0.91796875 0.40703125 0.0421875 0.06484375