0 0.37265625 0.69140625 0.0359375 0.04765625
0 0.09765625 0.74765625 0.0359375 0.04765625
0 0.18359375 0.81953125 0.0453125 0.06640625
0 0.36796875 0.240625 0.0390625 0.05625
2 0.36171875 0.20390625 0.0359375 0.05234375
0 0.4546875 0.30703125 0.0375 0.05234375
0 0.63046875 0.55234375 0.04375 0.06015625
0 0.85859375 0.084375 0.0421875 0.06484375
0 0.34765625 0.61640625 0.0421875 0.05859375
0 0.45 0.61171875 0.0390625 0.05234375
0 0.3015625 0.546875 0.0328125 0.05
0 0.565625 0.42109375 0.0390625 0.05
2 0.3078125 0.45390625 0.0390625 0.05390625
0 0.803125 0.93515625 0.040625 0.05859375
0 0.671875 0.88046875 0.034375 0.05
0 0.53984375 0.10859375 0.04375 0.05234375
0 0.69765625 0.91328125 0.05 0.06015625