0 0.37265625 0.68828125 0.0359375 0.04765625
0 0.096875 0.74609375 0.0359375 0.04765625
0 0.1875 0.82109375 0.0453125 0.06640625
0 0.36796875 0.240625 0.0390625 0.05625
2 0.36640625 0.203125 0.0359375 0.05234375
0 0.4546875 0.30703125 0.0375 0.05234375
0 0.6359375 0.540625 0.04375 0.06015625
0 0.85703125 0.09921875 0.0421875 0.06484375
0 0.34765625 0.61640625 0.0421875 0.05859375
0 0.45546875 0.61484375 0.0390625 0.05234375
0 0.303125 0.54453125 0.0328125 0.05
0 0.55078125 0.42109375 0.0390625 0.05
2 0.31171875 0.45390625 0.0390625 0.05390625
0 0.803125 0.93515625 0.040625 0.05859375
0 0.67578125 0.87578125 0.034375 0.05
0 0.5390625 0.078125 0.04375 0.05234375
0 0.725 0.934375 0.05 0.04765625