0 0.1203125 0.1625 0.0375 0.05859375
0 0.16328125 0.38828125 0.0359375 0.04765625
0 0.20390625 0.48984375 0.0453125 0.05859375
0 0.278125 0.471875 0.0421875 0.05859375
0 0.7078125 0.603125 0.0421875 0.06015625
0 0.62578125 0.33359375 0.0484375 0.0625
0 0.8296875 0.471875 0.046875 0.075
0 0.93046875 0.24140625 0.0375 0.05625
0 0.70625 0.80703125 0.0546875 0.07265625
0 0.490625 0.74296875 0.046875 0.06875
0 0.44609375 0.24296875 0.0390625 0.06015625
0 0.7234375 0.02265625 0.040625 0.0453125
0 0.98046875 0.33828125 0.0390625 0.05859375