0 0.42265625 0.590625 0.0359375 0.04765625
0 0.09609375 0.76796875 0.0359375 0.04765625
0 0.2140625 0.85 0.0453125 0.06640625
0 0.38203125 0.24140625 0.0390625 0.05625
2 0.4265625 0.20234375 0.0359375 0.05234375
0 0.465625 0.31171875 0.0375 0.05234375
0 0.67109375 0.42265625 0.040625 0.05625
0 0.6265625 0.42265625 0.04375 0.06015625
0 0.4984375 0.48359375 0.0421875 0.05859375
0 0.696875 0.096875 0.0375 0.05625
0 0.93984375 0.19296875 0.0421875 0.06484375
0 0.35703125 0.6125 0.0421875 0.05859375
0 0.47109375 0.56953125 0.0390625 0.05234375
0 0.321875 0.521875 0.0328125 0.05
0 0.3625 0.50390625 0.0390625 0.05
2 0.35859375 0.44609375 0.0390625 0.05390625
0 0.803125 0.93515625 0.040625 0.05859375
0 0.7375 0.85234375 0.034375 0.05
0 0.72421875 0.028125 0.05 0.05234375