0 0.10703125 0.175 0.0375 0.05859375
0 0.16640625 0.38203125 0.0359375 0.04765625
0 0.209375 0.49921875 0.0453125 0.05859375
0 0.29609375 0.47265625 0.0421875 0.05859375
0 0.678125 0.57421875 0.0421875 0.06015625
0 0.62578125 0.33359375 0.0484375 0.0625
0 0.83359375 0.47109375 0.046875 0.075
0 0.90546875 0.265625 0.0375 0.05625
0 0.70625 0.80703125 0.0546875 0.07265625
0 0.4921875 0.73984375 0.046875 0.06875
0 0.43125 0.196875 0.0390625 0.06015625
0 0.7328125 0.02265625 0.040625 0.0453125
0 0.98046875 0.32890625 0.0390625 0.05859375