0 0.09453125 0.34921875 0.0421875 0.06640625
0 0.34921875 0.246875 0.0453125 0.0625
0 0.525 0.209375 0.04375 0.06484375
0 0.796875 0.03359375 0.0484375 0.06640625
0 0.6921875 0.89296875 0.04375 0.06015625
0 0.8796875 0.85859375 0.0453125 0.06640625
0 0.3078125 0.81875 0.04375 0.06640625
0 0.22734375 0.53671875 0.0390625 0.06015625
0 0.3046875 0.55703125 0.04375 0.06640625
0 0.009375 0.97890625 0.01875 0.03359375
0 0.05859375 0.9796875 0.0421875 0.040625
0 0.92421875 0.41640625 0.0421875 0.06484375