0 0.3890625 0.61171875 0.0359375 0.04765625
0 0.10703125 0.74765625 0.0359375 0.04765625
0 0.20703125 0.8375 0.0453125 0.06640625
0 0.37578125 0.24375 0.0390625 0.05625
2 0.4109375 0.20546875 0.0359375 0.05234375
0 0.4625 0.3125 0.0375 0.05234375
0 0.8546875 0.48125 0.040625 0.05625
0 0.63203125 0.43828125 0.04375 0.06015625
0 0.2921875 0.43828125 0.0421875 0.05859375
0 0.71875 0.06796875 0.0375 0.05625
0 0.90390625 0.17578125 0.0421875 0.06484375
0 0.35546875 0.61328125 0.0421875 0.05859375
0 0.4484375 0.57578125 0.0390625 0.05234375
0 0.31484375 0.52890625 0.0328125 0.05
0 0.41328125 0.484375 0.0390625 0.05
2 0.3453125 0.44765625 0.0390625 0.05390625
0 0.803125 0.93515625 0.040625 0.05859375
0 0.7203125 0.86015625 0.034375 0.05