0 0.371875 0.66875 0.0359375 0.04765625
0 0.0953125 0.740625 0.0359375 0.04765625
0 0.18984375 0.82109375 0.0453125 0.06640625
0 0.36875 0.23984375 0.0390625 0.05625
2 0.37890625 0.2 0.0359375 0.05234375
0 0.4546875 0.30703125 0.0375 0.05234375
0 0.6359375 0.52265625 0.04375 0.06015625
0 0.728125 0.028125 0.0375 0.05625
0 0.8703125 0.11796875 0.0421875 0.06484375
0 0.35546875 0.60703125 0.0421875 0.05859375
0 0.4640625 0.61328125 0.0390625 0.05234375
0 0.30546875 0.54140625 0.0328125 0.05
0 0.51796875 0.42734375 0.0390625 0.05
2 0.32421875 0.45390625 0.0390625 0.05390625
0 0.803125 0.93515625 0.040625 0.05859375
0 0.68671875 0.87109375 0.034375 0.05
0 0.57734375 0.075 0.04375 0.05234375
0 0.746875 0.97109375 0.05 0.04765625