0 0.15703125 0.33671875 0.0421875 0.06640625
0 0.35078125 0.24609375 0.0453125 0.0625
0 0.52890625 0.209375 0.04375 0.06484375
0 0.7984375 0.03359375 0.0484375 0.06640625
0 0.6921875 0.89296875 0.04375 0.06015625
0 0.8921875 0.871875 0.0453125 0.06640625
0 0.3078125 0.81875 0.04375 0.06640625
0 0.24453125 0.56015625 0.0390625 0.06015625
0 0.31015625 0.55 0.04375 0.06640625
0 0.009375 0.97890625 0.01875 0.03359375
0 0.05859375 0.9796875 0.0421875 0.040625
0 0.97578125 0.44453125 0.0375 0.06484375