0 0.3765625 0.64140625 0.0359375 0.04765625
0 0.10390625 0.74609375 0.0359375 0.04765625
0 0.19921875 0.82578125 0.0453125 0.06640625
0 0.3703125 0.2375 0.0390625 0.05625
2 0.39140625 0.20234375 0.0359375 0.05234375
0 0.4578125 0.31015625 0.0375 0.05234375
0 0.63125 0.48671875 0.04375 0.06015625
0 0.075 0.421875 0.0421875 0.05859375
0 0.73125 0.04296875 0.0375 0.05625
0 0.87265625 0.15390625 0.0421875 0.06484375
0 0.353125 0.62421875 0.0421875 0.05859375
0 0.45234375 0.60703125 0.0390625 0.05234375
0 0.31015625 0.53515625 0.0328125 0.05
0 0.4765625 0.45625 0.0390625 0.05
2 0.334375 0.45234375 0.0390625 0.05390625
0 0.803125 0.93515625 0.040625 0.05859375
0 0.70390625 0.86484375 0.034375 0.05