0 0.4171875 0.59609375 0.0359375 0.04765625
0 0.0953125 0.75703125 0.0359375 0.04765625
0 0.203125 0.84375 0.0453125 0.06640625
0 0.38046875 0.24296875 0.0390625 0.05625
2 0.42265625 0.20234375 0.0359375 0.05234375
0 0.465625 0.3125 0.0375 0.05234375
0 0.70234375 0.43515625 0.040625 0.05625
0 0.6171875 0.43203125 0.04375 0.06015625
0 0.465625 0.46875 0.0421875 0.05859375
0 0.6984375 0.08671875 0.0375 0.05625
0 0.9328125 0.19765625 0.0421875 0.06484375
0 0.36015625 0.60546875 0.0421875 0.05859375
0 0.4671875 0.57421875 0.0390625 0.05234375
0 0.31953125 0.52265625 0.0328125 0.05
0 0.3734375 0.49921875 0.0390625 0.05
2 0.35546875 0.44140625 0.0390625 0.05390625
0 0.803125 0.93515625 0.040625 0.05859375
0 0.73203125 0.85234375 0.034375 0.05
0 0.7046875 0.02578125 0.05 0.0515625