0 0.37265625 0.703125 0.0359375 0.04765625
0 0.09453125 0.740625 0.0359375 0.04765625
0 0.18203125 0.81875 0.0453125 0.06640625
0 0.36796875 0.240625 0.0390625 0.05625
2 0.35546875 0.20546875 0.0359375 0.05234375
0 0.4546875 0.30703125 0.0375 0.05234375
0 0.6078125 0.57578125 0.04375 0.06015625
0 0.85859375 0.06640625 0.0421875 0.06484375
0 0.34765625 0.61640625 0.0421875 0.05859375
0 0.440625 0.62421875 0.0390625 0.05234375
0 0.29921875 0.55 0.0328125 0.05
0 0.58515625 0.41484375 0.0390625 0.05
2 0.30234375 0.45390625 0.0390625 0.05390625
0 0.803125 0.93515625 0.040625 0.05859375
0 0.659375 0.90078125 0.034375 0.05
0 0.5296875 0.14296875 0.04375 0.05234375
0 0.665625 0.80078125 0.05 0.06015625