0 0.3734375 0.63515625 0.0359375 0.04765625
0 0.10078125 0.740625 0.0359375 0.04765625
0 0.20390625 0.83359375 0.0453125 0.06640625
0 0.37109375 0.23671875 0.0390625 0.05625
2 0.3921875 0.203125 0.0359375 0.05234375
0 0.45859375 0.31171875 0.0375 0.05234375
0 0.62421875 0.48125 0.04375 0.06015625
0 0.1015625 0.42265625 0.0421875 0.05859375
0 0.7265625 0.04296875 0.0375 0.05625
0 0.87734375 0.16015625 0.0421875 0.06484375
0 0.353125 0.62265625 0.0421875 0.05859375
0 0.45234375 0.60390625 0.0390625 0.05234375
0 0.31015625 0.53515625 0.0328125 0.05
0 0.46875 0.45546875 0.0390625 0.05
2 0.3359375 0.453125 0.0390625 0.05390625
0 0.803125 0.93515625 0.040625 0.05859375
0 0.7046875 0.86328125 0.034375 0.05
0 0.609375 0.02578125 0.04375 0.0515625