0 0.37265625 0.69453125 0.0359375 0.04765625
0 0.096875 0.74765625 0.0359375 0.04765625
0 0.18203125 0.81875 0.0453125 0.06640625
0 0.36796875 0.240625 0.0390625 0.05625
2 0.35703125 0.20546875 0.0359375 0.05234375
0 0.4546875 0.30703125 0.0375 0.05234375
0 0.6234375 0.56015625 0.04375 0.06015625
0 0.86015625 0.078125 0.0421875 0.06484375
0 0.34765625 0.61640625 0.0421875 0.05859375
0 0.44609375 0.61171875 0.0390625 0.05234375
0 0.3 0.54921875 0.0328125 0.05
0 0.575 0.409375 0.0390625 0.05
2 0.30625 0.45390625 0.0390625 0.05390625
0 0.803125 0.93515625 0.040625 0.05859375
0 0.66796875 0.88671875 0.034375 0.05
0 0.5453125 0.12265625 0.04375 0.05234375
0 0.7 0.87890625 0.05 0.06015625