0 0.37265625 0.68359375 0.0359375 0.04765625
0 0.09609375 0.74375 0.0359375 0.04765625
0 0.190625 0.82265625 0.0453125 0.06640625
0 0.36796875 0.240625 0.0390625 0.05625
2 0.3703125 0.20234375 0.0359375 0.05234375
0 0.4546875 0.30703125 0.0375 0.05234375
0 0.6328125 0.53125 0.04375 0.06015625
0 0.8640625 0.10859375 0.0421875 0.06484375
0 0.35078125 0.6125 0.0421875 0.05859375
0 0.45859375 0.61640625 0.0390625 0.05234375
0 0.30390625 0.54375 0.0328125 0.05
0 0.5359375 0.421875 0.0390625 0.05
2 0.315625 0.45390625 0.0390625 0.05390625
0 0.803125 0.93515625 0.040625 0.05859375
0 0.678125 0.87421875 0.034375 0.05
0 0.5640625 0.09453125 0.04375 0.05234375
0 0.746875 0.94375 0.05 0.04765625