0 0.4140625 0.59921875 0.0359375 0.04765625
0 0.10390625 0.75078125 0.0359375 0.04765625
0 0.20703125 0.84140625 0.0453125 0.06640625
0 0.3796875 0.24296875 0.0390625 0.05625
2 0.41953125 0.19921875 0.0359375 0.05234375
0 0.46484375 0.3125 0.0375 0.05234375
0 0.7265625 0.440625 0.040625 0.05625
0 0.63125 0.43671875 0.04375 0.06015625
0 0.44296875 0.46015625 0.0421875 0.05859375
0 0.70234375 0.08203125 0.0375 0.05625
0 0.92734375 0.19453125 0.0421875 0.06484375
0 0.34921875 0.62734375 0.0421875 0.05859375
0 0.46484375 0.57265625 0.0390625 0.05234375
0 0.31875 0.52421875 0.0328125 0.05
0 0.375 0.49296875 0.0390625 0.05
2 0.3515625 0.44375 0.0390625 0.05390625
0 0.803125 0.93515625 0.040625 0.05859375
0 0.7296875 0.85390625 0.034375 0.05