0 0.146875 0.33828125 0.0375 0.05859375
0 0.14921875 0.434375 0.0359375 0.04765625
0 0.20078125 0.475 0.0453125 0.05859375
0 0.0875 0.40234375 0.0421875 0.05859375
0 0.9484375 0.48203125 0.0421875 0.06015625
0 0.62578125 0.33359375 0.0484375 0.0625
0 0.7984375 0.48046875 0.046875 0.075
0 0.70546875 0.80703125 0.0546875 0.07265625
0 0.47109375 0.76171875 0.046875 0.06875
0 0.59921875 0.58828125 0.0390625 0.06015625
0 0.67421875 0.06328125 0.040625 0.05
0 0.96171875 0.34296875 0.0390625 0.05859375