0 0.3390625 0.259375 0.0453125 0.0625
0 0.503125 0.21953125 0.04375 0.06484375
0 0.76796875 0.03359375 0.0484375 0.06640625
0 0.6921875 0.89296875 0.04375 0.06015625
0 0.7546875 0.77421875 0.0453125 0.06640625
0 0.3078125 0.81875 0.04375 0.06640625
0 0.228125 0.209375 0.040625 0.06015625
0 0.25 0.575 0.04375 0.06640625
0 0.009375 0.97890625 0.01875 0.03359375
0 0.05859375 0.9796875 0.0421875 0.040625
0 0.87265625 0.83828125 0.04375 0.06484375
0 0.17890625 0.959375 0.04375 0.05
0 0.028125 0.74453125 0.0375 0.06484375
0 0.3734375 0.9765625 0.05625 0.046875