0 0.40703125 0.60625 0.0359375 0.04765625
0 0.09609375 0.74296875 0.0359375 0.04765625
0 0.21015625 0.84375 0.0453125 0.06640625
0 0.378125 0.24375 0.0390625 0.05625
2 0.41640625 0.20234375 0.0359375 0.05234375
0 0.4640625 0.3125 0.0375 0.05234375
0 0.78046875 0.45546875 0.040625 0.05625
0 0.6265625 0.43203125 0.04375 0.06015625
0 0.38125 0.44375 0.0421875 0.05859375
0 0.71015625 0.078125 0.0375 0.05625
0 0.92265625 0.18359375 0.0421875 0.06484375
0 0.35234375 0.62109375 0.0421875 0.05859375
0 0.459375 0.571875 0.0390625 0.05234375
0 0.3171875 0.52578125 0.0328125 0.05
0 0.396875 0.4875 0.0390625 0.05
2 0.346875 0.44921875 0.0390625 0.05390625
0 0.803125 0.93515625 0.040625 0.05859375
0 0.72578125 0.85703125 0.034375 0.05