0 0.38203125 0.64609375 0.0359375 0.04765625
0 0.10390625 0.74921875 0.0359375 0.04765625
0 0.2 0.825 0.0453125 0.06640625
0 0.3703125 0.2375 0.0390625 0.05625
2 0.3890625 0.20078125 0.0359375 0.05234375
0 0.45625 0.309375 0.0375 0.05234375
0 0.6390625 0.49296875 0.04375 0.06015625
0 0.04375 0.41328125 0.0421875 0.05859375
0 0.73203125 0.03984375 0.0375 0.05625
0 0.8734375 0.14375 0.0421875 0.06484375
0 0.35234375 0.62578125 0.0421875 0.05859375
0 0.4484375 0.609375 0.0390625 0.05234375
0 0.309375 0.53671875 0.0328125 0.05
0 0.484375 0.453125 0.0390625 0.05
2 0.33203125 0.45078125 0.0390625 0.05390625
0 0.803125 0.93515625 0.040625 0.05859375
0 0.70234375 0.865625 0.034375 0.05
0 0.59375 0.03203125 0.04375 0.05234375