0 0.38203125 0.61171875 0.0359375 0.04765625
0 0.10703125 0.74453125 0.0359375 0.04765625
0 0.21171875 0.83515625 0.0453125 0.06640625
0 0.37421875 0.24453125 0.0390625 0.05625
2 0.40390625 0.20546875 0.0359375 0.05234375
0 0.46171875 0.31328125 0.0375 0.05234375
0 0.9078125 0.47578125 0.040625 0.05625
0 0.6296875 0.45546875 0.04375 0.06015625
0 0.23359375 0.43984375 0.0421875 0.05859375
0 0.721875 0.06171875 0.0375 0.05625
0 0.90234375 0.165625 0.0421875 0.06484375
0 0.3546875 0.615625 0.0421875 0.05859375
0 0.446875 0.58203125 0.0390625 0.05234375
0 0.31328125 0.53125 0.0328125 0.05
0 0.42890625 0.47265625 0.0390625 0.05
2 0.34453125 0.453125 0.0390625 0.05390625
0 0.803125 0.93515625 0.040625 0.05859375
0 0.71796875 0.8625 0.034375 0.05