0 0.40234375 0.61328125 0.0359375 0.04765625
0 0.10390625 0.75625 0.0359375 0.04765625
0 0.21484375 0.84453125 0.0453125 0.06640625
0 0.3765625 0.24375 0.0390625 0.05625
2 0.41328125 0.20546875 0.0359375 0.05234375
0 0.46328125 0.3125 0.0375 0.05234375
0 0.821875 0.47265625 0.040625 0.05625
0 0.62890625 0.44765625 0.04375 0.06015625
0 0.33046875 0.43203125 0.0421875 0.05859375
0 0.7171875 0.071875 0.0375 0.05625
0 0.90625 0.18046875 0.0421875 0.06484375
0 0.3546875 0.61484375 0.0421875 0.05859375
0 0.45546875 0.56953125 0.0390625 0.05234375
0 0.315625 0.528125 0.0328125 0.05
0 0.40390625 0.46953125 0.0390625 0.05
2 0.3484375 0.45234375 0.0390625 0.05390625
0 0.803125 0.93515625 0.040625 0.05859375
0 0.721875 0.85859375 0.034375 0.05