0 0.4078125 0.60546875 0.0359375 0.04765625
0 0.0953125 0.73984375 0.0359375 0.04765625
0 0.2125 0.84453125 0.0453125 0.06640625
0 0.378125 0.24375 0.0390625 0.05625
2 0.41640625 0.20234375 0.0359375 0.05234375
0 0.4640625 0.3125 0.0375 0.05234375
0 0.77578125 0.45078125 0.040625 0.05625
0 0.628125 0.43046875 0.04375 0.06015625
0 0.39140625 0.43828125 0.0421875 0.05859375
0 0.709375 0.078125 0.0375 0.05625
0 0.9234375 0.184375 0.0421875 0.06484375
0 0.3515625 0.62109375 0.0421875 0.05859375
0 0.46015625 0.571875 0.0390625 0.05234375
0 0.3171875 0.52578125 0.0328125 0.05
0 0.3890625 0.48359375 0.0390625 0.05
2 0.346875 0.44765625 0.0390625 0.05390625
0 0.803125 0.93515625 0.040625 0.05859375
0 0.7265625 0.85703125 0.034375 0.05