0 0.415625 0.596875 0.0359375 0.04765625
0 0.096875 0.75390625 0.0359375 0.04765625
0 0.203125 0.84375 0.0453125 0.06640625
0 0.3796875 0.24296875 0.0390625 0.05625
2 0.421875 0.20078125 0.0359375 0.05234375
0 0.46484375 0.3125 0.0375 0.05234375
0 0.7109375 0.4375 0.040625 0.05625
0 0.62265625 0.43359375 0.04375 0.06015625
0 0.45703125 0.465625 0.0421875 0.05859375
0 0.7 0.08515625 0.0375 0.05625
0 0.93125 0.19765625 0.0421875 0.06484375
0 0.3578125 0.609375 0.0421875 0.05859375
0 0.46640625 0.57421875 0.0390625 0.05234375
0 0.31875 0.52421875 0.0328125 0.05
0 0.37421875 0.496875 0.0390625 0.05
2 0.3546875 0.44140625 0.0390625 0.05390625
0 0.803125 0.93515625 0.040625 0.05859375
0 0.73125 0.85234375 0.034375 0.05
0 0.7015625 0.02578125 0.05 0.0515625