0 0.3390625 0.259375 0.0453125 0.0625
0 0.503125 0.21953125 0.04375 0.06484375
0 0.76953125 0.03359375 0.0484375 0.06640625
0 0.6921875 0.89296875 0.04375 0.06015625
0 0.76328125 0.76171875 0.0453125 0.06640625
0 0.3078125 0.81875 0.04375 0.06640625
0 0.24296875 0.22890625 0.040625 0.06015625
0 0.2515625 0.57265625 0.04375 0.06640625
0 0.009375 0.97890625 0.01875 0.03359375
0 0.05859375 0.9796875 0.0421875 0.040625
0 0.89921875 0.81171875 0.04375 0.06484375
0 0.140625 0.97109375 0.04375 0.05
0 0.0234375 0.75078125 0.0375 0.06484375