0 0.17109375 0.28359375 0.0375 0.05859375
0 0.14921875 0.434375 0.0359375 0.04765625
0 0.20546875 0.46640625 0.0453125 0.05859375
0 0.0578125 0.38515625 0.0421875 0.05859375
0 0.97890625 0.4625 0.0421875 0.06015625
0 0.62578125 0.33359375 0.0484375 0.0625
0 0.796875 0.48125 0.046875 0.075
0 0.70546875 0.80703125 0.0546875 0.07265625
0 0.4703125 0.76328125 0.046875 0.06875
0 0.61484375 0.628125 0.0390625 0.06015625
0 0.659375 0.071875 0.040625 0.05
0 0.96796875 0.33671875 0.0390625 0.05859375
0 0.01328125 0.31640625 0.0265625 0.06875