0 0.034375 0.21875 0.034375 0.04140625
0 0.34609375 0.64296875 0.0296875 0.06015625
0 0.0640625 0.85390625 0.0375 0.04140625
0 0.42734375 0.4375 0.0359375 0.05390625
0 0.7890625 0.675 0.0375 0.04765625
0 0.4265625 0.778125 0.025 0.04765625
0 0.4859375 0.19765625 0.028125 0.0375
0 0.6109375 0.25859375 0.025 0.02890625
0 0.52421875 0.18671875 0.03125 0.03359375
0 0.7578125 0.21171875 0.01875 0.03125
0 0.7640625 0.29140625 0.021875 0.02890625
0 0.80546875 0.37421875 0.0234375 0.03125
0 0.953125 0.35703125 0.021875 0.03125
0 0.5125 0.64765625 0.025 0.03359375
0 0.678125 0.65 0.0171875 0.03359375
0 0.6453125 0.659375 0.015625 0.02734375
0 0.94765625 0.56640625 0.0234375 0.03359375
0 0.9046875 0.70703125 0.03125 0.03125
0 0.7890625 0.803125 0.0265625 0.02890625
0 0.56953125 0.01953125 0.0265625 0.03515625
0 0.81171875 0.01484375 0.0265625 0.02890625
0 0.671875 0.84140625 0.025 0.03359375
0 0.67421875 0.165625 0.0296875 0.03984375
0 0.684375 0.159375 0.0125 0.03125
0 0.87265625 0.38671875 0.0328125 0.04375
2 0.96484375 0.81640625 0.0328125 0.04609375
0 0.6109375 0.74453125 0.03125 0.03984375