0 0.109375 0.365625 0.03125 0.03125
0 0.18671875 0.59140625 0.028125 0.04765625
0 0.35703125 0.5375 0.0359375 0.04609375
0 0.40078125 0.4125 0.034375 0.03984375
0 0.58046875 0.44765625 0.0296875 0.0375
0 0.584375 0.47890625 0.0234375 0.03515625
0 0.1125 0.06328125 0.0328125 0.05234375
0 0.8453125 0.553125 0.0265625 0.04140625
0 0.90390625 0.41328125 0.0328125 0.03515625
0 0.546875 0.58671875 0.0328125 0.03515625
0 0.6 0.71171875 0.028125 0.03984375
0 0.72890625 0.32578125 0.0359375 0.04765625
0 0.41171875 0.1875 0.0265625 0.03515625
0 0.39609375 0.21171875 0.0234375 0.03515625
0 0.2296875 0.03046875 0.03125 0.03984375
0 0.28046875 0.03203125 0.0296875 0.03984375
0 0.81796875 0.0625 0.0328125 0.03984375
0 0.59609375 0.21953125 0.034375 0.04609375
0 0.39453125 0.37734375 0.03125 0.04765625
0 0.7125 0.753125 0.03125 0.04375
0 0.80703125 0.95546875 0.03125 0.02890625
0 0.7640625 0.746875 0.0359375 0.05
0 0.1390625 0.54375 0.028125 0.0375
0 0.4875 0.73046875 0.034375 0.05625
0 0.47265625 0.515625 0.034375 0.05625
0 0.33125 0.02734375 0.03125 0.04765625
0 0.10546875 0.01328125 0.0328125 0.0265625
0 0.64453125 0.315625 0.0359375 0.03125
2 0.65234375 0.48046875 0.0375 0.04140625
0 0.6296875 0.30390625 0.028125 0.0375
0 0.33515625 0.63046875 0.0390625 0.05234375
0 0.5625 0.378125 0.034375 0.05234375
2 0.26171875 0.66640625 0.0140625 0.01875
2 0.28046875 0.63828125 0.0140625 0.01640625