0 0.103125 0.34921875 0.03125 0.03125
0 0.18515625 0.58984375 0.0265625 0.04140625
0 0.38828125 0.55234375 0.0359375 0.04609375
0 0.4453125 0.421875 0.034375 0.03984375
0 0.58046875 0.44765625 0.0296875 0.0375
0 0.58359375 0.478125 0.0234375 0.03515625
0 0.1125 0.06484375 0.0328125 0.05234375
0 0.82421875 0.54609375 0.0234375 0.04140625
0 0.54765625 0.584375 0.0328125 0.03515625
0 0.60078125 0.7125 0.0296875 0.03984375
0 0.72890625 0.32578125 0.0359375 0.04765625
0 0.4078125 0.18046875 0.028125 0.03125
0 0.3953125 0.2125 0.025 0.0375
0 0.225 0.02265625 0.03125 0.04375
0 0.27421875 0.015625 0.0296875 0.02890625
0 0.815625 0.04375 0.0328125 0.03984375
0 0.5953125 0.21875 0.034375 0.04609375
0 0.3953125 0.378125 0.03125 0.04765625
0 0.66875 0.78359375 0.0375 0.04765625
0 0.80859375 0.953125 0.0328125 0.03515625
0 0.76484375 0.73671875 0.0359375 0.05
0 0.1390625 0.53125 0.028125 0.0375
0 0.50390625 0.71171875 0.04375 0.05625
0 0.46875 0.50390625 0.034375 0.05625
0 0.334375 0.02109375 0.025 0.0375
0 0.64375 0.3125 0.0375 0.03359375
0 0.71640625 0.28515625 0.03125 0.04140625
0 0.49921875 0.09296875 0.034375 0.03359375
2 0.6515625 0.47890625 0.0375 0.04140625
0 0.6296875 0.30390625 0.028125 0.0375
0 0.33515625 0.63046875 0.0390625 0.05234375
0 0.5625 0.378125 0.034375 0.05234375
2 0.2640625 0.66484375 0.015625 0.02109375
2 0.278125 0.628125 0.015625 0.01640625