0 0.0328125 0.20546875 0.034375 0.04140625
0 0.3484375 0.63828125 0.0296875 0.06015625
0 0.06640625 0.85078125 0.0375 0.04140625
0 0.42734375 0.43671875 0.03125 0.05
0 0.753125 0.78203125 0.0375 0.04765625
0 0.4234375 0.76875 0.025 0.04375
0 0.47890625 0.171875 0.028125 0.0375
0 0.6109375 0.25859375 0.025 0.02890625
0 0.91875 0.48828125 0.03125 0.0375
0 0.75546875 0.19765625 0.0203125 0.03359375
0 0.76640625 0.29296875 0.021875 0.03125
0 0.696875 0.00859375 0.03125 0.01640625
0 0.95078125 0.34296875 0.021875 0.03125
0 0.5125 0.64765625 0.025 0.03359375
0 0.78984375 0.54609375 0.0265625 0.03359375
0 0.63984375 0.63515625 0.0203125 0.02734375
0 0.94296875 0.553125 0.0234375 0.03359375
0 0.903125 0.70625 0.03125 0.03125
0 0.8375 0.95859375 0.0265625 0.03515625
0 0.56640625 0.00703125 0.0265625 0.0140625
0 0.81171875 0.009375 0.0265625 0.01875
0 0.66484375 0.81640625 0.0234375 0.03984375
0 0.67421875 0.83984375 0.0296875 0.03125
0 0.246875 0.29453125 0.03125 0.04140625
0 0.67421875 0.16328125 0.0296875 0.03984375
0 0.68046875 0.16484375 0.0171875 0.0375
0 0.8671875 0.37734375 0.0296875 0.04375
2 0.96484375 0.81640625 0.0328125 0.04609375
0 0.60390625 0.72265625 0.03125 0.03984375