0 0.02421875 0.18125 0.034375 0.04140625
0 0.3484375 0.63125 0.0296875 0.06015625
0 0.06484375 0.853125 0.0375 0.04140625
0 0.42578125 0.43046875 0.0296875 0.05
0 0.678125 0.91953125 0.03125 0.04609375
0 0.415625 0.7375 0.0328125 0.05390625
0 0.45859375 0.1125 0.028125 0.0375
0 0.6109375 0.25859375 0.025 0.02890625
0 0.49375 0.0125 0.034375 0.025
0 0.73203125 0.15078125 0.021875 0.03984375
0 0.76484375 0.29140625 0.021875 0.03125
0 0.94375 0.3125 0.025 0.03359375
0 0.5125 0.64765625 0.025 0.03359375
0 0.67890625 0.253125 0.0234375 0.03359375
0 0.6171875 0.58984375 0.0203125 0.02890625
0 0.93046875 0.52578125 0.0234375 0.03359375
0 0.90078125 0.70390625 0.03125 0.03125
0 0.6421875 0.80234375 0.0296875 0.03984375
0 0.48671875 0.725 0.0328125 0.04375
0 0.99140625 0.31015625 0.0140625 0.03515625
0 0.659375 0.175 0.0265625 0.03359375
0 0.6796875 0.17421875 0.021875 0.04375
0 0.8640625 0.35 0.0296875 0.04140625
2 0.96484375 0.81640625 0.0328125 0.04609375
0 0.58046875 0.68828125 0.03125 0.03984375