0 0.1171875 0.38359375 0.03125 0.03125
0 0.19375 0.60078125 0.0234375 0.04140625
0 0.25625 0.5625 0.028125 0.0375
0 0.3625 0.4375 0.025 0.03359375
0 0.58125 0.45 0.0234375 0.02734375
0 0.59140625 0.48828125 0.0203125 0.03125
0 0.1109375 0.06796875 0.0328125 0.05234375
0 0.72578125 0.18671875 0.025 0.04765625
0 0.821875 0.5375 0.0296875 0.0375
0 0.84375 0.55 0.021875 0.03984375
0 0.91640625 0.61875 0.0234375 0.03125
0 0.48828125 0.60703125 0.0265625 0.03515625
0 0.5421875 0.59140625 0.028125 0.025
0 0.6 0.7125 0.025 0.03359375
0 0.72578125 0.32578125 0.0296875 0.03984375
0 0.41171875 0.18515625 0.0234375 0.025
0 0.3953125 0.20859375 0.01875 0.02890625
0 0.23515625 0.03515625 0.0265625 0.0375
0 0.2921875 0.05703125 0.025 0.03984375
0 0.81640625 0.08671875 0.028125 0.03984375
0 0.5984375 0.2375 0.034375 0.04609375
0 0.3921875 0.37578125 0.03125 0.04765625
0 0.68828125 0.85703125 0.028125 0.0375
0 0.81015625 0.975 0.028125 0.02734375
0 0.76328125 0.7625 0.0359375 0.05
0 0.13671875 0.56796875 0.0234375 0.03125
0 0.4640625 0.68046875 0.034375 0.05625
0 0.475 0.525 0.034375 0.05625
0 0.3328125 0.03046875 0.03125 0.04765625
0 0.040625 0.18359375 0.01875 0.02890625
0 0.6484375 0.32421875 0.034375 0.02890625
2 0.66796875 0.496875 0.0375 0.04140625
0 0.6296875 0.30390625 0.028125 0.0375
0 0.33515625 0.63046875 0.0390625 0.05234375
0 0.5625 0.378125 0.034375 0.05234375
2 0.26640625 0.68671875 0.0140625 0.01875
2 0.28046875 0.659375 0.0140625 0.01640625