0 0.1203125 0.38671875 0.03125 0.03125
0 0.19296875 0.60625 0.0203125 0.04140625
0 0.24140625 0.56953125 0.028125 0.03515625
0 0.35234375 0.44375 0.0234375 0.03359375
0 0.58125 0.45 0.021875 0.025
0 0.59296875 0.490625 0.0203125 0.03125
0 0.11015625 0.06796875 0.0328125 0.05234375
0 0.69609375 0.10078125 0.028125 0.05
0 0.8640625 0.43828125 0.0296875 0.0375
0 0.84609375 0.553125 0.01875 0.03515625
0 0.8765625 0.56796875 0.0234375 0.03125
0 0.53203125 0.553125 0.0265625 0.025
0 0.54375 0.58359375 0.028125 0.02265625
0 0.60078125 0.71328125 0.0234375 0.03125
0 0.7265625 0.32734375 0.0265625 0.03515625
0 0.4125 0.18515625 0.021875 0.025
0 0.39453125 0.20703125 0.0171875 0.02734375
0 0.23984375 0.03515625 0.0265625 0.0375
0 0.2921875 0.06484375 0.025 0.03984375
0 0.815625 0.08828125 0.025 0.03984375
0 0.5984375 0.23984375 0.034375 0.04609375
0 0.3921875 0.37578125 0.03125 0.04765625
0 0.6875 0.85859375 0.028125 0.0375
0 0.8125 0.978125 0.028125 0.02734375
0 0.76328125 0.76640625 0.0359375 0.05
0 0.13203125 0.571875 0.0234375 0.03125
0 0.4640625 0.66953125 0.034375 0.05625
0 0.475 0.52578125 0.034375 0.05625
0 0.3328125 0.03046875 0.03125 0.04765625
0 0.0125 0.21953125 0.0171875 0.02890625
0 0.6484375 0.325 0.034375 0.02890625
2 0.6703125 0.5 0.0375 0.04140625
0 0.6296875 0.30390625 0.028125 0.0375
0 0.33515625 0.63046875 0.0390625 0.05234375
0 0.5625 0.378125 0.034375 0.05234375
2 0.26796875 0.69296875 0.0140625 0.01875
2 0.28046875 0.6625 0.0140625 0.01640625