0 0.115625 0.38203125 0.03125 0.03125
0 0.1921875 0.60078125 0.025 0.04140625
0 0.246875 0.55 0.03125 0.04609375
0 0.36484375 0.421875 0.03125 0.03984375
0 0.58125 0.44921875 0.025 0.02890625
0 0.59140625 0.48828125 0.0203125 0.03125
0 0.1109375 0.06640625 0.0328125 0.05234375
0 0.74609375 0.221875 0.025 0.04765625
0 0.80859375 0.59375 0.0296875 0.0375
0 0.84375 0.54921875 0.0234375 0.04140625
0 0.9078125 0.65234375 0.025 0.0375
0 0.496875 0.65703125 0.0265625 0.03515625
0 0.54140625 0.58984375 0.0296875 0.02734375
0 0.6 0.7125 0.025 0.03359375
0 0.725 0.32578125 0.028125 0.03984375
0 0.41171875 0.18515625 0.0234375 0.025
0 0.3953125 0.20859375 0.01875 0.02890625
0 0.23359375 0.03515625 0.0265625 0.0375
0 0.2921875 0.05390625 0.025 0.03984375
0 0.8171875 0.08515625 0.0296875 0.03984375
0 0.5984375 0.23671875 0.034375 0.04609375
0 0.39296875 0.37578125 0.03125 0.04765625
0 0.6890625 0.85625 0.028125 0.0375
0 0.809375 0.97421875 0.028125 0.02734375
0 0.7640625 0.76171875 0.0359375 0.05
0 0.1390625 0.565625 0.0234375 0.03125
0 0.4625 0.68046875 0.034375 0.05625
0 0.47578125 0.52421875 0.034375 0.05625
0 0.3328125 0.02890625 0.03125 0.04765625
0 0.053125 0.16640625 0.01875 0.02890625
0 0.64765625 0.32265625 0.0359375 0.03125
2 0.66640625 0.49609375 0.0375 0.04140625
0 0.6296875 0.30390625 0.028125 0.0375
0 0.33515625 0.63046875 0.0390625 0.05234375
0 0.5625 0.378125 0.034375 0.05234375
2 0.26640625 0.684375 0.0140625 0.01875
2 0.28046875 0.65859375 0.0140625 0.01640625