0 0.03203125 0.20390625 0.034375 0.04140625
0 0.3484375 0.63828125 0.0296875 0.06015625
0 0.0671875 0.85 0.0375 0.04140625
0 0.4265625 0.43671875 0.0296875 0.05
0 0.7375 0.79375 0.0375 0.04765625
0 0.4234375 0.76640625 0.025 0.04609375
0 0.47734375 0.16796875 0.028125 0.0375
0 0.6109375 0.25859375 0.025 0.02890625
0 0.9796875 0.53671875 0.03125 0.0375
0 0.75390625 0.19609375 0.0203125 0.03359375
0 0.76640625 0.29296875 0.021875 0.03125
0 0.95078125 0.34140625 0.021875 0.03125
0 0.5125 0.64765625 0.025 0.03359375
0 0.81640625 0.53203125 0.0265625 0.03359375
0 0.63828125 0.63359375 0.021875 0.02890625
0 0.94296875 0.55078125 0.0234375 0.03359375
0 0.903125 0.70625 0.03125 0.03125
0 0.840625 0.98359375 0.0265625 0.02734375
0 0.81171875 0.00859375 0.0265625 0.01640625
0 0.66328125 0.815625 0.0234375 0.03984375
0 0.69921875 0.80625 0.0296875 0.03125
0 0.26171875 0.334375 0.0328125 0.04375
0 0.67421875 0.16328125 0.0296875 0.03984375
0 0.6796875 0.165625 0.0171875 0.0375
0 0.86640625 0.37421875 0.028125 0.04375
2 0.96484375 0.81640625 0.0328125 0.04609375
0 0.6015625 0.721875 0.03125 0.03984375