0 0.10625 0.35390625 0.03125 0.03125
0 0.1859375 0.58984375 0.028125 0.04375
0 0.384375 0.546875 0.0359375 0.04609375
0 0.43046875 0.440625 0.034375 0.03984375
0 0.58046875 0.44765625 0.0296875 0.0375
0 0.58359375 0.478125 0.0234375 0.03515625
0 0.1125 0.0625 0.0328125 0.05234375
0 0.8296875 0.534375 0.0234375 0.04140625
0 0.54765625 0.58515625 0.0328125 0.03515625
0 0.60078125 0.7125 0.0296875 0.03984375
0 0.72890625 0.32578125 0.0359375 0.04765625
0 0.41015625 0.18359375 0.025 0.02890625
0 0.39609375 0.21171875 0.0234375 0.03515625
0 0.228125 0.02421875 0.0328125 0.03984375
0 0.27578125 0.02109375 0.0296875 0.03515625
0 0.81875 0.05078125 0.0328125 0.03984375
0 0.5953125 0.21875 0.034375 0.04609375
0 0.3953125 0.378125 0.03125 0.04765625
0 0.6890625 0.7875 0.03125 0.04375
0 0.8078125 0.953125 0.03125 0.03125
0 0.76328125 0.74296875 0.0359375 0.05
0 0.13984375 0.53515625 0.028125 0.0375
0 0.49375 0.72109375 0.0390625 0.05625
0 0.4703125 0.50859375 0.034375 0.05625
0 0.33203125 0.02421875 0.0296875 0.04375
0 0.64375 0.31328125 0.0359375 0.03125
0 0.89765625 0.41328125 0.028125 0.0375
2 0.6515625 0.47890625 0.0375 0.04140625
0 0.6296875 0.30390625 0.028125 0.0375
0 0.33515625 0.63046875 0.0390625 0.05234375
0 0.5625 0.378125 0.034375 0.05234375
2 0.26328125 0.66328125 0.0140625 0.01875
2 0.27890625 0.63125 0.015625 0.01640625