0 0.021875 0.17578125 0.034375 0.04140625
0 0.34765625 0.62890625 0.0296875 0.06015625
0 0.06484375 0.853125 0.0375 0.04140625
0 0.425 0.42734375 0.034375 0.05234375
0 0.64921875 0.95859375 0.0328125 0.04609375
0 0.4125 0.73515625 0.03125 0.05390625
0 0.4546875 0.1 0.028125 0.0375
0 0.6109375 0.25859375 0.025 0.02890625
0 0.7296875 0.14375 0.0234375 0.0375
0 0.76484375 0.29140625 0.021875 0.03125
0 0.9421875 0.303125 0.0234375 0.03125
0 0.5125 0.64765625 0.025 0.03359375
0 0.63828125 0.06796875 0.021875 0.03984375
0 0.6140625 0.58125 0.0171875 0.02890625
0 0.92734375 0.51640625 0.0234375 0.03359375
0 0.9 0.703125 0.03125 0.03125
0 0.6359375 0.79375 0.0296875 0.04140625
0 0.5375 0.81796875 0.0328125 0.04375
0 0.9890625 0.3 0.0171875 0.03515625
0 0.66171875 0.175 0.025 0.03359375
0 0.6765625 0.165625 0.0234375 0.04375
0 0.86171875 0.34296875 0.0296875 0.04140625
2 0.96484375 0.81640625 0.0328125 0.04609375
0 0.57734375 0.67890625 0.03125 0.03984375