0 0.03046875 0.196875 0.034375 0.04140625
0 0.35 0.63515625 0.0296875 0.06015625
0 0.06640625 0.85078125 0.0375 0.04140625
0 0.4265625 0.43515625 0.0265625 0.04765625
0 0.68125 0.859375 0.0296875 0.04375
0 0.4234375 0.75234375 0.025 0.04609375
0 0.4671875 0.14765625 0.028125 0.0375
0 0.6109375 0.25859375 0.025 0.02890625
0 0.81328125 0.32109375 0.0296875 0.03984375
0 0.74609375 0.178125 0.0203125 0.03125
0 0.765625 0.29375 0.0234375 0.03359375
0 0.95 0.33125 0.021875 0.03125
0 0.5125 0.64765625 0.025 0.03359375
0 0.78125 0.53125 0.034375 0.0375
0 0.63203125 0.62109375 0.0203125 0.02890625
0 0.9375 0.540625 0.0234375 0.03359375
0 0.90234375 0.70546875 0.03125 0.03125
0 0.65 0.815625 0.03125 0.03984375
0 0.83359375 0.66484375 0.0296875 0.03125
0 0.3765625 0.490625 0.0328125 0.04375
0 0.99375 0.328125 0.0125 0.03515625
0 0.67421875 0.16171875 0.0296875 0.03984375
0 0.67734375 0.16875 0.01875 0.03984375
0 0.8640625 0.36328125 0.0296875 0.04140625
2 0.96484375 0.81640625 0.0328125 0.04609375
0 0.5953125 0.70625 0.03125 0.03984375