0 0.0265625 0.18671875 0.034375 0.04140625
0 0.34921875 0.63203125 0.0296875 0.06015625
0 0.065625 0.85234375 0.0375 0.04140625
0 0.42578125 0.43203125 0.028125 0.04765625
0 0.68203125 0.90390625 0.0296875 0.04609375
0 0.4171875 0.74140625 0.028125 0.04609375
0 0.46171875 0.12890625 0.028125 0.0375
0 0.6109375 0.25859375 0.025 0.02890625
0 0.5765625 0.075 0.0375 0.04765625
0 0.73359375 0.15546875 0.021875 0.04140625
0 0.765625 0.29140625 0.021875 0.03359375
0 0.9453125 0.31875 0.021875 0.03125
0 0.5125 0.64765625 0.025 0.03359375
0 0.7125 0.31953125 0.025 0.0375
0 0.621875 0.596875 0.0203125 0.02890625
0 0.9359375 0.53203125 0.0234375 0.03359375
0 0.9015625 0.70390625 0.03125 0.03125
0 0.646875 0.80390625 0.0296875 0.0375
0 0.96953125 0.51640625 0.0296875 0.03125
0 0.4734375 0.659375 0.0328125 0.04375
0 0.9921875 0.31328125 0.0140625 0.03515625
0 0.65859375 0.175 0.028125 0.03359375
0 0.675 0.171875 0.021875 0.04375
0 0.86640625 0.35390625 0.0296875 0.04140625
2 0.96484375 0.81640625 0.0328125 0.04609375
0 0.58359375 0.69453125 0.03125 0.03984375