0 0.03125 0.20078125 0.034375 0.04140625
0 0.34921875 0.6375 0.0296875 0.06015625
0 0.0671875 0.85 0.0375 0.04140625
0 0.4265625 0.43671875 0.028125 0.04765625
0 0.71640625 0.81328125 0.0375 0.04375
0 0.4234375 0.76484375 0.025 0.04609375
0 0.4734375 0.1625 0.028125 0.0375
0 0.6109375 0.25859375 0.025 0.02890625
0 0.9796875 0.46484375 0.025 0.03984375
0 0.7515625 0.18828125 0.0203125 0.03359375
0 0.76640625 0.29296875 0.021875 0.03125
0 0.95 0.33984375 0.021875 0.03125
0 0.5125 0.64765625 0.025 0.03359375
0 0.890625 0.51171875 0.0265625 0.03359375
0 0.6359375 0.63046875 0.0234375 0.03125
0 0.93984375 0.54921875 0.0234375 0.03359375
0 0.90234375 0.70546875 0.03125 0.03125
0 0.81171875 0.00703125 0.0265625 0.0140625
0 0.6578125 0.82109375 0.025 0.03984375
0 0.7375 0.77265625 0.0296875 0.03125
0 0.28828125 0.39609375 0.0328125 0.04375
0 0.99453125 0.33359375 0.0109375 0.03359375
0 0.67421875 0.1625 0.0296875 0.03984375
0 0.67890625 0.16640625 0.0171875 0.0375
0 0.86328125 0.36875 0.028125 0.04375
2 0.96484375 0.81640625 0.0328125 0.04609375
0 0.5984375 0.71875 0.03125 0.03984375