0 0.1109375 0.36796875 0.03125 0.03125
0 0.1875 0.59375 0.0296875 0.05
0 0.33515625 0.546875 0.0375 0.04609375
0 0.40390625 0.41875 0.034375 0.03984375
0 0.58046875 0.44765625 0.0296875 0.0375
0 0.58515625 0.48046875 0.0234375 0.03515625
0 0.1125 0.06484375 0.0328125 0.05234375
0 0.97578125 0.55390625 0.0296875 0.04765625
0 0.85546875 0.55234375 0.0234375 0.04140625
0 0.8203125 0.540625 0.0328125 0.03515625
0 0.546875 0.5875 0.0328125 0.03515625
0 0.6 0.71171875 0.028125 0.0375
0 0.72890625 0.32578125 0.0359375 0.04765625
0 0.41171875 0.18828125 0.0265625 0.03359375
0 0.39609375 0.21171875 0.0234375 0.03515625
0 0.23515625 0.02421875 0.0328125 0.03984375
0 0.28203125 0.034375 0.03125 0.04140625
0 0.81875 0.06875 0.0328125 0.03984375
0 0.596875 0.22109375 0.034375 0.04609375
0 0.39375 0.37734375 0.03125 0.04765625
0 0.7109375 0.7875 0.03125 0.04375
0 0.8078125 0.95703125 0.034375 0.03125
0 0.7640625 0.74765625 0.0359375 0.05
0 0.13984375 0.54765625 0.028125 0.0375
0 0.4828125 0.73125 0.034375 0.05625
0 0.475 0.51796875 0.034375 0.05625
0 0.33203125 0.02734375 0.03125 0.04765625
0 0.10703125 0.03828125 0.0328125 0.03515625
0 0.64609375 0.31796875 0.0375 0.03359375
2 0.6546875 0.48359375 0.0375 0.04140625
0 0.6296875 0.30390625 0.028125 0.0375
0 0.33515625 0.63046875 0.0390625 0.05234375
0 0.5625 0.378125 0.034375 0.05234375
2 0.2625 0.66953125 0.0140625 0.01875
2 0.28046875 0.640625 0.0140625 0.01640625