0 0.03046875 0.19609375 0.034375 0.04140625
0 0.35 0.63515625 0.0296875 0.06015625
0 0.06640625 0.85078125 0.0375 0.04140625
0 0.4265625 0.43515625 0.0265625 0.04609375
0 0.68359375 0.86171875 0.0296875 0.04375
0 0.4234375 0.75234375 0.025 0.04609375
0 0.46640625 0.146875 0.028125 0.0375
0 0.6109375 0.25859375 0.025 0.02890625
0 0.79296875 0.29765625 0.0296875 0.03984375
0 0.74609375 0.17734375 0.0203125 0.03125
0 0.765625 0.29375 0.0234375 0.03359375
0 0.95 0.33046875 0.021875 0.03125
0 0.5125 0.64765625 0.025 0.03359375
0 0.80390625 0.50859375 0.0265625 0.03359375
0 0.63125 0.61875 0.0203125 0.02890625
0 0.9375 0.540625 0.0234375 0.03359375
0 0.90234375 0.70546875 0.03125 0.03125
0 0.65 0.81484375 0.03125 0.03984375
0 0.840625 0.65390625 0.0296875 0.03125
0 0.384375 0.50703125 0.0328125 0.04375
0 0.99375 0.32578125 0.0125 0.03515625
0 0.67421875 0.16171875 0.0296875 0.03984375
0 0.67734375 0.16875 0.0203125 0.04140625
0 0.86640625 0.36484375 0.0296875 0.04140625
2 0.96484375 0.81640625 0.0328125 0.04609375
0 0.5953125 0.70546875 0.03125 0.03984375