0 0.1046875 0.35234375 0.03125 0.03125
0 0.1859375 0.58984375 0.028125 0.04375
0 0.38203125 0.55 0.0359375 0.04609375
0 0.43828125 0.43984375 0.034375 0.03984375
0 0.58046875 0.44765625 0.0296875 0.0375
0 0.58359375 0.478125 0.0234375 0.03515625
0 0.1125 0.06328125 0.0328125 0.05234375
0 0.83046875 0.53671875 0.0234375 0.04140625
0 0.54765625 0.584375 0.0328125 0.03515625
0 0.60078125 0.71328125 0.0296875 0.03984375
0 0.72890625 0.32578125 0.0359375 0.04765625
0 0.409375 0.18203125 0.025 0.02734375
0 0.3953125 0.2125 0.025 0.0375
0 0.22734375 0.02421875 0.0328125 0.04140625
0 0.275 0.01875 0.0296875 0.03359375
0 0.81796875 0.046875 0.0328125 0.03984375
0 0.5953125 0.21875 0.034375 0.04609375
0 0.3953125 0.378125 0.03125 0.04765625
0 0.6828125 0.77421875 0.03125 0.04375
0 0.8078125 0.953125 0.03125 0.03125
0 0.76328125 0.74140625 0.0359375 0.05
0 0.140625 0.534375 0.028125 0.0375
0 0.4953125 0.71171875 0.0421875 0.05625
0 0.46953125 0.50625 0.034375 0.05625
0 0.3328125 0.02265625 0.028125 0.04140625
0 0.64375 0.31328125 0.0359375 0.03125
0 0.82265625 0.37265625 0.0296875 0.0375
0 0.42890625 0.00703125 0.0296875 0.0140625
2 0.6515625 0.47890625 0.0375 0.04140625
0 0.6296875 0.30390625 0.028125 0.0375
0 0.33515625 0.63046875 0.0390625 0.05234375
0 0.5625 0.378125 0.034375 0.05234375
2 0.2640625 0.66484375 0.015625 0.02109375
2 0.278125 0.62890625 0.015625 0.01640625