0 0.021875 0.178125 0.034375 0.04140625
0 0.34765625 0.63046875 0.0296875 0.06015625
0 0.06484375 0.853125 0.0375 0.04140625
0 0.425 0.428125 0.0328125 0.05234375
0 0.66171875 0.93515625 0.0328125 0.04140625
0 0.4140625 0.73515625 0.034375 0.05859375
0 0.45703125 0.10625 0.028125 0.0375
0 0.6109375 0.25859375 0.025 0.02890625
0 0.73125 0.14765625 0.021875 0.03984375
0 0.76484375 0.29140625 0.021875 0.03125
0 0.94296875 0.30859375 0.0234375 0.03359375
0 0.5125 0.64765625 0.025 0.03359375
0 0.6515625 0.16171875 0.0234375 0.03515625
0 0.615625 0.584375 0.01875 0.02890625
0 0.92890625 0.521875 0.0234375 0.03359375
0 0.90078125 0.70390625 0.03125 0.03125
0 0.63828125 0.79921875 0.0296875 0.04140625
0 0.51640625 0.78984375 0.0328125 0.04375
0 0.98984375 0.30546875 0.015625 0.03515625
0 0.66015625 0.175 0.0265625 0.03359375
0 0.6796875 0.16796875 0.021875 0.04375
0 0.8625 0.346875 0.0296875 0.04140625
2 0.96484375 0.81640625 0.0328125 0.04609375
0 0.57890625 0.684375 0.03125 0.03984375