0 0.02421875 0.17578125 0.034375 0.04140625
0 0.3484375 0.62890625 0.0296875 0.06015625
0 0.0640625 0.85390625 0.0375 0.04140625
0 0.42578125 0.43046875 0.0359375 0.05390625
0 0.64609375 0.96796875 0.0375 0.04765625
0 0.409375 0.73125 0.0296875 0.05234375
0 0.45234375 0.09296875 0.028125 0.0375
0 0.6109375 0.25859375 0.025 0.02890625
0 0.72734375 0.13984375 0.0234375 0.03515625
0 0.7640625 0.29140625 0.021875 0.02890625
0 0.940625 0.29765625 0.021875 0.03125
0 0.5125 0.64765625 0.025 0.03359375
0 0.5984375 0.01171875 0.021875 0.02265625
0 0.61015625 0.57265625 0.0203125 0.03359375
0 0.92578125 0.51171875 0.0234375 0.03359375
0 0.9 0.703125 0.03125 0.03125
0 0.634375 0.78671875 0.0296875 0.04140625
0 0.546875 0.865625 0.0328125 0.04375
0 0.9875 0.29375 0.01875 0.03515625
0 0.66328125 0.175 0.0234375 0.03359375
0 0.67421875 0.16328125 0.0234375 0.04375
0 0.23984375 0.04375 0.04375 0.04375
0 0.86171875 0.33671875 0.0296875 0.04140625
2 0.96484375 0.81640625 0.0328125 0.04609375
0 0.5765625 0.67265625 0.03125 0.03984375