0 0.034375 0.209375 0.034375 0.04140625
0 0.34765625 0.63984375 0.0296875 0.06015625
0 0.065625 0.85234375 0.0375 0.04140625
0 0.42734375 0.43671875 0.0328125 0.05234375
0 0.7578125 0.76328125 0.0359375 0.04375
0 0.425 0.77421875 0.025 0.04375
0 0.484375 0.18125 0.028125 0.0375
0 0.6109375 0.25859375 0.025 0.02890625
0 0.83046875 0.28359375 0.0296875 0.02890625
0 0.76015625 0.203125 0.0203125 0.03359375
0 0.765625 0.29453125 0.025 0.03125
0 0.728125 0.190625 0.03125 0.0375
0 0.95234375 0.346875 0.021875 0.03125
0 0.5125 0.64765625 0.025 0.03359375
0 0.76796875 0.57578125 0.028125 0.03359375
0 0.64765625 0.65 0.015625 0.02734375
0 0.94453125 0.55703125 0.0234375 0.03359375
0 0.90390625 0.70625 0.03125 0.03125
0 0.78984375 0.86015625 0.0265625 0.02890625
0 0.56796875 0.01171875 0.0265625 0.02265625
0 0.81171875 0.01171875 0.0265625 0.02265625
0 0.66953125 0.82421875 0.0234375 0.04140625
0 0.59765625 0.92734375 0.0296875 0.03125
0 0.20703125 0.15703125 0.03125 0.0375
0 0.67421875 0.16484375 0.0296875 0.03984375
0 0.68203125 0.1625 0.015625 0.03515625
0 0.8703125 0.375 0.0328125 0.04375
2 0.96484375 0.81640625 0.0328125 0.04609375
0 0.60859375 0.72890625 0.03125 0.03984375