0 0.03359375 0.209375 0.034375 0.04140625
0 0.34765625 0.63984375 0.0296875 0.06015625
0 0.065625 0.85234375 0.0375 0.04140625
0 0.42734375 0.43671875 0.0328125 0.05234375
0 0.7546875 0.76953125 0.0359375 0.04375
0 0.4234375 0.771875 0.025 0.04375
0 0.484375 0.18046875 0.028125 0.0375
0 0.6109375 0.25859375 0.025 0.02890625
0 0.8484375 0.3125 0.0296875 0.02890625
0 0.75859375 0.20234375 0.0203125 0.03359375
0 0.7671875 0.29296875 0.0234375 0.02890625
0 0.72421875 0.16328125 0.03125 0.0375
0 0.9515625 0.34609375 0.021875 0.03125
0 0.5125 0.64765625 0.025 0.03359375
0 0.76796875 0.57421875 0.028125 0.03359375
0 0.646875 0.64921875 0.015625 0.02734375
0 0.94296875 0.55625 0.0234375 0.03359375
0 0.90390625 0.70625 0.03125 0.03125
0 0.79609375 0.87109375 0.0265625 0.02890625
0 0.56796875 0.01171875 0.0265625 0.02109375
0 0.81171875 0.01015625 0.0265625 0.0203125
0 0.66953125 0.821875 0.0234375 0.04140625
0 0.61015625 0.91171875 0.0296875 0.03125
0 0.21171875 0.17734375 0.03125 0.0375
0 0.67421875 0.16484375 0.0296875 0.03984375
0 0.68203125 0.1625 0.015625 0.03515625
0 0.8703125 0.375 0.03125 0.04375
2 0.96484375 0.81640625 0.0328125 0.04609375
0 0.60859375 0.728125 0.03125 0.03984375