0 0.034375 0.21015625 0.034375 0.04140625
0 0.34765625 0.640625 0.0296875 0.06015625
0 0.065625 0.85234375 0.0375 0.04140625
0 0.42734375 0.43671875 0.0328125 0.05234375
0 0.76328125 0.76171875 0.0359375 0.04609375
0 0.4265625 0.77578125 0.025 0.04375
0 0.48515625 0.18203125 0.028125 0.0375
0 0.6109375 0.25859375 0.025 0.02890625
0 0.803125 0.26015625 0.028125 0.02890625
0 0.76171875 0.20390625 0.0203125 0.03359375
0 0.765625 0.29453125 0.025 0.03125
0 0.72265625 0.240625 0.03125 0.0375
0 0.953125 0.34921875 0.021875 0.03125
0 0.5125 0.64765625 0.025 0.03359375
0 0.76328125 0.58359375 0.028125 0.03359375
0 0.64765625 0.65 0.015625 0.02734375
0 0.94609375 0.55859375 0.0234375 0.03359375
0 0.90390625 0.70625 0.03125 0.03125
0 0.78515625 0.846875 0.0265625 0.02890625
0 0.56796875 0.0125 0.0265625 0.02265625
0 0.81171875 0.01171875 0.0265625 0.02265625
0 0.66953125 0.82578125 0.0234375 0.04140625
0 0.584375 0.94375 0.0296875 0.03125
0 0.2015625 0.13671875 0.03125 0.0375
0 0.67421875 0.16484375 0.0296875 0.03984375
0 0.68203125 0.1625 0.015625 0.03515625
0 0.87109375 0.37421875 0.0328125 0.04375
2 0.96484375 0.81640625 0.0328125 0.04609375
0 0.60859375 0.73046875 0.03125 0.03984375