0 0.03046875 0.196875 0.034375 0.04140625
0 0.35 0.63515625 0.0296875 0.06015625
0 0.06640625 0.85078125 0.0375 0.04140625
0 0.4265625 0.43515625 0.0265625 0.04765625
0 0.68515625 0.85625 0.0328125 0.04609375
0 0.4234375 0.75390625 0.025 0.04609375
0 0.46796875 0.14921875 0.028125 0.0375
0 0.6109375 0.25859375 0.025 0.02890625
0 0.8328125 0.34296875 0.0296875 0.03984375
0 0.74609375 0.178125 0.0203125 0.03125
0 0.765625 0.29375 0.0234375 0.03359375
0 0.95 0.33125 0.021875 0.03125
0 0.5125 0.64765625 0.025 0.03359375
0 0.8015625 0.5375 0.0296875 0.0375
0 0.6328125 0.621875 0.0203125 0.02890625
0 0.9375 0.540625 0.0234375 0.03359375
0 0.90234375 0.70546875 0.03125 0.03125
0 0.65 0.81640625 0.03125 0.04140625
0 0.8234375 0.67890625 0.0296875 0.03125
0 0.36796875 0.47734375 0.034375 0.04375
0 0.99375 0.32890625 0.0125 0.03515625
0 0.67421875 0.16171875 0.0296875 0.03984375
0 0.67734375 0.16875 0.01875 0.03984375
0 0.86171875 0.3625 0.028125 0.04375
2 0.96484375 0.81640625 0.0328125 0.04609375
0 0.59609375 0.70703125 0.03125 0.03984375