0 0.03125 0.2 0.034375 0.04140625
0 0.34921875 0.63671875 0.0296875 0.06015625
0 0.0671875 0.85 0.0375 0.04140625
0 0.4265625 0.43671875 0.028125 0.04765625
0 0.70859375 0.81875 0.0375 0.04765625
0 0.4234375 0.76328125 0.025 0.04609375
0 0.47265625 0.159375 0.028125 0.0375
0 0.6109375 0.25859375 0.025 0.02890625
0 0.94375 0.45234375 0.0296875 0.03984375
0 0.75078125 0.18515625 0.0203125 0.03359375
0 0.765625 0.29375 0.0234375 0.03359375
0 0.95 0.33828125 0.021875 0.03125
0 0.5125 0.64765625 0.025 0.03359375
0 0.896875 0.51484375 0.0265625 0.03359375
0 0.63515625 0.628125 0.0234375 0.03125
0 0.93828125 0.54609375 0.0234375 0.03359375
0 0.90234375 0.70546875 0.03125 0.03125
0 0.81171875 0.00625 0.0265625 0.0125
0 0.65546875 0.81953125 0.0265625 0.03984375
0 0.75625 0.75390625 0.0296875 0.03125
0 0.31015625 0.41796875 0.0328125 0.04375
0 0.99453125 0.33359375 0.0109375 0.03359375
0 0.67421875 0.1625 0.0296875 0.03984375
0 0.67890625 0.16640625 0.01875 0.03984375
0 0.8609375 0.365625 0.028125 0.04375
2 0.96484375 0.81640625 0.0328125 0.04609375
0 0.59765625 0.715625 0.03125 0.03984375