0 0.03046875 0.19765625 0.034375 0.04140625
0 0.35 0.63671875 0.0296875 0.06015625
0 0.06640625 0.85078125 0.0375 0.04140625
0 0.4265625 0.43515625 0.0265625 0.04765625
0 0.69140625 0.85234375 0.0359375 0.04609375
0 0.4234375 0.75703125 0.025 0.04609375
0 0.46875 0.15234375 0.028125 0.0375
0 0.6109375 0.25859375 0.025 0.02890625
0 0.86953125 0.37578125 0.0296875 0.03984375
0 0.746875 0.17890625 0.0203125 0.03125
0 0.765625 0.29375 0.0234375 0.03359375
0 0.95 0.33359375 0.021875 0.03125
0 0.5125 0.64765625 0.025 0.03359375
0 0.8109375 0.50234375 0.025 0.03359375
0 0.63359375 0.62265625 0.01875 0.02734375
0 0.9375 0.540625 0.0234375 0.03359375
0 0.90234375 0.70546875 0.03125 0.03125
0 0.65 0.81796875 0.03125 0.04140625
0 0.81015625 0.69296875 0.0296875 0.03125
0 0.353125 0.46484375 0.034375 0.04375
0 0.99375 0.33125 0.0125 0.03515625
0 0.67421875 0.1625 0.0296875 0.03984375
0 0.678125 0.16796875 0.01875 0.03984375
0 0.8578125 0.36015625 0.028125 0.04375
2 0.96484375 0.81640625 0.0328125 0.04609375
0 0.59609375 0.709375 0.03125 0.03984375