0 0.1125 0.36953125 0.03125 0.03125
0 0.1875 0.59453125 0.0296875 0.05
0 0.315625 0.54140625 0.0359375 0.04609375
0 0.39765625 0.41875 0.034375 0.03984375
0 0.58046875 0.44765625 0.0296875 0.0375
0 0.5859375 0.48125 0.021875 0.03359375
0 0.11328125 0.06484375 0.0328125 0.05234375
0 0.95546875 0.53203125 0.0296875 0.04765625
0 0.703125 0.9828125 0.025 0.034375
0 0.8546875 0.553125 0.0234375 0.04140625
0 0.8109375 0.59375 0.0328125 0.03515625
0 0.546875 0.5875 0.0328125 0.03515625
0 0.6 0.71171875 0.028125 0.0375
0 0.72890625 0.32578125 0.0359375 0.04765625
0 0.41171875 0.1875 0.0265625 0.03359375
0 0.39609375 0.21171875 0.0234375 0.03515625
0 0.23515625 0.025 0.0328125 0.03984375
0 0.28359375 0.03671875 0.03125 0.04140625
0 0.81953125 0.07109375 0.0328125 0.03984375
0 0.596875 0.22109375 0.034375 0.04609375
0 0.39375 0.37734375 0.03125 0.04765625
0 0.709375 0.79765625 0.03125 0.04375
0 0.80703125 0.95703125 0.0328125 0.03125
0 0.76484375 0.74765625 0.0359375 0.05
0 0.13984375 0.55 0.028125 0.0375
0 0.4796875 0.73046875 0.034375 0.05625
0 0.4765625 0.51796875 0.034375 0.05625
0 0.33203125 0.02734375 0.03125 0.04765625
0 0.10234375 0.05703125 0.0328125 0.03515625
0 0.646875 0.31875 0.0375 0.03359375
2 0.65625 0.484375 0.0375 0.04140625
0 0.6296875 0.30390625 0.028125 0.0375
0 0.33515625 0.63046875 0.0390625 0.05234375
0 0.5625 0.378125 0.034375 0.05234375
2 0.26328125 0.671875 0.0140625 0.01875
2 0.28046875 0.64140625 0.0140625 0.01640625