0 0.115625 0.37890625 0.03125 0.03125
0 0.1890625 0.60546875 0.0296875 0.04140625
0 0.259375 0.54453125 0.03125 0.04765625
0 0.37421875 0.42578125 0.0296875 0.03984375
0 0.58046875 0.44921875 0.0265625 0.03125
0 0.58984375 0.48671875 0.021875 0.03359375
0 0.11171875 0.06640625 0.0328125 0.05234375
0 0.78125 0.29453125 0.025 0.04765625
0 0.79453125 0.69375 0.0296875 0.0375
0 0.85 0.55625 0.0234375 0.04140625
0 0.91484375 0.60859375 0.0265625 0.03125
0 0.56015625 0.509375 0.0265625 0.03515625
0 0.540625 0.584375 0.0296875 0.02734375
0 0.59921875 0.71171875 0.0265625 0.03515625
0 0.725 0.32734375 0.028125 0.04140625
0 0.41171875 0.18671875 0.025 0.02734375
0 0.39609375 0.209375 0.0203125 0.03125
0 0.23359375 0.03203125 0.0296875 0.03984375
0 0.28828125 0.053125 0.025 0.03984375
0 0.81796875 0.08359375 0.0328125 0.03984375
0 0.5984375 0.23359375 0.034375 0.04609375
0 0.39296875 0.37578125 0.03125 0.04765625
0 0.68828125 0.85546875 0.028125 0.0375
0 0.80859375 0.971875 0.0296875 0.02890625
0 0.7640625 0.75859375 0.0359375 0.05
0 0.14140625 0.56328125 0.0265625 0.03515625
0 0.46640625 0.70546875 0.034375 0.05625
0 0.47578125 0.52265625 0.034375 0.05625
0 0.33203125 0.02890625 0.03125 0.04765625
0 0.078125 0.134375 0.0265625 0.03125
0 0.64765625 0.321875 0.0359375 0.03125
2 0.6640625 0.49375 0.0375 0.04140625
0 0.6296875 0.30390625 0.028125 0.0375
0 0.33515625 0.63046875 0.0390625 0.05234375
0 0.5625 0.378125 0.034375 0.05234375
2 0.26640625 0.68359375 0.0140625 0.01875
2 0.28046875 0.65625 0.0140625 0.01640625