0 0.1015625 0.34609375 0.03125 0.03125
0 0.18515625 0.58984375 0.0265625 0.04140625
0 0.39765625 0.52890625 0.0359375 0.04609375
0 0.45234375 0.4125 0.034375 0.03984375
0 0.58046875 0.44765625 0.0296875 0.0375
0 0.58359375 0.478125 0.0234375 0.03515625
0 0.11328125 0.065625 0.0328125 0.05234375
0 0.828125 0.54921875 0.0265625 0.04609375
0 0.5484375 0.58359375 0.03125 0.03359375
0 0.6 0.71171875 0.028125 0.03984375
0 0.72890625 0.32578125 0.0359375 0.04765625
0 0.40703125 0.178125 0.0296875 0.03515625
0 0.3953125 0.2125 0.025 0.0375
0 0.2234375 0.02265625 0.03125 0.0453125
0 0.27265625 0.01328125 0.0296875 0.0265625
0 0.8140625 0.04140625 0.0328125 0.03984375
0 0.5953125 0.21875 0.034375 0.04609375
0 0.3953125 0.378125 0.03125 0.04765625
0 0.64296875 0.778125 0.040625 0.05390625
0 0.80859375 0.953125 0.0328125 0.03984375
0 0.76484375 0.73515625 0.0359375 0.05
0 0.1375 0.528125 0.028125 0.0375
0 0.5140625 0.70546875 0.04375 0.05625
0 0.4671875 0.50234375 0.034375 0.05625
0 0.33515625 0.01953125 0.0234375 0.03515625
0 0.64375 0.3125 0.0375 0.03359375
0 0.8328125 0.26875 0.03125 0.04140625
0 0.4796875 0.2 0.028125 0.03984375
2 0.6515625 0.47890625 0.0375 0.04140625
0 0.6296875 0.30390625 0.028125 0.0375
0 0.33515625 0.63046875 0.0390625 0.05234375
0 0.5625 0.378125 0.034375 0.05234375
2 0.2640625 0.66484375 0.015625 0.02109375
2 0.278125 0.62734375 0.015625 0.01640625