0 0.11328125 0.371875 0.03125 0.03125
0 0.18828125 0.59609375 0.0296875 0.05234375
0 0.3109375 0.53984375 0.0359375 0.04609375
0 0.3875 0.42265625 0.034375 0.03984375
0 0.58046875 0.44765625 0.0296875 0.0375
0 0.5875 0.48359375 0.021875 0.03359375
0 0.11328125 0.065625 0.0328125 0.05234375
0 0.89765625 0.47578125 0.0328125 0.04765625
0 0.78046875 0.95859375 0.0296875 0.0375
0 0.8578125 0.55625 0.0234375 0.04140625
0 0.98671875 0.63828125 0.0234375 0.03515625
0 0.74765625 0.61328125 0.0265625 0.03515625
0 0.54609375 0.58828125 0.0328125 0.03515625
0 0.59921875 0.71171875 0.0265625 0.0375
0 0.72890625 0.32578125 0.03125 0.04375
0 0.4109375 0.1875 0.025 0.03125
0 0.396875 0.21015625 0.021875 0.03359375
0 0.23515625 0.028125 0.0328125 0.03984375
0 0.284375 0.03984375 0.03125 0.04140625
0 0.81875 0.075 0.0328125 0.03984375
0 0.59765625 0.221875 0.034375 0.04609375
0 0.39375 0.37734375 0.03125 0.04765625
0 0.71640625 0.83046875 0.03125 0.04375
0 0.80625 0.96015625 0.0296875 0.02890625
0 0.76484375 0.75 0.0359375 0.05
0 0.140625 0.55390625 0.028125 0.0375
0 0.475 0.72578125 0.034375 0.05625
0 0.4765625 0.51875 0.034375 0.05625
0 0.33203125 0.028125 0.03125 0.04765625
0 0.09609375 0.071875 0.0328125 0.03515625
0 0.646875 0.31953125 0.0375 0.03359375
2 0.65859375 0.4875 0.0375 0.04140625
0 0.6296875 0.30390625 0.028125 0.0375
0 0.33515625 0.63046875 0.0390625 0.05234375
0 0.5625 0.378125 0.034375 0.05234375
2 0.26484375 0.67734375 0.0140625 0.01875
2 0.28046875 0.64453125 0.0140625 0.01640625