0 0.0328125 0.20625 0.034375 0.04140625
0 0.3484375 0.63828125 0.0296875 0.06015625
0 0.06640625 0.85078125 0.0375 0.04140625
0 0.42734375 0.43671875 0.03125 0.05
0 0.76015625 0.77890625 0.0375 0.04765625
0 0.4234375 0.76875 0.025 0.04375
0 0.4796875 0.17265625 0.028125 0.0375
0 0.6109375 0.25859375 0.025 0.02890625
0 0.9015625 0.465625 0.03125 0.0375
0 0.75546875 0.19765625 0.0203125 0.03359375
0 0.76640625 0.29296875 0.021875 0.03125
0 0.7015625 0.028125 0.03125 0.0375
0 0.95078125 0.34296875 0.021875 0.03125
0 0.5125 0.64765625 0.025 0.03359375
0 0.78984375 0.56328125 0.0265625 0.03359375
0 0.640625 0.6375 0.0203125 0.02734375
0 0.94296875 0.553125 0.0234375 0.03359375
0 0.903125 0.70625 0.03125 0.03125
0 0.83125 0.95234375 0.0265625 0.03515625
0 0.5671875 0.00859375 0.0265625 0.01640625
0 0.81171875 0.009375 0.0265625 0.01875
0 0.665625 0.81796875 0.0234375 0.03984375
0 0.6640625 0.85 0.0296875 0.03125
0 0.2390625 0.28203125 0.03125 0.03984375
0 0.67421875 0.16328125 0.0296875 0.03984375
0 0.68046875 0.16484375 0.015625 0.03515625
0 0.86796875 0.378125 0.0296875 0.04375
2 0.96484375 0.81640625 0.0328125 0.04609375
0 0.6046875 0.72421875 0.03125 0.03984375