0 0.03046875 0.19765625 0.034375 0.04140625
0 0.35 0.63515625 0.0296875 0.06015625
0 0.06640625 0.85078125 0.0375 0.04140625
0 0.4265625 0.43515625 0.0265625 0.04765625
0 0.6875 0.85546875 0.0328125 0.04609375
0 0.4234375 0.75546875 0.025 0.04609375
0 0.46796875 0.15 0.028125 0.0375
0 0.6109375 0.25859375 0.025 0.02890625
0 0.84765625 0.353125 0.0296875 0.03984375
0 0.74609375 0.178125 0.0203125 0.03125
0 0.765625 0.29375 0.0234375 0.03359375
0 0.95 0.33203125 0.021875 0.03125
0 0.5125 0.64765625 0.025 0.03359375
0 0.80703125 0.52265625 0.028125 0.03515625
0 0.6328125 0.621875 0.0203125 0.02890625
0 0.9375 0.540625 0.0234375 0.03359375
0 0.90234375 0.70546875 0.03125 0.03125
0 0.65 0.81640625 0.03125 0.04140625
0 0.81796875 0.68515625 0.0296875 0.03125
0 0.3609375 0.46953125 0.0359375 0.04609375
0 0.99375 0.33046875 0.0125 0.03515625
0 0.67421875 0.1625 0.0296875 0.03984375
0 0.67734375 0.16875 0.01875 0.03984375
0 0.86015625 0.36171875 0.028125 0.04375
2 0.96484375 0.81640625 0.0328125 0.04609375
0 0.59609375 0.70859375 0.03125 0.03984375