0 0.021875 0.17578125 0.034375 0.04140625
0 0.34765625 0.62890625 0.0296875 0.06015625
0 0.0640625 0.85390625 0.0375 0.04140625
0 0.42421875 0.42578125 0.034375 0.05234375
0 0.64921875 0.96015625 0.034375 0.04609375
0 0.41171875 0.734375 0.03125 0.05390625
0 0.45390625 0.09921875 0.028125 0.0375
0 0.6109375 0.25859375 0.025 0.02890625
0 0.72890625 0.14296875 0.0234375 0.0375
0 0.7640625 0.29140625 0.021875 0.02890625
0 0.94140625 0.30234375 0.0234375 0.03125
0 0.5125 0.64765625 0.025 0.03359375
0 0.6296875 0.04921875 0.0203125 0.03984375
0 0.6109375 0.57890625 0.0171875 0.02890625
0 0.92734375 0.515625 0.0234375 0.03359375
0 0.9 0.703125 0.03125 0.03125
0 0.6359375 0.79140625 0.0296875 0.04140625
0 0.54765625 0.83671875 0.0328125 0.04375
0 0.9890625 0.29921875 0.0171875 0.03515625
0 0.66171875 0.175 0.025 0.03359375
0 0.67578125 0.16484375 0.0234375 0.04375
0 0.86171875 0.34140625 0.0296875 0.04140625
2 0.96484375 0.81640625 0.0328125 0.04609375
0 0.57734375 0.678125 0.03125 0.03984375