0 0.03125 0.203125 0.034375 0.04140625
0 0.34921875 0.6375 0.0296875 0.06015625
0 0.0671875 0.85 0.0375 0.04140625
0 0.4265625 0.43671875 0.0296875 0.05
0 0.72890625 0.80234375 0.0375 0.04609375
0 0.4234375 0.765625 0.025 0.04609375
0 0.47578125 0.165625 0.028125 0.0375
0 0.6109375 0.25859375 0.025 0.02890625
0 0.753125 0.19296875 0.0203125 0.03359375
0 0.76640625 0.29296875 0.021875 0.03125
0 0.95078125 0.340625 0.021875 0.03125
0 0.5125 0.64765625 0.025 0.03359375
0 0.8484375 0.528125 0.0265625 0.03359375
0 0.6375 0.63203125 0.021875 0.02890625
0 0.94296875 0.55078125 0.0234375 0.03359375
0 0.903125 0.70546875 0.03125 0.03125
0 0.81171875 0.00703125 0.0265625 0.0140625
0 0.6609375 0.81875 0.0234375 0.03984375
0 0.709375 0.80078125 0.0296875 0.03125
0 0.26796875 0.365625 0.0328125 0.04375
0 0.9953125 0.334375 0.009375 0.03125
0 0.67421875 0.1625 0.0296875 0.03984375
0 0.6796875 0.165625 0.0171875 0.0375
0 0.865625 0.37265625 0.028125 0.04375
2 0.96484375 0.81640625 0.0328125 0.04609375
0 0.6 0.72109375 0.03125 0.03984375