0 0.0265625 0.184375 0.034375 0.04140625
0 0.3484375 0.63125 0.0296875 0.06015625
0 0.065625 0.85234375 0.0375 0.04140625
0 0.42578125 0.43125 0.0296875 0.05
0 0.68671875 0.91015625 0.03125 0.04765625
0 0.41640625 0.73984375 0.03125 0.05
0 0.46015625 0.11953125 0.028125 0.0375
0 0.6109375 0.25859375 0.025 0.02890625
0 0.5375 0.03984375 0.034375 0.04375
0 0.7328125 0.153125 0.021875 0.03984375
0 0.765625 0.29140625 0.021875 0.03359375
0 0.94453125 0.315625 0.0234375 0.03359375
0 0.5125 0.64765625 0.025 0.03359375
0 0.69375 0.30078125 0.025 0.03359375
0 0.61953125 0.59296875 0.0203125 0.02890625
0 0.9328125 0.52890625 0.0234375 0.03359375
0 0.90078125 0.70390625 0.03125 0.03125
0 0.64453125 0.803125 0.0296875 0.03984375
0 0.990625 0.50234375 0.01875 0.03125
0 0.4796875 0.69296875 0.0328125 0.04375
0 0.99140625 0.3125 0.0140625 0.03515625
0 0.65859375 0.175 0.0265625 0.03359375
0 0.678125 0.175 0.021875 0.04375
0 0.865625 0.35234375 0.0296875 0.04140625
2 0.96484375 0.81640625 0.0328125 0.04609375
0 0.58125 0.69140625 0.03125 0.03984375