0 0.115625 0.375 0.03125 0.03125
0 0.18828125 0.603125 0.0296875 0.04140625
0 0.28984375 0.56640625 0.04375 0.04375
0 0.38125 0.42265625 0.0296875 0.03984375
0 0.58046875 0.44765625 0.028125 0.03515625
0 0.5890625 0.48515625 0.021875 0.03359375
0 0.1125 0.06640625 0.0328125 0.05234375
0 0.83203125 0.37890625 0.0265625 0.04765625
0 0.7734375 0.8125 0.0296875 0.0375
0 0.85390625 0.55703125 0.0234375 0.04140625
0 0.9171875 0.61328125 0.03125 0.03515625
0 0.625 0.403125 0.0265625 0.03515625
0 0.54296875 0.5875 0.0328125 0.03515625
0 0.59921875 0.71171875 0.0265625 0.03515625
0 0.72578125 0.328125 0.0296875 0.04375
0 0.4109375 0.18671875 0.025 0.02734375
0 0.396875 0.21015625 0.021875 0.03359375
0 0.2359375 0.03125 0.034375 0.04140625
0 0.28671875 0.05 0.025 0.03984375
0 0.81796875 0.08046875 0.0328125 0.03984375
0 0.5984375 0.22578125 0.034375 0.04609375
0 0.39296875 0.37734375 0.03125 0.04765625
0 0.69296875 0.83828125 0.03125 0.04375
0 0.80703125 0.96796875 0.0296875 0.02890625
0 0.76484375 0.75390625 0.0359375 0.05
0 0.14140625 0.559375 0.028125 0.0375
0 0.46953125 0.71796875 0.034375 0.05625
0 0.47578125 0.52109375 0.034375 0.05625
0 0.33203125 0.028125 0.03125 0.04765625
0 0.0859375 0.11015625 0.0328125 0.03515625
0 0.64765625 0.32109375 0.0359375 0.03125
2 0.66171875 0.490625 0.0375 0.04140625
0 0.6296875 0.30390625 0.028125 0.0375
0 0.33515625 0.63046875 0.0390625 0.05234375
0 0.5625 0.378125 0.034375 0.05234375
2 0.26640625 0.68125 0.0140625 0.01875
2 0.28046875 0.65234375 0.0140625 0.01640625