0 0.10859375 0.36484375 0.03125 0.03125
0 0.18671875 0.59140625 0.028125 0.04765625
0 0.365625 0.52734375 0.0359375 0.04609375
0 0.4078125 0.41015625 0.034375 0.03984375
0 0.58046875 0.44765625 0.0296875 0.0375
0 0.58359375 0.478125 0.0234375 0.03515625
0 0.1125 0.0625 0.0328125 0.05234375
0 0.83984375 0.55234375 0.0234375 0.04140625
0 0.92109375 0.38984375 0.0328125 0.03515625
0 0.546875 0.58671875 0.0328125 0.03515625
0 0.6 0.71171875 0.028125 0.03984375
0 0.72890625 0.32578125 0.0359375 0.04765625
0 0.4109375 0.1875 0.0265625 0.03359375
0 0.39609375 0.21171875 0.0234375 0.03515625
0 0.2296875 0.02890625 0.03125 0.03984375
0 0.2796875 0.03125 0.0296875 0.03984375
0 0.81796875 0.06171875 0.0328125 0.03984375
0 0.59609375 0.21953125 0.034375 0.04609375
0 0.39453125 0.37734375 0.03125 0.04765625
0 0.7078125 0.76484375 0.03125 0.04375
0 0.80703125 0.95546875 0.03125 0.02890625
0 0.7640625 0.74609375 0.0359375 0.05
0 0.1390625 0.54296875 0.028125 0.0375
0 0.484375 0.728125 0.034375 0.05625
0 0.47265625 0.51484375 0.034375 0.05625
0 0.33125 0.02734375 0.03125 0.04765625
0 0.10703125 0.01015625 0.0328125 0.0203125
0 0.64453125 0.315625 0.034375 0.02890625
2 0.6515625 0.47890625 0.0375 0.04140625
0 0.6296875 0.30390625 0.028125 0.0375
0 0.33515625 0.63046875 0.0390625 0.05234375
0 0.5625 0.378125 0.034375 0.05234375
2 0.26171875 0.66640625 0.0140625 0.01875
2 0.2796875 0.6375 0.0140625 0.01640625