0 0.02265625 0.175 0.034375 0.04140625
0 0.34765625 0.628125 0.0296875 0.06015625
0 0.0640625 0.85390625 0.0375 0.04140625
0 0.42421875 0.425 0.0359375 0.05390625
0 0.6484375 0.96640625 0.0375 0.04765625
0 0.41015625 0.73203125 0.0296875 0.05234375
0 0.453125 0.09453125 0.028125 0.0375
0 0.6109375 0.25859375 0.025 0.02890625
0 0.728125 0.140625 0.0234375 0.03515625
0 0.7640625 0.29140625 0.021875 0.02890625
0 0.94140625 0.3 0.021875 0.03125
0 0.5125 0.64765625 0.025 0.03359375
0 0.6078125 0.028125 0.025 0.03984375
0 0.61015625 0.575 0.01875 0.03125
0 0.9265625 0.51328125 0.0234375 0.03359375
0 0.9 0.703125 0.03125 0.03125
0 0.634375 0.78828125 0.0296875 0.04140625
0 0.53515625 0.85 0.0328125 0.04765625
0 0.98828125 0.29609375 0.01875 0.03515625
0 0.6625 0.175 0.0234375 0.03359375
0 0.67421875 0.16328125 0.0234375 0.04375
0 0.2515625 0.01875 0.0421875 0.0375
0 0.86171875 0.33828125 0.0296875 0.04140625
2 0.96484375 0.81640625 0.0328125 0.04609375
0 0.57734375 0.675 0.03125 0.03984375