0 0.02890625 0.19296875 0.034375 0.04140625
0 0.35078125 0.634375 0.0296875 0.06015625
0 0.065625 0.85234375 0.0375 0.04140625
0 0.4265625 0.434375 0.025 0.04609375
0 0.69609375 0.88125 0.0296875 0.04609375
0 0.42109375 0.74921875 0.025 0.04609375
0 0.46484375 0.13828125 0.028125 0.0375
0 0.6109375 0.25859375 0.025 0.02890625
0 0.6828125 0.184375 0.0296875 0.03984375
0 0.74375 0.17421875 0.0203125 0.0375
0 0.76640625 0.290625 0.0234375 0.03359375
0 0.94921875 0.325 0.021875 0.03125
0 0.5125 0.64765625 0.025 0.03359375
0 0.725 0.40859375 0.025 0.03359375
0 0.6265625 0.60625 0.01875 0.02890625
0 0.93671875 0.5375 0.0234375 0.03359375
0 0.9015625 0.70390625 0.03125 0.03125
0 0.65078125 0.809375 0.0296875 0.0375
0 0.903125 0.58984375 0.0296875 0.03125
0 0.43203125 0.60546875 0.0328125 0.04375
0 0.99296875 0.31875 0.0140625 0.03515625
0 0.6671875 0.16640625 0.0296875 0.0375
0 0.67578125 0.17109375 0.0203125 0.04140625
0 0.86796875 0.36015625 0.0296875 0.04140625
2 0.96484375 0.81640625 0.0328125 0.04609375
0 0.58984375 0.70390625 0.03125 0.03984375