0 0.115625 0.38125 0.03125 0.03125
0 0.18984375 0.603125 0.0265625 0.04140625
0 0.2625 0.53984375 0.0359375 0.04375
0 0.36875 0.421875 0.0296875 0.03984375
0 0.58125 0.44921875 0.025 0.03125
0 0.590625 0.4875 0.021875 0.03359375
0 0.1109375 0.06640625 0.0328125 0.05234375
0 0.7671875 0.26640625 0.025 0.04765625
0 0.8 0.64921875 0.0296875 0.0375
0 0.846875 0.54921875 0.0234375 0.04140625
0 0.90546875 0.6125 0.0296875 0.03984375
0 0.5375 0.55078125 0.0265625 0.03515625
0 0.54140625 0.5875 0.0296875 0.02734375
0 0.59921875 0.71171875 0.0265625 0.03515625
0 0.725 0.32578125 0.028125 0.03984375
0 0.41171875 0.18671875 0.0234375 0.02734375
0 0.39609375 0.209375 0.0203125 0.03125
0 0.23203125 0.03359375 0.0265625 0.0375
0 0.290625 0.053125 0.025 0.03984375
0 0.81796875 0.084375 0.03125 0.03984375
0 0.5984375 0.234375 0.034375 0.04609375
0 0.39296875 0.37578125 0.03125 0.04765625
0 0.6890625 0.85625 0.028125 0.0375
0 0.81015625 0.97265625 0.0296875 0.02890625
0 0.7640625 0.759375 0.0359375 0.05
0 0.140625 0.56484375 0.025 0.03359375
0 0.46328125 0.70625 0.034375 0.05625
0 0.47578125 0.52265625 0.034375 0.05625
0 0.3328125 0.02890625 0.03125 0.04765625
0 0.06796875 0.14765625 0.0203125 0.02890625
0 0.64765625 0.32265625 0.0359375 0.03125
2 0.665625 0.49453125 0.0375 0.04140625
0 0.6296875 0.30390625 0.028125 0.0375
0 0.33515625 0.63046875 0.0390625 0.05234375
0 0.5625 0.378125 0.034375 0.05234375
2 0.26640625 0.68359375 0.0140625 0.01875
2 0.28046875 0.65703125 0.0140625 0.01640625