0 0.11640625 0.38359375 0.03125 0.03125
0 0.19375 0.6 0.025 0.04140625
0 0.25703125 0.55625 0.0296875 0.03984375
0 0.3671875 0.43359375 0.0296875 0.03984375
0 0.58125 0.44921875 0.0234375 0.02890625
0 0.59140625 0.48828125 0.0203125 0.03125
0 0.1109375 0.06796875 0.0328125 0.05234375
0 0.73359375 0.19921875 0.025 0.04765625
0 0.81640625 0.559375 0.0296875 0.0375
0 0.84453125 0.54921875 0.021875 0.04140625
0 0.9171875 0.63125 0.0234375 0.03359375
0 0.490625 0.62265625 0.0265625 0.03515625
0 0.5421875 0.590625 0.028125 0.025
0 0.6 0.7125 0.025 0.03359375
0 0.72578125 0.32578125 0.0296875 0.03984375
0 0.41171875 0.18515625 0.0234375 0.025
0 0.3953125 0.20859375 0.01875 0.02890625
0 0.234375 0.03515625 0.0265625 0.0375
0 0.2921875 0.05625 0.025 0.03984375
0 0.8171875 0.08671875 0.0296875 0.03984375
0 0.5984375 0.23671875 0.034375 0.04609375
0 0.3921875 0.37578125 0.03125 0.04765625
0 0.68828125 0.85703125 0.028125 0.0375
0 0.81015625 0.975 0.028125 0.02734375
0 0.7640625 0.7625 0.0359375 0.05
0 0.13828125 0.56640625 0.0234375 0.03125
0 0.4640625 0.68046875 0.034375 0.05625
0 0.475 0.52421875 0.034375 0.05625
0 0.3328125 0.02890625 0.03125 0.04765625
0 0.0453125 0.17734375 0.01875 0.02890625
0 0.6484375 0.32421875 0.034375 0.02890625
2 0.6671875 0.496875 0.0375 0.04140625
0 0.6296875 0.30390625 0.028125 0.0375
0 0.33515625 0.63046875 0.0390625 0.05234375
0 0.5625 0.378125 0.034375 0.05234375
2 0.26640625 0.68515625 0.0140625 0.01875
2 0.28046875 0.65859375 0.0140625 0.01640625