0 0.11953125 0.38515625 0.03125 0.03125
0 0.19296875 0.60390625 0.021875 0.04140625
0 0.24375 0.56015625 0.028125 0.03515625
0 0.359375 0.434375 0.0234375 0.03359375
0 0.58125 0.45 0.021875 0.02734375
0 0.5921875 0.48984375 0.0203125 0.03125
0 0.11015625 0.06796875 0.0328125 0.05234375
0 0.70390625 0.13046875 0.0265625 0.04765625
0 0.853125 0.44140625 0.0296875 0.0375
0 0.84296875 0.55390625 0.0203125 0.0375
0 0.90078125 0.57734375 0.0265625 0.03359375
0 0.51171875 0.51171875 0.028125 0.03359375
0 0.5453125 0.584375 0.028125 0.025
0 0.60078125 0.71328125 0.0234375 0.03125
0 0.72578125 0.325 0.0296875 0.0375
0 0.4125 0.18515625 0.021875 0.025
0 0.39453125 0.20703125 0.0171875 0.02734375
0 0.23828125 0.03515625 0.0265625 0.0375
0 0.2921875 0.0625 0.025 0.03984375
0 0.81640625 0.0875 0.0265625 0.03984375
0 0.5984375 0.23828125 0.034375 0.04609375
0 0.3921875 0.37578125 0.03125 0.04765625
0 0.6875 0.85859375 0.028125 0.0375
0 0.81171875 0.97734375 0.028125 0.02734375
0 0.76328125 0.765625 0.0359375 0.05
0 0.13359375 0.57109375 0.0234375 0.03125
0 0.46484375 0.67734375 0.034375 0.05625
0 0.475 0.525 0.034375 0.05625
0 0.3328125 0.03046875 0.03125 0.04765625
0 0.021875 0.20859375 0.0171875 0.02890625
0 0.6484375 0.325 0.034375 0.02890625
2 0.66953125 0.49921875 0.0375 0.04140625
0 0.6296875 0.30390625 0.028125 0.0375
0 0.33515625 0.63046875 0.0390625 0.05234375
0 0.5625 0.378125 0.034375 0.05234375
2 0.2671875 0.690625 0.0140625 0.01875
2 0.28046875 0.66171875 0.0140625 0.01640625