0 0.11484375 0.375 0.03125 0.03125
0 0.18828125 0.603125 0.0296875 0.04140625
0 0.2828125 0.54921875 0.040625 0.05
0 0.37890625 0.42578125 0.03125 0.03984375
0 0.58046875 0.44765625 0.028125 0.03515625
0 0.58828125 0.484375 0.021875 0.03359375
0 0.1125 0.06640625 0.0328125 0.05234375
0 0.83984375 0.39453125 0.0265625 0.04765625
0 0.77734375 0.83046875 0.0296875 0.0375
0 0.8546875 0.55703125 0.0234375 0.04140625
0 0.9265625 0.62109375 0.03125 0.03515625
0 0.628125 0.45546875 0.0265625 0.03515625
0 0.54453125 0.5875 0.0328125 0.03515625
0 0.59921875 0.71171875 0.0265625 0.03515625
0 0.7265625 0.328125 0.03125 0.04375
0 0.4109375 0.18671875 0.025 0.02734375
0 0.396875 0.21015625 0.021875 0.03359375
0 0.2359375 0.03125 0.034375 0.04140625
0 0.2859375 0.05 0.025 0.03984375
0 0.81796875 0.07890625 0.0328125 0.03984375
0 0.5984375 0.225 0.034375 0.04609375
0 0.39296875 0.37734375 0.03125 0.04765625
0 0.69375 0.846875 0.03125 0.04375
0 0.80703125 0.96796875 0.0296875 0.02890625
0 0.76484375 0.753125 0.0359375 0.05
0 0.140625 0.559375 0.028125 0.0375
0 0.4703125 0.71953125 0.034375 0.05625
0 0.47578125 0.52109375 0.034375 0.05625
0 0.33203125 0.028125 0.03125 0.04765625
0 0.0859375 0.10859375 0.0328125 0.03515625
0 0.64765625 0.32109375 0.0359375 0.03125
2 0.66171875 0.48984375 0.0375 0.04140625
0 0.6296875 0.30390625 0.028125 0.0375
0 0.33515625 0.63046875 0.0390625 0.05234375
0 0.5625 0.378125 0.034375 0.05234375
2 0.265625 0.68125 0.0140625 0.01875
2 0.28046875 0.65078125 0.0140625 0.01640625