0 0.03359375 0.20859375 0.034375 0.04140625
0 0.34765625 0.63984375 0.0296875 0.06015625
0 0.065625 0.85234375 0.0375 0.04140625
0 0.42734375 0.43671875 0.03125 0.05234375
0 0.75625 0.775 0.0359375 0.04609375
0 0.4234375 0.77109375 0.025 0.04375
0 0.4828125 0.178125 0.028125 0.0375
0 0.6109375 0.25859375 0.025 0.02890625
0 0.86640625 0.35546875 0.03125 0.02890625
0 0.7578125 0.20078125 0.0203125 0.03359375
0 0.7671875 0.29140625 0.021875 0.02890625
0 0.72109375 0.12421875 0.03125 0.0375
0 0.9515625 0.34453125 0.021875 0.03125
0 0.5125 0.64765625 0.025 0.03359375
0 0.7734375 0.58828125 0.028125 0.03359375
0 0.64609375 0.646875 0.015625 0.02734375
0 0.94296875 0.55546875 0.0234375 0.03359375
0 0.90390625 0.70625 0.03125 0.03125
0 0.81484375 0.8875 0.0265625 0.02890625
0 0.56640625 0.01015625 0.0265625 0.0203125
0 0.81171875 0.01015625 0.0265625 0.0203125
0 0.66875 0.82109375 0.0234375 0.04140625
0 0.625 0.9 0.028125 0.03359375
0 0.21953125 0.20390625 0.03125 0.0375
0 0.67421875 0.16328125 0.0296875 0.03984375
0 0.68125 0.16328125 0.015625 0.03515625
0 0.86953125 0.37578125 0.03125 0.04375
2 0.96484375 0.81640625 0.0328125 0.04609375
0 0.6078125 0.72578125 0.03125 0.03984375