0 0.03359375 0.20703125 0.034375 0.04140625
0 0.34765625 0.63984375 0.0296875 0.06015625
0 0.06640625 0.85078125 0.0375 0.04140625
0 0.42734375 0.43671875 0.03125 0.05
0 0.75703125 0.775 0.0375 0.04765625
0 0.4234375 0.77109375 0.025 0.04375
0 0.48203125 0.17734375 0.028125 0.0375
0 0.6109375 0.25859375 0.025 0.02890625
0 0.87109375 0.38203125 0.03125 0.03359375
0 0.7578125 0.20078125 0.0203125 0.03359375
0 0.7671875 0.29140625 0.021875 0.02890625
0 0.71953125 0.1 0.03125 0.0375
0 0.9515625 0.34375 0.021875 0.03125
0 0.5125 0.64765625 0.025 0.03359375
0 0.78046875 0.590625 0.0265625 0.03359375
0 0.64453125 0.64453125 0.0171875 0.02734375
0 0.94296875 0.55546875 0.0234375 0.03359375
0 0.903125 0.70625 0.03125 0.03125
0 0.8203125 0.90859375 0.0265625 0.03359375
0 0.5671875 0.01015625 0.0265625 0.01875
0 0.81171875 0.01015625 0.0265625 0.0203125
0 0.66796875 0.81953125 0.0234375 0.04140625
0 0.63359375 0.89140625 0.0296875 0.03125
0 0.225 0.221875 0.03125 0.0375
0 0.67421875 0.16328125 0.0296875 0.03984375
0 0.68125 0.16328125 0.015625 0.03515625
0 0.86953125 0.37578125 0.03125 0.04375
2 0.96484375 0.81640625 0.0328125 0.04609375
0 0.60703125 0.72578125 0.03125 0.03984375