0 0.021875 0.17890625 0.034375 0.04140625
0 0.34765625 0.63046875 0.0296875 0.06015625
0 0.06484375 0.853125 0.0375 0.04140625
0 0.425 0.42890625 0.03125 0.05
0 0.66875 0.928125 0.0328125 0.04140625
0 0.41484375 0.73671875 0.034375 0.05625
0 0.4578125 0.109375 0.028125 0.0375
0 0.6109375 0.25859375 0.025 0.02890625
0 0.73125 0.14921875 0.021875 0.03984375
0 0.76484375 0.29140625 0.021875 0.03125
0 0.94296875 0.31015625 0.025 0.03359375
0 0.5125 0.64765625 0.025 0.03359375
0 0.6640625 0.20703125 0.021875 0.03359375
0 0.61640625 0.58671875 0.0203125 0.02890625
0 0.9296875 0.52421875 0.0234375 0.03359375
0 0.90078125 0.70390625 0.03125 0.03125
0 0.63984375 0.80078125 0.0296875 0.04140625
0 0.49921875 0.75859375 0.0328125 0.04375
0 0.990625 0.30703125 0.015625 0.03515625
0 0.66015625 0.175 0.0265625 0.03359375
0 0.6796875 0.17109375 0.021875 0.04375
0 0.86328125 0.34921875 0.0296875 0.04140625
2 0.96484375 0.81640625 0.0328125 0.04609375
0 0.5796875 0.68671875 0.03125 0.03984375