0 0.021875 0.178125 0.034375 0.04140625
0 0.34765625 0.63046875 0.0296875 0.06015625
0 0.06484375 0.853125 0.0375 0.04140625
0 0.425 0.428125 0.0328125 0.05234375
0 0.65859375 0.93671875 0.0296875 0.04375
0 0.4140625 0.73515625 0.034375 0.05625
0 0.45625 0.10625 0.028125 0.0375
0 0.6109375 0.25859375 0.025 0.02890625
0 0.73046875 0.146875 0.0234375 0.0375
0 0.76484375 0.29140625 0.021875 0.03125
0 0.94296875 0.30703125 0.0234375 0.03359375
0 0.5125 0.64765625 0.025 0.03359375
0 0.65 0.15625 0.0234375 0.03515625
0 0.615625 0.584375 0.01875 0.02890625
0 0.92890625 0.521875 0.0234375 0.03359375
0 0.90078125 0.70390625 0.03125 0.03125
0 0.6375 0.79765625 0.0296875 0.04140625
0 0.51953125 0.79140625 0.0328125 0.04375
0 0.98984375 0.30390625 0.015625 0.03515625
0 0.6609375 0.175 0.025 0.03359375
0 0.6796875 0.16796875 0.021875 0.04375
0 0.8625 0.346875 0.0296875 0.04140625
2 0.96484375 0.81640625 0.0328125 0.04609375
0 0.57890625 0.684375 0.03125 0.03984375