0 0.109375 0.365625 0.03125 0.03125
0 0.18671875 0.59296875 0.028125 0.04765625
0 0.359375 0.534375 0.0359375 0.04609375
0 0.40078125 0.415625 0.034375 0.03984375
0 0.58046875 0.44765625 0.0296875 0.0375
0 0.584375 0.47890625 0.0234375 0.03515625
0 0.1125 0.06328125 0.0328125 0.05234375
0 0.85 0.55390625 0.025 0.04140625
0 0.88359375 0.44921875 0.0328125 0.03515625
0 0.546875 0.58671875 0.0328125 0.03515625
0 0.6 0.71171875 0.028125 0.03984375
0 0.72890625 0.32578125 0.0359375 0.04765625
0 0.41171875 0.18828125 0.0265625 0.03515625
0 0.39609375 0.21171875 0.0234375 0.03515625
0 0.22890625 0.03125 0.0328125 0.03984375
0 0.28046875 0.03203125 0.0296875 0.03984375
0 0.81875 0.06484375 0.0328125 0.03984375
0 0.59609375 0.21953125 0.034375 0.04609375
0 0.39453125 0.37734375 0.03125 0.04765625
0 0.70703125 0.75390625 0.03125 0.04609375
0 0.80703125 0.95546875 0.03125 0.02890625
0 0.7640625 0.746875 0.0359375 0.05
0 0.1390625 0.54453125 0.028125 0.0375
0 0.48671875 0.72890625 0.034375 0.05625
0 0.4734375 0.51640625 0.034375 0.05625
0 0.33125 0.02734375 0.03125 0.04765625
0 0.10546875 0.015625 0.0328125 0.03125
0 0.6453125 0.31640625 0.0359375 0.03125
2 0.653125 0.48125 0.0375 0.04140625
0 0.6296875 0.30390625 0.028125 0.0375
0 0.33515625 0.63046875 0.0390625 0.05234375
0 0.5625 0.378125 0.034375 0.05234375
2 0.26171875 0.66796875 0.0140625 0.01875
2 0.28046875 0.63828125 0.0140625 0.01640625