0 0.0296875 0.19609375 0.034375 0.04140625
0 0.35 0.63515625 0.0296875 0.06015625
0 0.06640625 0.85078125 0.0375 0.04140625
0 0.4265625 0.43515625 0.0265625 0.04609375
0 0.68671875 0.86328125 0.0296875 0.04375
0 0.42265625 0.75078125 0.025 0.04609375
0 0.465625 0.14453125 0.028125 0.0375
0 0.6109375 0.25859375 0.025 0.02890625
0 0.7734375 0.27578125 0.0296875 0.03984375
0 0.74609375 0.17734375 0.0203125 0.03125
0 0.76484375 0.29453125 0.0234375 0.03515625
0 0.95 0.32890625 0.021875 0.03125
0 0.5125 0.64765625 0.025 0.03359375
0 0.78046875 0.46875 0.0265625 0.03359375
0 0.63046875 0.61640625 0.0203125 0.02890625
0 0.9375 0.540625 0.0234375 0.03359375
0 0.90234375 0.70546875 0.03125 0.03125
0 0.65 0.81328125 0.03125 0.03984375
0 0.8484375 0.640625 0.0296875 0.03125
0 0.39296875 0.525 0.0328125 0.04375
0 0.99296875 0.325 0.0140625 0.03515625
0 0.67421875 0.16171875 0.0296875 0.03984375
0 0.67734375 0.16875 0.0203125 0.04140625
0 0.86875 0.36640625 0.0296875 0.04140625
2 0.96484375 0.81640625 0.0328125 0.04609375
0 0.59453125 0.70546875 0.03125 0.03984375