0 0.1078125 0.35703125 0.03125 0.03125
0 0.1859375 0.58984375 0.028125 0.04609375
0 0.384375 0.54375 0.0359375 0.04609375
0 0.41328125 0.440625 0.034375 0.03984375
0 0.58046875 0.44765625 0.0296875 0.0375
0 0.58359375 0.478125 0.0234375 0.03515625
0 0.11171875 0.06171875 0.0328125 0.05234375
0 0.83359375 0.54609375 0.0234375 0.04140625
0 0.546875 0.58515625 0.0328125 0.03515625
0 0.6 0.71171875 0.028125 0.03984375
0 0.72890625 0.32578125 0.0359375 0.04765625
0 0.4109375 0.18515625 0.0265625 0.03125
0 0.39609375 0.21171875 0.0234375 0.03515625
0 0.221875 0.02578125 0.03125 0.03984375
0 0.27734375 0.02421875 0.0296875 0.03984375
0 0.81953125 0.05703125 0.0328125 0.03984375
0 0.5953125 0.21875 0.034375 0.04609375
0 0.39453125 0.378125 0.03125 0.04765625
0 0.703125 0.79375 0.03125 0.04375
0 0.80703125 0.95390625 0.0296875 0.02890625
0 0.7640625 0.74453125 0.0359375 0.05
0 0.13984375 0.53984375 0.028125 0.0375
0 0.4921875 0.734375 0.034375 0.05625
0 0.471875 0.51015625 0.034375 0.05625
0 0.33125 0.02578125 0.03125 0.04765625
0 0.64375 0.31484375 0.034375 0.02890625
2 0.6515625 0.47890625 0.0375 0.04140625
0 0.6296875 0.30390625 0.028125 0.0375
0 0.33515625 0.63046875 0.0390625 0.05234375
0 0.5625 0.378125 0.034375 0.05234375
2 0.2625 0.665625 0.0140625 0.01875
2 0.2796875 0.634375 0.0140625 0.01640625