0 0.11484375 0.375 0.03125 0.03125
0 0.18828125 0.60234375 0.0296875 0.04140625
0 0.28203125 0.54296875 0.0375 0.05390625
0 0.378125 0.428125 0.03125 0.03984375
0 0.58046875 0.44765625 0.028125 0.03515625
0 0.58828125 0.484375 0.021875 0.03359375
0 0.1125 0.06640625 0.0328125 0.05234375
0 0.84375 0.403125 0.0265625 0.04765625
0 0.778125 0.83984375 0.0296875 0.0375
0 0.85546875 0.55859375 0.0234375 0.04140625
0 0.93359375 0.62578125 0.03125 0.03515625
0 0.64765625 0.496875 0.0265625 0.03515625
0 0.5453125 0.58828125 0.0328125 0.03515625
0 0.59921875 0.71171875 0.0265625 0.03515625
0 0.7265625 0.328125 0.03125 0.04375
0 0.4109375 0.18671875 0.025 0.02890625
0 0.396875 0.21015625 0.021875 0.03359375
0 0.2359375 0.03046875 0.034375 0.04140625
0 0.2859375 0.04921875 0.025 0.03984375
0 0.81796875 0.078125 0.0328125 0.03984375
0 0.5984375 0.22421875 0.034375 0.04609375
0 0.39296875 0.37734375 0.03125 0.04765625
0 0.6984375 0.84921875 0.03125 0.04375
0 0.80703125 0.96640625 0.0296875 0.02890625
0 0.76484375 0.753125 0.0359375 0.05
0 0.140625 0.55859375 0.028125 0.0375
0 0.47109375 0.721875 0.034375 0.05625
0 0.47578125 0.52109375 0.034375 0.05625
0 0.33203125 0.028125 0.03125 0.04765625
0 0.08515625 0.10703125 0.0328125 0.03515625
0 0.64765625 0.32109375 0.0359375 0.03125
2 0.6609375 0.48984375 0.0375 0.04140625
0 0.6296875 0.30390625 0.028125 0.0375
0 0.33515625 0.63046875 0.0390625 0.05234375
0 0.5625 0.378125 0.034375 0.05234375
2 0.265625 0.68046875 0.0140625 0.01875
2 0.28046875 0.65078125 0.0140625 0.01640625