0 0.10390625 0.35 0.03125 0.03125
0 0.18515625 0.58984375 0.0265625 0.04375
0 0.38515625 0.55078125 0.0359375 0.04609375
0 0.4375 0.425 0.034375 0.03984375
0 0.58046875 0.44765625 0.0296875 0.0375
0 0.58359375 0.478125 0.0234375 0.03515625
0 0.1125 0.06328125 0.0328125 0.05234375
0 0.82578125 0.5375 0.0234375 0.04140625
0 0.54765625 0.584375 0.0328125 0.03515625
0 0.60078125 0.71328125 0.0296875 0.03984375
0 0.72890625 0.32578125 0.0359375 0.04765625
0 0.409375 0.18125 0.025 0.02890625
0 0.3953125 0.2125 0.025 0.0375
0 0.2265625 0.02421875 0.0328125 0.04140625
0 0.275 0.01796875 0.0296875 0.03125
0 0.8171875 0.04609375 0.0328125 0.03984375
0 0.5953125 0.21875 0.034375 0.04609375
0 0.3953125 0.378125 0.03125 0.04765625
0 0.6828125 0.76796875 0.0328125 0.04375
0 0.8078125 0.953125 0.03125 0.03359375
0 0.7640625 0.73984375 0.0359375 0.05
0 0.13984375 0.53203125 0.028125 0.0375
0 0.50078125 0.71015625 0.04375 0.05625
0 0.46953125 0.50546875 0.034375 0.05625
0 0.33359375 0.021875 0.0265625 0.03984375
0 0.64375 0.31328125 0.0359375 0.03125
0 0.7796875 0.35 0.03125 0.04140625
0 0.39453125 0.07734375 0.03125 0.0375
2 0.6515625 0.47890625 0.0375 0.04140625
0 0.6296875 0.30390625 0.028125 0.0375
0 0.33515625 0.63046875 0.0390625 0.05234375
0 0.5625 0.378125 0.034375 0.05234375
2 0.2640625 0.66484375 0.015625 0.02109375
2 0.278125 0.62890625 0.015625 0.01640625