0 0.115625 0.38125 0.03125 0.03125
0 0.18984375 0.60234375 0.0265625 0.04140625
0 0.2453125 0.540625 0.0359375 0.04609375
0 0.365625 0.41953125 0.0296875 0.03984375
0 0.58125 0.44921875 0.025 0.02890625
0 0.590625 0.4875 0.0203125 0.03125
0 0.1109375 0.06640625 0.0328125 0.05234375
0 0.7578125 0.24765625 0.0265625 0.04765625
0 0.80234375 0.628125 0.0296875 0.0375
0 0.84453125 0.54453125 0.0234375 0.04140625
0 0.89921875 0.64296875 0.028125 0.0375
0 0.52109375 0.57578125 0.0265625 0.03515625
0 0.54140625 0.58828125 0.0296875 0.02734375
0 0.59921875 0.71171875 0.0265625 0.03515625
0 0.725 0.32578125 0.028125 0.03984375
0 0.41171875 0.18671875 0.0234375 0.02734375
0 0.39609375 0.209375 0.0203125 0.03125
0 0.23203125 0.03515625 0.0265625 0.0375
0 0.29140625 0.053125 0.025 0.03984375
0 0.8171875 0.08515625 0.03125 0.03984375
0 0.5984375 0.23515625 0.034375 0.04609375
0 0.39296875 0.37578125 0.03125 0.04765625
0 0.6890625 0.85625 0.028125 0.0375
0 0.809375 0.97421875 0.028125 0.02734375
0 0.7640625 0.76015625 0.0359375 0.05
0 0.140625 0.56484375 0.025 0.03359375
0 0.4625 0.69453125 0.034375 0.05625
0 0.47578125 0.52421875 0.034375 0.05625
0 0.3328125 0.02890625 0.03125 0.04765625
0 0.0625 0.15546875 0.0203125 0.02890625
0 0.64765625 0.32265625 0.0359375 0.03125
2 0.665625 0.49453125 0.0375 0.04140625
0 0.6296875 0.30390625 0.028125 0.0375
0 0.33515625 0.63046875 0.0390625 0.05234375
0 0.5625 0.378125 0.034375 0.05234375
2 0.26640625 0.684375 0.0140625 0.01875
2 0.28046875 0.65703125 0.0140625 0.01640625