0 0.115625 0.37734375 0.03125 0.03125
0 0.18828125 0.60546875 0.0296875 0.04140625
0 0.27578125 0.565625 0.034375 0.04765625
0 0.38671875 0.43359375 0.0296875 0.03984375
0 0.58046875 0.44921875 0.028125 0.03359375
0 0.5890625 0.48515625 0.021875 0.03359375
0 0.11171875 0.06640625 0.0328125 0.05234375
0 0.8109375 0.34453125 0.0265625 0.04765625
0 0.77734375 0.76484375 0.0296875 0.0375
0 0.85234375 0.55703125 0.0234375 0.04140625
0 0.9171875 0.61015625 0.0296875 0.03359375
0 0.59921875 0.45234375 0.0265625 0.03515625
0 0.540625 0.58515625 0.03125 0.03359375
0 0.59921875 0.71171875 0.0265625 0.03515625
0 0.72578125 0.32734375 0.0296875 0.04140625
0 0.4109375 0.18671875 0.025 0.02734375
0 0.396875 0.21015625 0.021875 0.03359375
0 0.2359375 0.03203125 0.034375 0.04140625
0 0.28671875 0.05234375 0.025 0.03984375
0 0.81796875 0.08125 0.0328125 0.03984375
0 0.5984375 0.23046875 0.034375 0.04609375
0 0.39296875 0.37734375 0.03125 0.04765625
0 0.69453125 0.83671875 0.0296875 0.04140625
0 0.80703125 0.96953125 0.0296875 0.02890625
0 0.7640625 0.75546875 0.0359375 0.05
0 0.14140625 0.56171875 0.028125 0.0375
0 0.46796875 0.71171875 0.034375 0.05625
0 0.47578125 0.521875 0.034375 0.05625
0 0.33203125 0.02890625 0.03125 0.04765625
0 0.084375 0.11640625 0.0328125 0.03515625
0 0.64765625 0.321875 0.0359375 0.03125
2 0.6625 0.49140625 0.0375 0.04140625
0 0.6296875 0.30390625 0.028125 0.0375
0 0.33515625 0.63046875 0.0390625 0.05234375
0 0.5625 0.378125 0.034375 0.05234375
2 0.26640625 0.68203125 0.0140625 0.01875
2 0.28046875 0.65390625 0.0140625 0.01640625