0 0.11015625 0.36640625 0.03125 0.03125
0 0.18671875 0.59296875 0.028125 0.04765625
0 0.3390625 0.54140625 0.0375 0.04609375
0 0.40703125 0.425 0.034375 0.03984375
0 0.58046875 0.44765625 0.0296875 0.0375
0 0.58515625 0.48046875 0.0234375 0.03515625
0 0.1125 0.06484375 0.0328125 0.05234375
0 0.98515625 0.57421875 0.0296875 0.04765625
0 0.85390625 0.55 0.0234375 0.04140625
0 0.84296875 0.50625 0.0328125 0.03984375
0 0.546875 0.5875 0.0328125 0.03515625
0 0.6 0.71171875 0.028125 0.0375
0 0.72890625 0.32578125 0.0359375 0.04765625
0 0.41171875 0.18828125 0.0265625 0.03515625
0 0.39609375 0.21171875 0.0234375 0.03515625
0 0.23046875 0.03046875 0.0328125 0.03984375
0 0.28125 0.03359375 0.0296875 0.03984375
0 0.81875 0.06640625 0.0328125 0.03984375
0 0.596875 0.22109375 0.034375 0.04609375
0 0.39375 0.37734375 0.03125 0.04765625
0 0.71484375 0.77421875 0.03125 0.04375
0 0.8078125 0.95625 0.0328125 0.03125
0 0.7640625 0.74765625 0.0359375 0.05
0 0.13984375 0.546875 0.028125 0.0375
0 0.48359375 0.72734375 0.034375 0.05625
0 0.4734375 0.51796875 0.034375 0.05625
0 0.33203125 0.02734375 0.03125 0.04765625
0 0.10625 0.025 0.0328125 0.03515625
0 0.6453125 0.31640625 0.0359375 0.03125
2 0.65390625 0.48203125 0.0375 0.04140625
0 0.6296875 0.30390625 0.028125 0.0375
0 0.33515625 0.63046875 0.0390625 0.05234375
0 0.5625 0.378125 0.034375 0.05234375
2 0.26171875 0.66875 0.0140625 0.01875
2 0.28046875 0.63984375 0.0140625 0.01640625