0 0.115625 0.37578125 0.03125 0.03125
0 0.18828125 0.60390625 0.0296875 0.04140625
0 0.28671875 0.57109375 0.0390625 0.04609375
0 0.384375 0.42890625 0.0296875 0.03984375
0 0.58046875 0.44765625 0.028125 0.03515625
0 0.5890625 0.48515625 0.021875 0.03359375
0 0.11171875 0.06640625 0.0328125 0.05234375
0 0.82578125 0.36796875 0.0265625 0.04765625
0 0.77109375 0.79765625 0.0296875 0.0375
0 0.85390625 0.55703125 0.0234375 0.04140625
0 0.9171875 0.6125 0.03125 0.03515625
0 0.61171875 0.41640625 0.0265625 0.03515625
0 0.5421875 0.58671875 0.0328125 0.03515625
0 0.59921875 0.71171875 0.0265625 0.03515625
0 0.72578125 0.328125 0.0296875 0.04375
0 0.4109375 0.18671875 0.025 0.02734375
0 0.396875 0.21015625 0.021875 0.03359375
0 0.2359375 0.03125 0.034375 0.04140625
0 0.28671875 0.05078125 0.025 0.03984375
0 0.81796875 0.08046875 0.0328125 0.03984375
0 0.5984375 0.22734375 0.034375 0.04609375
0 0.39296875 0.37734375 0.03125 0.04765625
0 0.6953125 0.83203125 0.03125 0.04375
0 0.80703125 0.96875 0.0296875 0.02890625
0 0.7640625 0.75390625 0.0359375 0.05
0 0.14140625 0.56015625 0.028125 0.0375
0 0.46953125 0.715625 0.034375 0.05625
0 0.47578125 0.52109375 0.034375 0.05625
0 0.33203125 0.028125 0.03125 0.04765625
0 0.08671875 0.1125 0.0328125 0.03515625
0 0.64765625 0.321875 0.0359375 0.03125
2 0.6625 0.490625 0.0375 0.04140625
0 0.6296875 0.30390625 0.028125 0.0375
0 0.33515625 0.63046875 0.0390625 0.05234375
0 0.5625 0.378125 0.034375 0.05234375
2 0.26640625 0.68125 0.0140625 0.01875
2 0.28046875 0.653125 0.0140625 0.01640625