0 0.03046875 0.19921875 0.034375 0.04140625
0 0.35 0.63671875 0.0296875 0.06015625
0 0.06640625 0.85078125 0.0375 0.04140625
0 0.4265625 0.43515625 0.028125 0.04765625
0 0.69609375 0.846875 0.0375 0.04765625
0 0.4234375 0.759375 0.025 0.04609375
0 0.46953125 0.153125 0.028125 0.0375
0 0.6109375 0.25859375 0.025 0.02890625
0 0.9015625 0.39453125 0.0296875 0.03984375
0 0.74765625 0.18046875 0.0203125 0.03125
0 0.765625 0.29375 0.0234375 0.03359375
0 0.95 0.334375 0.021875 0.03125
0 0.5125 0.64765625 0.025 0.03359375
0 0.815625 0.528125 0.025 0.03359375
0 0.634375 0.62421875 0.01875 0.02734375
0 0.93828125 0.54140625 0.0234375 0.03359375
0 0.90234375 0.70546875 0.03125 0.03125
0 0.81171875 0.01484375 0.0265625 0.02890625
0 0.65 0.81875 0.03125 0.04140625
0 0.79453125 0.709375 0.0296875 0.03125
0 0.34375 0.45546875 0.0328125 0.04375
0 0.99375 0.33203125 0.0125 0.03515625
0 0.67421875 0.1625 0.0296875 0.03984375
0 0.678125 0.16796875 0.01875 0.03984375
0 0.85703125 0.36015625 0.028125 0.04375
2 0.96484375 0.81640625 0.0328125 0.04609375
0 0.596875 0.71171875 0.03125 0.03984375