0 0.02734375 0.190625 0.034375 0.04140625
0 0.35 0.63359375 0.0296875 0.06015625
0 0.065625 0.85234375 0.0375 0.04140625
0 0.4265625 0.434375 0.0265625 0.04765625
0 0.6875 0.89140625 0.0296875 0.04609375
0 0.41953125 0.746875 0.025 0.04609375
0 0.4640625 0.13359375 0.028125 0.0375
0 0.6109375 0.25859375 0.025 0.02890625
0 0.646875 0.15078125 0.034375 0.04375
0 0.7390625 0.16875 0.021875 0.04140625
0 0.7671875 0.28828125 0.0234375 0.03359375
0 0.94765625 0.32421875 0.021875 0.03125
0 0.5125 0.64765625 0.025 0.03359375
0 0.721875 0.384375 0.025 0.03359375
0 0.625 0.60234375 0.01875 0.02890625
0 0.93671875 0.534375 0.0234375 0.03359375
0 0.9015625 0.70390625 0.03125 0.03125
0 0.65 0.80703125 0.0296875 0.0375
0 0.928125 0.55859375 0.0296875 0.03125
0 0.44453125 0.62265625 0.0328125 0.04375
0 0.9921875 0.31640625 0.0140625 0.03515625
0 0.6625 0.17109375 0.028125 0.03515625
0 0.67578125 0.17109375 0.021875 0.04375
0 0.8671875 0.35859375 0.0296875 0.04140625
2 0.96484375 0.81640625 0.0328125 0.04609375
0 0.5875 0.703125 0.03125 0.03984375