0 0.03125 0.2 0.034375 0.04140625
0 0.34921875 0.63671875 0.0296875 0.06015625
0 0.0671875 0.85 0.0375 0.04140625
0 0.4265625 0.43671875 0.028125 0.04765625
0 0.70703125 0.82109375 0.0375 0.04765625
0 0.4234375 0.76328125 0.025 0.04609375
0 0.471875 0.15859375 0.028125 0.0375
0 0.6109375 0.25859375 0.025 0.02890625
0 0.93515625 0.440625 0.0296875 0.03984375
0 0.75 0.184375 0.0203125 0.03359375
0 0.765625 0.29375 0.0234375 0.03359375
0 0.95 0.3375 0.021875 0.03125
0 0.5125 0.64765625 0.025 0.03359375
0 0.8796875 0.5125 0.028125 0.03515625
0 0.63515625 0.62734375 0.021875 0.02890625
0 0.93828125 0.54375 0.0234375 0.03359375
0 0.90234375 0.70546875 0.03125 0.03125
0 0.81171875 0.00625 0.0265625 0.0125
0 0.65546875 0.81953125 0.0265625 0.03984375
0 0.75859375 0.74375 0.0296875 0.03125
0 0.31640625 0.425 0.0328125 0.04375
0 0.99453125 0.33359375 0.0109375 0.03359375
0 0.67421875 0.1625 0.0296875 0.03984375
0 0.67890625 0.16640625 0.01875 0.03984375
0 0.86015625 0.36484375 0.028125 0.04375
2 0.96484375 0.81640625 0.0328125 0.04609375
0 0.59765625 0.71484375 0.03125 0.03984375