0 0.11953125 0.38515625 0.03125 0.03125
0 0.19296875 0.60546875 0.021875 0.04140625
0 0.2421875 0.56484375 0.028125 0.03515625
0 0.35625 0.43828125 0.0234375 0.03359375
0 0.58125 0.45 0.021875 0.025
0 0.59296875 0.490625 0.0203125 0.03125
0 0.11015625 0.06796875 0.0328125 0.05234375
0 0.7 0.11484375 0.0265625 0.05
0 0.85859375 0.43984375 0.0296875 0.0375
0 0.84453125 0.553125 0.01875 0.03515625
0 0.88828125 0.571875 0.025 0.03125
0 0.51328125 0.54765625 0.028125 0.02734375
0 0.54609375 0.58046875 0.028125 0.025
0 0.60078125 0.71328125 0.0234375 0.03125
0 0.72578125 0.32578125 0.028125 0.0375
0 0.4125 0.18515625 0.021875 0.025
0 0.39453125 0.20703125 0.0171875 0.02734375
0 0.2390625 0.03515625 0.0265625 0.0375
0 0.2921875 0.06328125 0.025 0.03984375
0 0.815625 0.08828125 0.0265625 0.03984375
0 0.5984375 0.23828125 0.034375 0.04609375
0 0.3921875 0.37578125 0.03125 0.04765625
0 0.6875 0.85859375 0.028125 0.0375
0 0.81171875 0.97734375 0.028125 0.02734375
0 0.76328125 0.765625 0.0359375 0.05
0 0.1328125 0.57109375 0.0234375 0.03125
0 0.46484375 0.67265625 0.034375 0.05625
0 0.475 0.52578125 0.034375 0.05625
0 0.3328125 0.03046875 0.03125 0.04765625
0 0.01640625 0.21484375 0.0171875 0.02890625
0 0.6484375 0.325 0.034375 0.02890625
2 0.66953125 0.49921875 0.0375 0.04140625
0 0.6296875 0.30390625 0.028125 0.0375
0 0.33515625 0.63046875 0.0390625 0.05234375
0 0.5625 0.378125 0.034375 0.05234375
2 0.26796875 0.69140625 0.0140625 0.01875
2 0.28046875 0.66171875 0.0140625 0.01640625