0 0.1125 0.36953125 0.03125 0.03125
0 0.1875 0.59453125 0.0296875 0.05
0 0.31875 0.53359375 0.0359375 0.04609375
0 0.39296875 0.41796875 0.034375 0.03984375
0 0.58046875 0.44765625 0.0296875 0.0375
0 0.5859375 0.48125 0.021875 0.03359375
0 0.11328125 0.065625 0.0328125 0.05234375
0 0.94296875 0.525 0.0296875 0.04765625
0 0.746875 0.97578125 0.0234375 0.03515625
0 0.85546875 0.55390625 0.0234375 0.04140625
0 0.79375 0.66875 0.028125 0.03515625
0 0.54609375 0.5875 0.0328125 0.03515625
0 0.6 0.71171875 0.028125 0.0375
0 0.7296875 0.32734375 0.034375 0.04609375
0 0.41171875 0.1875 0.0265625 0.03359375
0 0.396875 0.21015625 0.021875 0.03359375
0 0.23515625 0.02578125 0.0328125 0.03984375
0 0.28359375 0.03671875 0.03125 0.04140625
0 0.81953125 0.071875 0.0328125 0.03984375
0 0.59765625 0.221875 0.034375 0.04609375
0 0.39375 0.37734375 0.03125 0.04765625
0 0.709375 0.80390625 0.03125 0.04375
0 0.80625 0.95625 0.03125 0.02890625
0 0.76484375 0.74921875 0.0359375 0.05
0 0.13984375 0.55078125 0.028125 0.0375
0 0.478125 0.728125 0.034375 0.05625
0 0.4765625 0.51796875 0.034375 0.05625
0 0.33203125 0.02734375 0.03125 0.04765625
0 0.10234375 0.05859375 0.0328125 0.03515625
0 0.646875 0.31875 0.0375 0.03359375
2 0.65625 0.484375 0.0375 0.04140625
0 0.6296875 0.30390625 0.028125 0.0375
0 0.33515625 0.63046875 0.0390625 0.05234375
0 0.5625 0.378125 0.034375 0.05234375
2 0.26328125 0.67265625 0.0140625 0.01875
2 0.28046875 0.64296875 0.0140625 0.01640625