0 0.0328125 0.20625 0.034375 0.04140625
0 0.3484375 0.63984375 0.0296875 0.06015625
0 0.06640625 0.85078125 0.0375 0.04140625
0 0.42734375 0.43671875 0.03125 0.05
0 0.759375 0.77734375 0.0375 0.04765625
0 0.4234375 0.76953125 0.025 0.04375
0 0.48125 0.175 0.028125 0.0375
0 0.6109375 0.25859375 0.025 0.02890625
0 0.8796875 0.43125 0.03125 0.0375
0 0.75625 0.19921875 0.0203125 0.03359375
0 0.7671875 0.29140625 0.021875 0.02890625
0 0.7109375 0.05078125 0.03125 0.0375
0 0.9515625 0.34375 0.021875 0.03125
0 0.5125 0.64765625 0.025 0.03359375
0 0.7890625 0.56953125 0.0265625 0.03359375
0 0.6421875 0.640625 0.01875 0.02734375
0 0.94296875 0.55390625 0.0234375 0.03359375
0 0.903125 0.70625 0.03125 0.03125
0 0.82578125 0.93515625 0.0265625 0.03515625
0 0.5671875 0.009375 0.0265625 0.01640625
0 0.81171875 0.009375 0.0265625 0.01875
0 0.6671875 0.81875 0.0234375 0.04140625
0 0.6484375 0.86640625 0.0296875 0.03125
0 0.23203125 0.25390625 0.03125 0.0375
0 0.67421875 0.16328125 0.0296875 0.03984375
0 0.68125 0.16328125 0.015625 0.03515625
0 0.86875 0.37734375 0.0296875 0.04375
2 0.96484375 0.81640625 0.0328125 0.04609375
0 0.60546875 0.725 0.03125 0.03984375