0 0.0265625 0.18984375 0.034375 0.04140625
0 0.35 0.63359375 0.0296875 0.06015625
0 0.065625 0.85234375 0.0375 0.04140625
0 0.42578125 0.43359375 0.0265625 0.04765625
0 0.684375 0.89375 0.0296875 0.04609375
0 0.41875 0.74609375 0.025 0.04609375
0 0.46328125 0.13203125 0.028125 0.0375
0 0.6109375 0.25859375 0.025 0.02890625
0 0.63515625 0.140625 0.034375 0.04375
0 0.7375 0.165625 0.021875 0.04140625
0 0.76640625 0.28984375 0.021875 0.03359375
0 0.946875 0.32421875 0.021875 0.03125
0 0.5125 0.64765625 0.025 0.03359375
0 0.71953125 0.375 0.025 0.03359375
0 0.62421875 0.60078125 0.0203125 0.02890625
0 0.93671875 0.534375 0.0234375 0.03359375
0 0.9015625 0.70390625 0.03125 0.03125
0 0.64921875 0.80625 0.0296875 0.0375
0 0.9359375 0.55 0.0296875 0.03125
0 0.45234375 0.63125 0.0328125 0.04375
0 0.9921875 0.31640625 0.0140625 0.03515625
0 0.6609375 0.171875 0.028125 0.03515625
0 0.67578125 0.17109375 0.021875 0.04375
0 0.8671875 0.35703125 0.0296875 0.04140625
2 0.96484375 0.81640625 0.0328125 0.04609375
0 0.58671875 0.70078125 0.03125 0.03984375