0 0.034375 0.2125 0.034375 0.04140625
0 0.346875 0.640625 0.0296875 0.06015625
0 0.06484375 0.853125 0.0375 0.04140625
0 0.42734375 0.4375 0.034375 0.05234375
0 0.771875 0.73671875 0.0375 0.04765625
0 0.4265625 0.77734375 0.025 0.04609375
0 0.4859375 0.1875 0.028125 0.0375
0 0.6109375 0.25859375 0.025 0.02890625
0 0.73671875 0.23671875 0.03125 0.03359375
0 0.7609375 0.20625 0.0203125 0.03359375
0 0.76484375 0.29375 0.0234375 0.03125
0 0.7296875 0.26484375 0.03125 0.0375
0 0.953125 0.35 0.021875 0.03125
0 0.5125 0.64765625 0.025 0.03359375
0 0.6921875 0.628125 0.0265625 0.03359375
0 0.64921875 0.65234375 0.015625 0.02734375
0 0.946875 0.56015625 0.0234375 0.03359375
0 0.90390625 0.70625 0.03125 0.03125
0 0.78046875 0.821875 0.0265625 0.02890625
0 0.56875 0.01484375 0.0265625 0.02734375
0 0.81171875 0.0125 0.0265625 0.025
0 0.6734375 0.83125 0.028125 0.04375
0 0.9921875 0.984375 0.015625 0.03125
0 0.18203125 0.06875 0.03125 0.0375
0 0.67421875 0.16484375 0.0296875 0.03984375
0 0.6828125 0.16171875 0.0140625 0.03359375
0 0.871875 0.378125 0.0328125 0.04375
2 0.96484375 0.81640625 0.0328125 0.04609375
0 0.609375 0.734375 0.03125 0.03984375