0 0.0265625 0.18828125 0.034375 0.04140625
0 0.35 0.63359375 0.0296875 0.06015625
0 0.065625 0.85234375 0.0375 0.04140625
0 0.42578125 0.43359375 0.028125 0.04765625
0 0.68203125 0.89375 0.0296875 0.04609375
0 0.41796875 0.74453125 0.0265625 0.04609375
0 0.4625 0.13125 0.028125 0.0375
0 0.6109375 0.25859375 0.025 0.02890625
0 0.61796875 0.12421875 0.0375 0.04609375
0 0.73515625 0.159375 0.021875 0.04140625
0 0.765625 0.290625 0.021875 0.03359375
0 0.946875 0.32265625 0.021875 0.03125
0 0.5125 0.64765625 0.025 0.03359375
0 0.715625 0.35390625 0.025 0.03359375
0 0.6234375 0.6 0.0203125 0.02890625
0 0.93671875 0.534375 0.0234375 0.03359375
0 0.9015625 0.70390625 0.03125 0.03125
0 0.6484375 0.80546875 0.0296875 0.0375
0 0.9484375 0.5375 0.0296875 0.03125
0 0.46015625 0.64140625 0.0328125 0.04375
0 0.9921875 0.315625 0.0140625 0.03515625
0 0.65859375 0.17421875 0.028125 0.03359375
0 0.675 0.171875 0.021875 0.04375
0 0.8671875 0.35625 0.0296875 0.04140625
2 0.96484375 0.81640625 0.0328125 0.04609375
0 0.5859375 0.69921875 0.03125 0.03984375