0 0.034375 0.215625 0.034375 0.04140625
0 0.346875 0.64140625 0.0296875 0.06015625
0 0.06484375 0.853125 0.0375 0.04140625
0 0.42734375 0.4375 0.034375 0.05390625
0 0.77890625 0.70546875 0.0375 0.04765625
0 0.4265625 0.77734375 0.025 0.04609375
0 0.4859375 0.19140625 0.028125 0.0375
0 0.6109375 0.25859375 0.025 0.02890625
0 0.64765625 0.22890625 0.03125 0.03359375
0 0.759375 0.20859375 0.01875 0.03125
0 0.76484375 0.29296875 0.0234375 0.02890625
0 0.7703125 0.29921875 0.03125 0.0375
0 0.953125 0.35078125 0.021875 0.03125
0 0.5125 0.64765625 0.025 0.03359375
0 0.68046875 0.65390625 0.01875 0.03515625
0 0.64921875 0.65390625 0.01875 0.03125
0 0.946875 0.56328125 0.0234375 0.03359375
0 0.9046875 0.70703125 0.03125 0.03125
0 0.77890625 0.81640625 0.0265625 0.02890625
0 0.56875 0.01640625 0.0265625 0.03125
0 0.81171875 0.01328125 0.0265625 0.0265625
0 0.671875 0.834375 0.025 0.03359375
0 0.159375 0.01640625 0.028125 0.02734375
0 0.67421875 0.165625 0.0296875 0.03984375
0 0.68359375 0.16015625 0.0140625 0.03359375
0 0.871875 0.38125 0.0328125 0.04375
2 0.96484375 0.81640625 0.0328125 0.04609375
0 0.61015625 0.73828125 0.03125 0.03984375