0 0.1140625 0.37265625 0.03125 0.03125
0 0.18828125 0.596875 0.0296875 0.05234375
0 0.3078125 0.54375 0.0359375 0.04609375
0 0.3875 0.43203125 0.034375 0.03984375
0 0.58046875 0.44765625 0.0296875 0.0375
0 0.5875 0.48359375 0.021875 0.03359375
0 0.1125 0.065625 0.0328125 0.05234375
0 0.8796875 0.45390625 0.0296875 0.04765625
0 0.77109375 0.91953125 0.0296875 0.0375
0 0.85703125 0.55703125 0.0234375 0.04140625
0 0.975 0.640625 0.0328125 0.03515625
0 0.71484375 0.58125 0.0296875 0.03984375
0 0.54609375 0.58828125 0.0328125 0.03515625
0 0.59921875 0.71171875 0.0265625 0.0375
0 0.72734375 0.325 0.03125 0.04375
0 0.4109375 0.1875 0.025 0.02890625
0 0.396875 0.21015625 0.021875 0.03359375
0 0.2359375 0.02890625 0.034375 0.04140625
0 0.28515625 0.040625 0.0296875 0.03984375
0 0.81875 0.07578125 0.0328125 0.03984375
0 0.5984375 0.22265625 0.034375 0.04609375
0 0.39375 0.37734375 0.03125 0.04765625
0 0.71640625 0.83828125 0.03125 0.04375
0 0.80625 0.9625 0.0296875 0.02890625
0 0.76484375 0.75078125 0.0359375 0.05
0 0.140625 0.55625 0.028125 0.0375
0 0.4734375 0.725 0.034375 0.05625
0 0.4765625 0.51953125 0.034375 0.05625
0 0.33203125 0.028125 0.03125 0.04765625
0 0.09296875 0.07890625 0.0328125 0.03515625
0 0.646875 0.31953125 0.0375 0.03359375
2 0.659375 0.4875 0.0375 0.04140625
0 0.6296875 0.30390625 0.028125 0.0375
0 0.33515625 0.63046875 0.0390625 0.05234375
0 0.5625 0.378125 0.034375 0.05234375
2 0.26484375 0.678125 0.0140625 0.01875
2 0.28046875 0.646875 0.0140625 0.01640625