0 0.03125 0.20234375 0.034375 0.04140625
0 0.34921875 0.6375 0.0296875 0.06015625
0 0.0671875 0.85 0.0375 0.04140625
0 0.4265625 0.43671875 0.0296875 0.04765625
0 0.72109375 0.81015625 0.0375 0.04375
0 0.4234375 0.76484375 0.025 0.04609375
0 0.47421875 0.16328125 0.028125 0.0375
0 0.6109375 0.25859375 0.025 0.02890625
0 0.9921875 0.471875 0.015625 0.0375
0 0.75234375 0.18984375 0.0203125 0.03359375
0 0.76640625 0.29296875 0.021875 0.03125
0 0.95 0.33984375 0.021875 0.03125
0 0.5125 0.64765625 0.025 0.03359375
0 0.8796875 0.51796875 0.0265625 0.03359375
0 0.63671875 0.63046875 0.021875 0.02890625
0 0.9421875 0.55 0.0234375 0.03359375
0 0.903125 0.70546875 0.03125 0.03125
0 0.81171875 0.00703125 0.0265625 0.0140625
0 0.65859375 0.821875 0.0234375 0.03984375
0 0.728125 0.78359375 0.0296875 0.03125
0 0.278125 0.39609375 0.0328125 0.04375
0 0.9953125 0.334375 0.009375 0.03125
0 0.67421875 0.1625 0.0296875 0.03984375
0 0.67890625 0.16640625 0.0171875 0.0375
0 0.86484375 0.37109375 0.028125 0.04375
2 0.96484375 0.81640625 0.0328125 0.04609375
0 0.5984375 0.71953125 0.03125 0.03984375