0 0.034375 0.21328125 0.034375 0.04140625
0 0.346875 0.64140625 0.0296875 0.06015625
0 0.06484375 0.853125 0.0375 0.04140625
0 0.42734375 0.4375 0.034375 0.05234375
0 0.77265625 0.72890625 0.0375 0.04765625
0 0.4265625 0.77734375 0.025 0.04609375
0 0.4859375 0.18828125 0.028125 0.0375
0 0.6109375 0.25859375 0.025 0.02890625
0 0.72265625 0.23671875 0.03125 0.03359375
0 0.76015625 0.20625 0.0203125 0.03359375
0 0.76484375 0.29375 0.0234375 0.03125
0 0.734375 0.28125 0.03125 0.0375
0 0.953125 0.35 0.021875 0.03125
0 0.5125 0.64765625 0.025 0.03359375
0 0.6875 0.66171875 0.021875 0.03359375
0 0.65 0.653125 0.015625 0.02734375
0 0.946875 0.56171875 0.0234375 0.03359375
0 0.90390625 0.70703125 0.03125 0.03125
0 0.78046875 0.82265625 0.0265625 0.02890625
0 0.56875 0.015625 0.0265625 0.02734375
0 0.81171875 0.0125 0.0265625 0.025
0 0.67265625 0.83125 0.0265625 0.03984375
0 0.178125 0.05625 0.03125 0.0375
0 0.67421875 0.16484375 0.0296875 0.03984375
0 0.6828125 0.16171875 0.0140625 0.03359375
0 0.871875 0.378125 0.0328125 0.04375
2 0.96484375 0.81640625 0.0328125 0.04609375
0 0.609375 0.73515625 0.03125 0.03984375