0 0.10234375 0.34765625 0.03125 0.03125
0 0.18515625 0.58984375 0.0265625 0.04140625
0 0.390625 0.54921875 0.0359375 0.04609375
0 0.44765625 0.41875 0.034375 0.03984375
0 0.58046875 0.44765625 0.0296875 0.0375
0 0.58359375 0.478125 0.0234375 0.03515625
0 0.11328125 0.06484375 0.0328125 0.05234375
0 0.82734375 0.55234375 0.0234375 0.04140625
0 0.5484375 0.58359375 0.03125 0.03359375
0 0.60078125 0.7125 0.0296875 0.03984375
0 0.72890625 0.32578125 0.0359375 0.04765625
0 0.4078125 0.17890625 0.028125 0.03359375
0 0.3953125 0.2125 0.025 0.0375
0 0.225 0.02265625 0.03125 0.04375
0 0.2734375 0.01484375 0.0296875 0.02890625
0 0.81484375 0.04296875 0.0328125 0.03984375
0 0.5953125 0.21875 0.034375 0.04609375
0 0.3953125 0.378125 0.03125 0.04765625
0 0.6578125 0.790625 0.040625 0.05
0 0.80859375 0.953125 0.0328125 0.0375
0 0.76484375 0.73515625 0.0359375 0.05
0 0.13828125 0.53046875 0.028125 0.0375
0 0.50546875 0.70546875 0.04375 0.05625
0 0.46796875 0.503125 0.034375 0.05625
0 0.334375 0.02109375 0.025 0.0375
0 0.64375 0.3125 0.0375 0.03359375
0 0.725 0.2875 0.03125 0.04140625
0 0.51953125 0.10546875 0.034375 0.03359375
2 0.6515625 0.47890625 0.0375 0.04140625
0 0.6296875 0.30390625 0.028125 0.0375
0 0.33515625 0.63046875 0.0390625 0.05234375
0 0.5625 0.378125 0.034375 0.05234375
2 0.2640625 0.66484375 0.015625 0.02109375
2 0.278125 0.628125 0.015625 0.01640625