0 0.0296875 0.19453125 0.034375 0.04140625
0 0.35078125 0.634375 0.0296875 0.06015625
0 0.06640625 0.85078125 0.0375 0.04140625
0 0.4265625 0.43515625 0.025 0.04609375
0 0.69375 0.86640625 0.0296875 0.04609375
0 0.42265625 0.75078125 0.025 0.04609375
0 0.4640625 0.14140625 0.028125 0.0375
0 0.6109375 0.25859375 0.025 0.02890625
0 0.73515625 0.23515625 0.0296875 0.03984375
0 0.7453125 0.17734375 0.01875 0.03125
0 0.76484375 0.29453125 0.0234375 0.03515625
0 0.95 0.328125 0.021875 0.03125
0 0.5125 0.64765625 0.025 0.03359375
0 0.75625 0.44296875 0.0265625 0.03359375
0 0.62890625 0.6125 0.01875 0.02890625
0 0.93671875 0.53984375 0.0234375 0.03359375
0 0.9015625 0.70546875 0.03125 0.03125
0 0.65078125 0.8125 0.0296875 0.03984375
0 0.8734375 0.615625 0.0296875 0.03125
0 0.41015625 0.55859375 0.0328125 0.04375
0 0.99296875 0.321875 0.0140625 0.03515625
0 0.67421875 0.16171875 0.0296875 0.03984375
0 0.6765625 0.16953125 0.0203125 0.04140625
0 0.86875 0.36484375 0.0296875 0.04140625
2 0.96484375 0.81640625 0.0328125 0.04609375
0 0.5921875 0.70390625 0.03125 0.03984375