0 0.0296875 0.19453125 0.034375 0.04140625
0 0.35078125 0.634375 0.0296875 0.06015625
0 0.06640625 0.85078125 0.0375 0.04140625
0 0.4265625 0.43515625 0.025 0.04609375
0 0.6921875 0.86640625 0.0296875 0.04609375
0 0.42265625 0.75078125 0.025 0.04609375
0 0.4640625 0.14296875 0.028125 0.0375
0 0.6109375 0.25859375 0.025 0.02890625
0 0.74375 0.24375 0.0296875 0.03984375
0 0.7453125 0.17734375 0.01875 0.03125
0 0.76484375 0.29453125 0.0234375 0.03515625
0 0.95 0.328125 0.021875 0.03125
0 0.5125 0.64765625 0.025 0.03359375
0 0.76171875 0.45078125 0.0265625 0.03359375
0 0.6296875 0.61328125 0.0203125 0.02890625
0 0.93671875 0.53984375 0.0234375 0.03359375
0 0.9015625 0.70546875 0.03125 0.03125
0 0.65078125 0.8125 0.0296875 0.03984375
0 0.86796875 0.61953125 0.0296875 0.03125
0 0.40625 0.55078125 0.0328125 0.04375
0 0.99296875 0.32265625 0.0140625 0.03515625
0 0.67421875 0.16171875 0.0296875 0.03984375
0 0.6765625 0.16953125 0.0203125 0.04140625
0 0.86953125 0.365625 0.0296875 0.04140625
2 0.96484375 0.81640625 0.0328125 0.04609375
0 0.59296875 0.70390625 0.03125 0.03984375