0 0.10703125 0.35546875 0.03125 0.03125
0 0.1859375 0.58984375 0.028125 0.04609375
0 0.38671875 0.54375 0.0359375 0.04609375
0 0.42265625 0.4375 0.034375 0.03984375
0 0.58046875 0.44765625 0.0296875 0.0375
0 0.58359375 0.478125 0.0234375 0.03515625
0 0.11171875 0.0625 0.0328125 0.05234375
0 0.83359375 0.53984375 0.0234375 0.04140625
0 0.546875 0.58515625 0.0328125 0.03515625
0 0.6 0.7125 0.028125 0.03984375
0 0.72890625 0.32578125 0.0359375 0.04765625
0 0.41015625 0.184375 0.025 0.02890625
0 0.39609375 0.21171875 0.0234375 0.03515625
0 0.22890625 0.02421875 0.0328125 0.03984375
0 0.2765625 0.021875 0.0296875 0.0375
0 0.81875 0.05390625 0.0328125 0.03984375
0 0.5953125 0.21875 0.034375 0.04609375
0 0.39453125 0.378125 0.03125 0.04765625
0 0.6953125 0.79453125 0.03125 0.04375
0 0.8078125 0.953125 0.03125 0.03125
0 0.76328125 0.74375 0.0359375 0.05
0 0.13984375 0.5375 0.028125 0.0375
0 0.49296875 0.72578125 0.0375 0.05625
0 0.47109375 0.509375 0.034375 0.05625
0 0.33203125 0.025 0.0296875 0.04609375
0 0.64375 0.31328125 0.0359375 0.03125
0 0.96015625 0.403125 0.0265625 0.0375
2 0.6515625 0.47890625 0.0375 0.04140625
0 0.6296875 0.30390625 0.028125 0.0375
0 0.33515625 0.63046875 0.0390625 0.05234375
0 0.5625 0.378125 0.034375 0.05234375
2 0.2625 0.66484375 0.0140625 0.01875
2 0.27890625 0.63203125 0.015625 0.01640625