0 0.021875 0.17734375 0.034375 0.04140625
0 0.34765625 0.62890625 0.0296875 0.06015625
0 0.06484375 0.853125 0.0375 0.04140625
0 0.425 0.428125 0.0328125 0.05234375
0 0.65546875 0.94375 0.0296875 0.04375
0 0.41328125 0.73515625 0.0328125 0.05625
0 0.45625 0.10390625 0.028125 0.0375
0 0.6109375 0.25859375 0.025 0.02890625
0 0.73046875 0.14609375 0.0234375 0.0375
0 0.76484375 0.29140625 0.021875 0.03125
0 0.9421875 0.30625 0.0234375 0.03359375
0 0.5125 0.64765625 0.025 0.03359375
0 0.6421875 0.128125 0.0234375 0.03515625
0 0.615625 0.58359375 0.01875 0.02890625
0 0.928125 0.51953125 0.0234375 0.03359375
0 0.90078125 0.703125 0.03125 0.03125
0 0.6375 0.796875 0.0296875 0.04140625
0 0.5296875 0.79765625 0.0328125 0.04375
0 0.98984375 0.303125 0.015625 0.03515625
0 0.6609375 0.175 0.025 0.03359375
0 0.678125 0.16640625 0.021875 0.04375
0 0.86171875 0.34609375 0.0296875 0.04140625
2 0.96484375 0.81640625 0.0328125 0.04609375
0 0.578125 0.68203125 0.03125 0.03984375