0 0.1140625 0.37421875 0.03125 0.03125
0 0.18828125 0.59921875 0.0296875 0.04765625
0 0.30546875 0.54765625 0.034375 0.04765625
0 0.38359375 0.43046875 0.0328125 0.03984375
0 0.58046875 0.44765625 0.0296875 0.0375
0 0.58828125 0.484375 0.021875 0.03359375
0 0.1125 0.065625 0.0328125 0.05234375
0 0.865625 0.43125 0.0296875 0.04375
0 0.7671875 0.89609375 0.0296875 0.0375
0 0.85703125 0.55859375 0.0234375 0.04140625
0 0.96015625 0.63515625 0.0328125 0.03515625
0 0.68515625 0.546875 0.0265625 0.03515625
0 0.54609375 0.58828125 0.0328125 0.03515625
0 0.59921875 0.71171875 0.0265625 0.0375
0 0.7265625 0.32421875 0.03125 0.04375
0 0.4109375 0.1875 0.025 0.02890625
0 0.396875 0.21015625 0.021875 0.03359375
0 0.2359375 0.02890625 0.034375 0.04140625
0 0.28515625 0.04140625 0.0296875 0.03984375
0 0.81796875 0.07734375 0.0328125 0.03984375
0 0.5984375 0.22265625 0.034375 0.04609375
0 0.39375 0.37734375 0.03125 0.04765625
0 0.7125 0.84296875 0.03125 0.04375
0 0.80703125 0.96484375 0.0296875 0.02890625
0 0.76484375 0.75078125 0.0359375 0.05
0 0.140625 0.55703125 0.028125 0.0375
0 0.47265625 0.725 0.034375 0.05625
0 0.47578125 0.51953125 0.034375 0.05625
0 0.33203125 0.028125 0.03125 0.04765625
0 0.0890625 0.09140625 0.0328125 0.03515625
0 0.64765625 0.32109375 0.0359375 0.03125
2 0.66015625 0.48828125 0.0375 0.04140625
0 0.6296875 0.30390625 0.028125 0.0375
0 0.33515625 0.63046875 0.0390625 0.05234375
0 0.5625 0.378125 0.034375 0.05234375
2 0.265625 0.67890625 0.0140625 0.01875
2 0.28046875 0.64765625 0.0140625 0.01640625